
 10.00000000000 10.00000000000 10.00000000000 10.00000000000 10.00000000000 10.00000000000 10.00000000000 10.00000000000 10.00000000000 10.00000000000 10.00000000000 10.00000000000 10.00000000000 10.00000000000 10.00000000000 10.00000000000 10.00000000000 10.00000000000 10.00000000000 10.00000000000 10.00000000000 10.00000000000 10.00000000000 10.00000000000 10.00000000000 10.00000000000 10.00000000000 10.00000000000 10.00000000000 10.00000000000 10.00000000000 10.00000000000
 10.00000000000 10.00000000000 10.00000000000 10.00000000000 10.00000000000 10.00000000000 10.00000000000 10.00000000000 10.00000000000 10.00000000000 10.00000000000 10.00000000000 10.00000000000 10.00000000000 10.00000000000 10.00000000000 10.00000000000 10.00000000000 10.00000000000 10.00000000000 10.00000000000 10.00000000000 10.00000000000 10.00000000000 10.00000000000 10.00000000000 10.00000000000 10.00000000000 10.00000000000 10.00000000000 10.00000000000 10.00000000000
 10.00000000000 10.00000000000 10.00000000000 10.00000000000 10.00000000000 10.00000000000 10.00000000000 10.00000000000 10.00000000000 10.00000000000 10.00000000000 10.00000000000 10.00000000000 10.00000000000 10.00000000000 10.00000000000 10.00000000000 10.00000000000 10.00000000000 10.00000000000 10.00000000000 10.00000000000 10.00000000000 10.00000000000 10.00000000000 10.00000000000 10.00000000000 10.00000000000 10.00000000000 10.00000000000 10.00000000000 10.00000000000
 10.00000000000 10.00000000000 10.00000000000 10.00000000000 10.00000000000 10.00000000000 10.00000000000 10.00000000000 10.00000000000 10.00000000000 10.00000000000 10.00000000000 10.00000000000 10.00000000000 10.00000000000 10.00000000000 10.00000000000 10.00000000000 10.00000000000 10.00000000000 10.00000000000 10.00000000000 10.00000000000 10.00000000000 10.00000000000 10.00000000000 10.00000000000 10.00000000000 10.00000000000 10.00000000000 10.00000000000 10.00000000000
 10.00000000000 10.00000000000 10.00000000000 10.00000000000 10.00000000000 10.00000000000 10.00000000000 10.00000000000 10.00000000000 10.00000000000 10.00000000000 10.00000000000 10.00000000000 10.00000000000 10.00000000000 10.00000000000 10.00000000000 10.00000000000 10.00000000000 10.00000000000 10.00000000000 10.00000000000 10.00000000000 10.00000000000 10.00000000000 10.00000000000 10.00000000000 10.00000000000 10.00000000000 10.00000000000 10.00000000000 10.00000000000
 10.00000000000 10.00000000000 10.00000000000 10.00000000000 10.00000000000 10.00000000000 10.00000000000 10.00000000000 10.00000000000 10.00000000000 10.00000000000 10.00000000000 10.00000000000 10.00000000000 10.00000000000 10.00000000000 10.00000000000 10.00000000000 10.00000000000 10.00000000000 10.00000000000 10.00000000000 10.00000000000 10.00000000000 10.00000000000 10.00000000000 10.00000000000 10.00000000000 10.00000000000 10.00000000000 10.00000000000 10.00000000000
 10.00000000000 10.00000000000 10.00000000000 10.00000000000 10.00000000000 10.00000000000 10.00000000000 10.00000000000 10.00000000000 10.00000000000 10.00000000000 10.00000000000 10.00000000000 10.00000000000 10.00000000000 10.00000000000 10.00000000000 10.00000000000 10.00000000000 10.00000000000 10.00000000000 10.00000000000 10.00000000000 10.00000000000 10.00000000000 10.00000000000 10.00000000000 10.00000000000 10.00000000000 10.00000000000 10.00000000000 10.00000000000
 10.00000000000 10.00000000000 10.00000000000 10.00000000000 10.00000000000 10.00000000000 10.00000000000 10.00000000000 10.00000000000 10.00000000000 10.00000000000 10.00000000000 10.00000000000 10.00000000000 10.00000000000 10.00000000000 10.00000000000 10.00000000000 10.00000000000 10.00000000000 10.00000000000 10.00000000000 10.00000000000 10.00000000000 10.00000000000 10.00000000000 10.00000000000 10.00000000000 10.00000000000 10.00000000000 10.00000000000 10.00000000000
 10.00000000000 10.00000000000 10.00000000000 10.00000000000 10.00000000000 10.00000000000 10.00000000000 10.00000000000 10.00000000000 10.00000000000 10.00000000000 10.00000000000 10.00000000000 10.00000000000 10.00000000000 10.00000000000 10.00000000000 10.00000000000 10.00000000000 10.00000000000 10.00000000000 10.00000000000 10.00000000000 10.00000000000 10.00000000000 10.00000000000 10.00000000000 10.00000000000 10.00000000000 10.00000000000 10.00000000000 10.00000000000
 10.00000000000 10.00000000000 10.00000000000 10.00000000000 10.00000000000 10.00000000000 10.00000000000 10.00000000000 10.00000000000 10.00000000000 10.00000000000 10.00000000000 10.00000000000 10.00000000000 10.00000000000 10.00000000000 10.00000000000 10.00000000000 10.00000000000 10.00000000000 10.00000000000 10.00000000000 10.00000000000 10.00000000000 10.00000000000 10.00000000000 10.00000000000 10.00000000000 10.00000000000 10.00000000000 10.00000000000 10.00000000000
 10.00000000000 10.00000000000 10.00000000000 10.00000000000 10.00000000000 10.00000000000 10.00000000000 10.00000000000 10.00000000000 10.00000000000 10.00000000000 10.00000000000 10.00000000000 10.00000000000 10.00000000000 10.00000000000 10.00000000000 10.00000000000 10.00000000000 10.00000000000 10.00000000000 10.00000000000 10.00000000000 10.00000000000 10.00000000000 10.00000000000 10.00000000000 10.00000000000 10.00000000000 10.00000000000 10.00000000000 10.00000000000
 10.00000000000 10.00000000000 10.00000000000 10.00000000000 10.00000000000 10.00000000000 10.00000000000 10.00000000000 10.00000000000 10.00000000000 10.00000000000 10.00000000000 10.00000000000 10.00000000000 10.00000000000 10.00000000000 10.00000000000 10.00000000000 10.00000000000 10.00000000000 10.00000000000 10.00000000000 10.00000000000 10.00000000000 10.00000000000 10.00000000000 10.00000000000 10.00000000000 10.00000000000 10.00000000000 10.00000000000 10.00000000000
 10.00000000000 10.00000000000 10.00000000000 10.00000000000 10.00000000000 10.00000000000 10.00000000000 10.00000000000 10.00000000000 10.00000000000 10.00000000000 10.00000000000 10.00000000000 10.00000000000 10.00000000000 10.00000000000 10.00000000000 10.00000000000 10.00000000000 10.00000000000 10.00000000000 10.00000000000 10.00000000000 10.00000000000 10.00000000000 10.00000000000 10.00000000000 10.00000000000 10.00000000000 10.00000000000 10.00000000000 10.00000000000
 10.00000000000 10.00000000000 10.00000000000 10.00000000000 10.00000000000 10.00000000000 10.00000000000 10.00000000000 10.00000000000 10.00000000000 10.00000000000 10.00000000000 10.00000000000 10.00000000000 10.00000000000 10.00000000000 10.00000000000 10.00000000000 10.00000000000 10.00000000000 10.00000000000 10.00000000000 10.00000000000 10.00000000000 10.00000000000 10.00000000000 10.00000000000 10.00000000000 10.00000000000 10.00000000000 10.00000000000 10.00000000000
 10.00000000000 10.00000000000 10.00000000000 10.00000000000 10.00000000000 10.00000000000 10.00000000000 10.00000000000 10.00000000000 10.00000000000 10.00000000000 10.00000000000 10.00000000000 10.00000000000 10.00000000000 10.00000000000 10.00000000000 10.00000000000 10.00000000000 10.00000000000 10.00000000000 10.00000000000 10.00000000000 10.00000000000 10.00000000000 10.00000000000 10.00000000000 10.00000000000 10.00000000000 10.00000000000 10.00000000000 10.00000000000
 10.00000000000 10.00000000000 10.00000000000 10.00000000000 10.00000000000 10.00000000000 10.00000000000 10.00000000000 10.00000000000 10.00000000000 10.00000000000 10.00000000000 10.00000000000 10.00000000000 10.00000000000 10.00000000000 10.00000000000 10.00000000000 10.00000000000 10.00000000000 10.00000000000 10.00000000000 10.00000000000 10.00000000000 10.00000000000 10.00000000000 10.00000000000 10.00000000000 10.00000000000 10.00000000000 10.00000000000 10.00000000000
 10.00000000000 10.00000000000 10.00000000000 10.00000000000 10.00000000000 10.00000000000 10.00000000000 10.00000000000 10.00000000000 10.00000000000 10.00000000000 10.00000000000 10.00000000000 10.00000000000 10.00000000000 10.00000000000 10.00000000000 10.00000000000 10.00000000000 10.00000000000 10.00000000000 10.00000000000 10.00000000000 10.00000000000 10.00000000000 10.00000000000 10.00000000000 10.00000000000 10.00000000000 10.00000000000 10.00000000000 10.00000000000
 10.00000000000 10.00000000000 10.00000000000 10.00000000000 10.00000000000 10.00000000000 10.00000000000 10.00000000000 10.00000000000 10.00000000000 10.00000000000 10.00000000000 10.00000000000 10.00000000000 10.00000000000 10.00000000000 10.00000000000 10.00000000000 10.00000000000 10.00000000000 10.00000000000 10.00000000000 10.00000000000 10.00000000000 10.00000000000 10.00000000000 10.00000000000 10.00000000000 10.00000000000 10.00000000000 10.00000000000 10.00000000000
 10.00000000000 10.00000000000 10.00000000000 10.00000000000 10.00000000000 10.00000000000 10.00000000000 10.00000000000 10.00000000000 10.00000000000 10.00000000000 10.00000000000 10.00000000000 10.00000000000 10.00000000000 10.00000000000 10.00000000000 10.00000000000 10.00000000000 10.00000000000 10.00000000000 10.00000000000 10.00000000000 10.00000000000 10.00000000000 10.00000000000 10.00000000000 10.00000000000 10.00000000000 10.00000000000 10.00000000000 10.00000000000
 10.00000000000 10.00000000000 10.00000000000 10.00000000000 10.00000000000 10.00000000000 10.00000000000 10.00000000000 10.00000000000 10.00000000000 10.00000000000 10.00000000000 10.00000000000 10.00000000000 10.00000000000 10.00000000000 10.00000000000 10.00000000000 10.00000000000 10.00000000000 10.00000000000 10.00000000000 10.00000000000 10.00000000000 10.00000000000 10.00000000000 10.00000000000 10.00000000000 10.00000000000 10.00000000000 10.00000000000 10.00000000000
 10.00000000000 10.00000000000 10.00000000000 10.00000000000 10.00000000000 10.00000000000 10.00000000000 10.00000000000 10.00000000000 10.00000000000 10.00000000000 10.00000000000 10.00000000000 10.00000000000 10.00000000000 10.00000000000 10.00000000000 10.00000000000 10.00000000000 10.00000000000 10.00000000000 10.00000000000 10.00000000000 10.00000000000 10.00000000000 10.00000000000 10.00000000000 10.00000000000 10.00000000000 10.00000000000 10.00000000000 10.00000000000
 10.00000000000 10.00000000000 10.00000000000 10.00000000000 10.00000000000 10.00000000000 10.00000000000 10.00000000000 10.00000000000 10.00000000000 10.00000000000 10.00000000000 10.00000000000 10.00000000000 10.00000000000 10.00000000000 10.00000000000 10.00000000000 10.00000000000 10.00000000000 10.00000000000 10.00000000000 10.00000000000 10.00000000000 10.00000000000 10.00000000000 10.00000000000 10.00000000000 10.00000000000 10.00000000000 10.00000000000 10.00000000000
 10.00000000000 10.00000000000 10.00000000000 10.00000000000 10.00000000000 10.00000000000 10.00000000000 10.00000000000 10.00000000000 10.00000000000 10.00000000000 10.00000000000 10.00000000000 10.00000000000 10.00000000000 10.00000000000 10.00000000000 10.00000000000 10.00000000000 10.00000000000 10.00000000000 10.00000000000 10.00000000000 10.00000000000 10.00000000000 10.00000000000 10.00000000000 10.00000000000 10.00000000000 10.00000000000 10.00000000000 10.00000000000
 10.00000000000 10.00000000000 10.00000000000 10.00000000000 10.00000000000 10.00000000000 10.00000000000 10.00000000000 10.00000000000 10.00000000000 10.00000000000 10.00000000000 10.00000000000 10.00000000000 10.00000000000 10.00000000000 10.00000000000 10.00000000000 10.00000000000 10.00000000000 10.00000000000 10.00000000000 10.00000000000 10.00000000000 10.00000000000 10.00000000000 10.00000000000 10.00000000000 10.00000000000 10.00000000000 10.00000000000 10.00000000000
 10.00000000000 10.00000000000 10.00000000000 10.00000000000 10.00000000000 10.00000000000 10.00000000000 10.00000000000 10.00000000000 10.00000000000 10.00000000000 10.00000000000 10.00000000000 10.00000000000 10.00000000000 10.00000000000 10.00000000000 10.00000000000 10.00000000000 10.00000000000 10.00000000000 10.00000000000 10.00000000000 10.00000000000 10.00000000000 10.00000000000 10.00000000000 10.00000000000 10.00000000000 10.00000000000 10.00000000000 10.00000000000
 10.00000000000 10.00000000000 10.00000000000 10.00000000000 10.00000000000 10.00000000000 10.00000000000 10.00000000000 10.00000000000 10.00000000000 10.00000000000 10.00000000000 10.00000000000 10.00000000000 10.00000000000 10.00000000000 10.00000000000 10.00000000000 10.00000000000 10.00000000000 10.00000000000 10.00000000000 10.00000000000 10.00000000000 10.00000000000 10.00000000000 10.00000000000 10.00000000000 10.00000000000 10.00000000000 10.00000000000 10.00000000000
 10.00000000000 10.00000000000 10.00000000000 10.00000000000 10.00000000000 10.00000000000 10.00000000000 10.00000000000 10.00000000000 10.00000000000 10.00000000000 10.00000000000 10.00000000000 10.00000000000 10.00000000000 10.00000000000 10.00000000000 10.00000000000 10.00000000000 10.00000000000 10.00000000000 10.00000000000 10.00000000000 10.00000000000 10.00000000000 10.00000000000 10.00000000000 10.00000000000 10.00000000000 10.00000000000 10.00000000000 10.00000000000
 10.00000000000 10.00000000000 10.00000000000 10.00000000000 10.00000000000 10.00000000000 10.00000000000 10.00000000000 10.00000000000 10.00000000000 10.00000000000 10.00000000000 10.00000000000 10.00000000000 10.00000000000 10.00000000000 10.00000000000 10.00000000000 10.00000000000 10.00000000000 10.00000000000 10.00000000000 10.00000000000 10.00000000000 10.00000000000 10.00000000000 10.00000000000 10.00000000000 10.00000000000 10.00000000000 10.00000000000 10.00000000000
 10.00000000000 10.00000000000 10.00000000000 10.00000000000 10.00000000000 10.00000000000 10.00000000000 10.00000000000 10.00000000000 10.00000000000 10.00000000000 10.00000000000 10.00000000000 10.00000000000 10.00000000000 10.00000000000 10.00000000000 10.00000000000 10.00000000000 10.00000000000 10.00000000000 10.00000000000 10.00000000000 10.00000000000 10.00000000000 10.00000000000 10.00000000000 10.00000000000 10.00000000000 10.00000000000 10.00000000000 10.00000000000
 10.00000000000 10.00000000000 10.00000000000 10.00000000000 10.00000000000 10.00000000000 10.00000000000 10.00000000000 10.00000000000 10.00000000000 10.00000000000 10.00000000000 10.00000000000 10.00000000000 10.00000000000 10.00000000000 10.00000000000 10.00000000000 10.00000000000 10.00000000000 10.00000000000 10.00000000000 10.00000000000 10.00000000000 10.00000000000 10.00000000000 10.00000000000 10.00000000000 10.00000000000 10.00000000000 10.00000000000 10.00000000000
 10.00000000000 10.00000000000 10.00000000000 10.00000000000 10.00000000000 10.00000000000 10.00000000000 10.00000000000 10.00000000000 10.00000000000 10.00000000000 10.00000000000 10.00000000000 10.00000000000 10.00000000000 10.00000000000 10.00000000000 10.00000000000 10.00000000000 10.00000000000 10.00000000000 10.00000000000 10.00000000000 10.00000000000 10.00000000000 10.00000000000 10.00000000000 10.00000000000 10.00000000000 10.00000000000 10.00000000000 10.00000000000
 10.00000000000 10.00000000000 10.00000000000 10.00000000000 10.00000000000 10.00000000000 10.00000000000 10.00000000000 10.00000000000 10.00000000000 10.00000000000 10.00000000000 10.00000000000 10.00000000000 10.00000000000 10.00000000000 10.00000000000 10.00000000000 10.00000000000 10.00000000000 10.00000000000 10.00000000000 10.00000000000 10.00000000000 10.00000000000 10.00000000000 10.00000000000 10.00000000000 10.00000000000 10.00000000000 10.00000000000 10.00000000000

 10.00000000000 10.00000000000 10.00000000000 10.00000000000 10.00000000000 10.00000000000 10.00000000000 10.00000000000 10.00000000000 10.00000000000 10.00000000000 10.00000000000 10.00000000000 10.00000000000 10.00000000000 10.00000000000 10.00000000000 10.00000000000 10.00000000000 10.00000000000 10.00000000000 10.00000000000 10.00000000000 10.00000000000 10.00000000000 10.00000000000 10.00000000000 10.00000000000 10.00000000000 10.00000000000 10.00000000000 10.00000000000
 10.00000000000  9.99942565316  9.99885767581  9.99830232730  9.99776565224  9.99725338641  9.99677087715  9.99632302097  9.99591421933  9.99554835250  9.99522876940  9.99495829087  9.99473922262  9.99457337405  9.99446207882  9.99440621390  9.99440621390  9.99446207882  9.99457337405  9.99473922262  9.99495829087  9.99522876940  9.99554835250  9.99591421933  9.99632302097  9.99677087715  9.99725338641  9.99776565224  9.99830232730  9.99885767581  9.99942565316 10.00000000000
 10.00000000000  9.99885767581  9.99772801847  9.99662347596  9.99555606944  9.99453720625  9.99357752168  9.99268675477  9.99187366055  9.99114595770  9.99051030847  9.98997232492  9.98953659458  9.98920671767  9.98898534805  9.98887423079  9.98887423079  9.98898534805  9.98920671767  9.98953659458  9.98997232492  9.99051030847  9.99114595770  9.99187366055  9.99268675477  9.99357752168  9.99453720625  9.99555606944  9.99662347596  9.99772801847  9.99885767581 10.00000000000
 10.00000000000  9.99830232730  9.99662347596  9.99498194243  9.99339558962  9.99188136916  9.99045508646  9.98913121620  9.98792277174  9.98684122727  9.98589648753  9.98509689694  9.98444927732  9.98395898284  9.98362996058  9.98346480620  9.98346480620  9.98362996058  9.98395898284  9.98444927732  9.98509689694  9.98589648753  9.98684122727  9.98792277174  9.98913121620  9.99045508646  9.99188136916  9.99339558962  9.99498194243  9.99662347596  9.99830232730 10.00000000000
 10.00000000000  9.99776565224  9.99555606944  9.99339558962  9.99130771825  9.98931476325  9.98743752600  9.98569505857  9.98410449176  9.98268093224  9.98143742235  9.98038495142  9.97953250488  9.97888713597  9.97845404492  9.97823665180  9.97823665180  9.97845404492  9.97888713597  9.97953250488  9.98038495142  9.98143742235  9.98268093224  9.98410449176  9.98569505857  9.98743752600  9.98931476325  9.99130771825  9.99339558962  9.99555606944  9.99776565224 10.00000000000
 10.00000000000  9.99725338641  9.99453720625  9.99188136916  9.98931476325  9.98686480717  9.98455707063  9.98241497615  9.98045958742  9.97870948241  9.97718070322  9.97588676919  9.97483873634  9.97404528466  9.97351281467  9.97324553627  9.97324553627  9.97351281467  9.97404528466  9.97483873633  9.97588676919  9.97718070322  9.97870948241  9.98045958742  9.98241497615  9.98455707063  9.98686480717  9.98931476325  9.99188136916  9.99453720625  9.99725338641 10.00000000000
 10.00000000000  9.99677087715  9.99357752168  9.99045508646  9.98743752600  9.98455707063  9.98184378099  9.97932519755  9.97702609142  9.97496831463  9.97317074020  9.97164927641  9.97041693554  9.96948393531  9.96885781130  9.96854352061  9.96854352061  9.96885781130  9.96948393531  9.97041693554  9.97164927641  9.97317074020  9.97496831463  9.97702609142  9.97932519755  9.98184378099  9.98455707063  9.98743752600  9.99045508646  9.99357752168  9.99677087715 10.00000000000
 10.00000000000  9.99632302097  9.99268675477  9.98913121620  9.98569505857  9.98241497615  9.97932519755  9.97645708678  9.97383885922  9.97149541029  9.96944824614  9.96771549849  9.96631200146  9.96524940564  9.96453630479  9.96417835283  9.96417835283  9.96453630479  9.96524940564  9.96631200146  9.96771549849  9.96944824614  9.97149541029  9.97383885922  9.97645708678  9.97932519755  9.98241497615  9.98569505857  9.98913121620  9.99268675477  9.99632302097 10.00000000000
 10.00000000000  9.99591421933  9.99187366055  9.98792277174  9.98410449176  9.98045958742  9.97702609142  9.97383885922  9.97092925302  9.96832495060  9.96604986688  9.96412416895  9.96256435974  9.96138340309  9.96059086311  9.96019303300  9.96019303300  9.96059086311  9.96138340309  9.96256435974  9.96412416895  9.96604986688  9.96832495060  9.97092925302  9.97383885922  9.97702609142  9.98045958742  9.98410449176  9.98792277174  9.99187366054  9.99591421933 10.00000000000
 10.00000000000  9.99554835250  9.99114595770  9.98684122727  9.98268093224  9.97870948241  9.97496831463  9.97149541029  9.96832495060  9.96548710732  9.96300795595  9.96090949042  9.95920971244  9.95792276604  9.95705908779  9.95662554586  9.95662554586  9.95705908779  9.95792276604  9.95920971244  9.96090949042  9.96300795595  9.96548710732  9.96832495060  9.97149541029  9.97496831463  9.97870948241  9.98268093224  9.98684122727  9.99114595770  9.99554835250 10.00000000000
 10.00000000000  9.99522876940  9.99051030847  9.98589648753  9.98143742235  9.97718070322  9.97317074020  9.96944824614  9.96604986688  9.96300795595  9.96035048013  9.95810103352  9.95627893144  9.95489935289  9.95397349992  9.95350874537  9.95350874537  9.95397349992  9.95489935289  9.95627893144  9.95810103352  9.96035048013  9.96300795595  9.96604986688  9.96944824614  9.97317074020  9.97718070322  9.98143742235  9.98589648753  9.99051030847  9.99522876940 10.00000000000
 10.00000000000  9.99495829087  9.98997232492  9.98509689694  9.98038495142  9.97588676919  9.97164927641  9.96771549849  9.96412416895  9.96090949042  9.95810103352  9.95572375009  9.95379807072  9.95234005355  9.95136155114  9.95087036536  9.95087036536  9.95136155114  9.95234005355  9.95379807072  9.95572375009  9.95810103352  9.96090949042  9.96412416895  9.96771549849  9.97164927641  9.97588676919  9.98038495142  9.98509689694  9.98997232492  9.99495829087 10.00000000000
 10.00000000000  9.99473922262  9.98953659458  9.98444927732  9.97953250488  9.97483873634  9.97041693554  9.96631200146  9.96256435974  9.95920971244  9.95627893144  9.95379807072  9.95178846663  9.95026689161  9.94924572701  9.94873312352  9.94873312352  9.94924572701  9.95026689161  9.95178846663  9.95379807072  9.95627893144  9.95920971244  9.96256435974  9.96631200146  9.97041693554  9.97483873633  9.97953250488  9.98444927732  9.98953659458  9.99473922262 10.00000000000
 10.00000000000  9.99457337405  9.98920671767  9.98395898284  9.97888713597  9.97404528466  9.96948393531  9.96524940564  9.96138340309  9.95792276604  9.95489935289  9.95234005355  9.95026689161  9.94869718175  9.94764370676  9.94711488228  9.94711488228  9.94764370676  9.94869718175  9.95026689161  9.95234005355  9.95489935289  9.95792276604  9.96138340309  9.96524940564  9.96948393531  9.97404528466  9.97888713597  9.98395898284  9.98920671767  9.99457337405 10.00000000000
 10.00000000000  9.99446207882  9.98898534805  9.98362996058  9.97845404492  9.97351281467  9.96885781130  9.96453630479  9.96059086311  9.95705908779  9.95397349992  9.95136155114  9.94924572701  9.94764370676  9.94656854321  9.94602883018  9.94602883018  9.94656854321  9.94764370676  9.94924572701  9.95136155114  9.95397349992  9.95705908779  9.96059086311  9.96453630479  9.96885781130  9.97351281467  9.97845404492  9.98362996058  9.98898534805  9.99446207882 10.00000000000
 10.00000000000  9.99440621390  9.98887423079  9.98346480620  9.97823665180  9.97324553627  9.96854352061  9.96417835283  9.96019303300  9.95662554586  9.95350874537  9.95087036536  9.94873312352  9.94711488228  9.94602883018  9.94548365062  9.94548365062  9.94602883018  9.94711488228  9.94873312352  9.95087036536  9.95350874537  9.95662554586  9.96019303300  9.96417835283  9.96854352061  9.97324553627  9.97823665180  9.98346480620  9.98887423079  9.99440621390 10.00000000000
 10.00000000000  9.99440621390  9.98887423079  9.98346480620  9.97823665180  9.97324553627  9.96854352061  9.96417835283  9.96019303300  9.95662554586  9.95350874537  9.95087036536  9.94873312352  9.94711488228  9.94602883018  9.94548365062  9.94548365062  9.94602883018  9.94711488228  9.94873312352  9.95087036536  9.95350874537  9.95662554586  9.96019303300  9.96417835283  9.96854352061  9.97324553627  9.97823665180  9.98346480620  9.98887423079  9.99440621390 10.00000000000
 10.00000000000  9.99446207882  9.98898534805  9.98362996058  9.97845404492  9.97351281467  9.96885781130  9.96453630479  9.96059086311  9.95705908779  9.95397349992  9.95136155114  9.94924572701  9.94764370676  9.94656854321  9.94602883018  9.94602883018  9.94656854321  9.94764370676  9.94924572701  9.95136155114  9.95397349992  9.95705908779  9.96059086311  9.96453630479  9.96885781130  9.97351281467  9.97845404492  9.98362996058  9.98898534805  9.99446207882 10.00000000000
 10.00000000000  9.99457337405  9.98920671767  9.98395898284  9.97888713597  9.97404528466  9.96948393531  9.96524940564  9.96138340309  9.95792276604  9.95489935289  9.95234005355  9.95026689161  9.94869718175  9.94764370676  9.94711488228  9.94711488228  9.94764370676  9.94869718175  9.95026689161  9.95234005355  9.95489935289  9.95792276604  9.96138340309  9.96524940564  9.96948393531  9.97404528466  9.97888713597  9.98395898284  9.98920671767  9.99457337405 10.00000000000
 10.00000000000  9.99473922262  9.98953659458  9.98444927732  9.97953250488  9.97483873633  9.97041693554  9.96631200146  9.96256435974  9.95920971244  9.95627893144  9.95379807072  9.95178846663  9.95026689161  9.94924572701  9.94873312352  9.94873312352  9.94924572701  9.95026689161  9.95178846663  9.95379807072  9.95627893144  9.95920971244  9.96256435974  9.96631200146  9.97041693554  9.97483873633  9.97953250488  9.98444927732  9.98953659458  9.99473922262 10.00000000000
 10.00000000000  9.99495829087  9.98997232492  9.98509689694  9.98038495142  9.97588676919  9.97164927641  9.96771549849  9.96412416895  9.96090949042  9.95810103352  9.95572375009  9.95379807072  9.95234005355  9.95136155114  9.95087036536  9.95087036536  9.95136155114  9.95234005355  9.95379807072  9.95572375009  9.95810103352  9.96090949042  9.96412416895  9.96771549849  9.97164927641  9.97588676919  9.98038495142  9.98509689694  9.98997232492  9.99495829087 10.00000000000
 10.00000000000  9.99522876940  9.99051030847  9.98589648753  9.98143742235  9.97718070322  9.97317074020  9.96944824614  9.96604986688  9.96300795595  9.96035048013  9.95810103352  9.95627893144  9.95489935289  9.95397349992  9.95350874537  9.95350874537  9.95397349992  9.95489935289  9.95627893144  9.95810103352  9.96035048013  9.96300795595  9.96604986688  9.96944824614  9.97317074020  9.97718070322  9.98143742235  9.98589648753  9.99051030847  9.99522876940 10.00000000000
 10.00000000000  9.99554835250  9.99114595770  9.98684122727  9.98268093224  9.97870948241  9.97496831463  9.97149541029  9.96832495060  9.96548710732  9.96300795595  9.96090949042  9.95920971244  9.95792276604  9.95705908779  9.95662554586  9.95662554586  9.95705908779  9.95792276604  9.95920971244  9.96090949042  9.96300795595  9.96548710732  9.96832495060  9.97149541029  9.97496831463  9.97870948241  9.98268093224  9.98684122727  9.99114595770  9.99554835250 10.00000000000
 10.00000000000  9.99591421933  9.99187366055  9.98792277174  9.98410449176  9.98045958742  9.97702609142  9.97383885922  9.97092925302  9.96832495060  9.96604986688  9.96412416895  9.96256435974  9.96138340309  9.96059086311  9.96019303300  9.96019303300  9.96059086311  9.96138340309  9.96256435974  9.96412416895  9.96604986688  9.96832495060  9.97092925302  9.97383885922  9.97702609142  9.98045958742  9.98410449176  9.98792277174  9.99187366054  9.99591421933 10.00000000000
 10.00000000000  9.99632302097  9.99268675477  9.98913121620  9.98569505857  9.98241497615  9.97932519755  9.97645708678  9.97383885922  9.97149541029  9.96944824614  9.96771549849  9.96631200146  9.96524940564  9.96453630479  9.96417835283  9.96417835283  9.96453630479  9.96524940564  9.96631200146  9.96771549849  9.96944824614  9.97149541029  9.97383885922  9.97645708678  9.97932519755  9.98241497615  9.98569505857  9.98913121620  9.99268675477  9.99632302097 10.00000000000
 10.00000000000  9.99677087715  9.99357752168  9.99045508646  9.98743752600  9.98455707063  9.98184378099  9.97932519755  9.97702609142  9.97496831463  9.97317074020  9.97164927641  9.97041693554  9.96948393531  9.96885781130  9.96854352061  9.96854352061  9.96885781130  9.96948393531  9.97041693554  9.97164927641  9.97317074020  9.97496831463  9.97702609142  9.97932519755  9.98184378099  9.98455707063  9.98743752600  9.99045508646  9.99357752168  9.99677087715 10.00000000000
 10.00000000000  9.99725338641  9.99453720625  9.99188136916  9.98931476325  9.98686480717  9.98455707063  9.98241497615  9.98045958742  9.97870948241  9.97718070322  9.97588676919  9.97483873633  9.97404528466  9.97351281467  9.97324553627  9.97324553627  9.97351281467  9.97404528466  9.97483873633  9.97588676919  9.97718070322  9.97870948241  9.98045958742  9.98241497615  9.98455707063  9.98686480717  9.98931476325  9.99188136916  9.99453720625  9.99725338641 10.00000000000
 10.00000000000  9.99776565224  9.99555606944  9.99339558962  9.99130771825  9.98931476325  9.98743752600  9.98569505857  9.98410449176  9.98268093224  9.98143742235  9.98038495142  9.97953250488  9.97888713597  9.97845404492  9.97823665180  9.97823665180  9.97845404492  9.97888713597  9.97953250488  9.98038495142  9.98143742235  9.98268093224  9.98410449176  9.98569505857  9.98743752600  9.98931476325  9.99130771825  9.99339558962  9.99555606944  9.99776565224 10.00000000000
 10.00000000000  9.99830232730  9.99662347596  9.99498194243  9.99339558962  9.99188136916  9.99045508646  9.98913121620  9.98792277174  9.98684122727  9.98589648753  9.98509689694  9.98444927732  9.98395898284  9.98362996058  9.98346480620  9.98346480620  9.98362996058  9.98395898284  9.98444927732  9.98509689694  9.98589648753  9.98684122727  9.98792277174  9.98913121620  9.99045508646  9.99188136916  9.99339558962  9.99498194243  9.99662347596  9.99830232730 10.00000000000
 10.00000000000  9.99885767581  9.99772801847  9.99662347596  9.99555606944  9.99453720625  9.99357752168  9.99268675477  9.99187366054  9.99114595770  9.99051030847  9.98997232492  9.98953659458  9.98920671767  9.98898534805  9.98887423079  9.98887423079  9.98898534805  9.98920671767  9.98953659458  9.98997232492  9.99051030847  9.99114595770  9.99187366054  9.99268675477  9.99357752168  9.99453720625  9.99555606944  9.99662347596  9.99772801847  9.99885767581 10.00000000000
 10.00000000000  9.99942565316  9.99885767581  9.99830232730  9.99776565224  9.99725338641  9.99677087715  9.99632302097  9.99591421933  9.99554835250  9.99522876940  9.99495829087  9.99473922262  9.99457337405  9.99446207882  9.99440621390  9.99440621390  9.99446207882  9.99457337405  9.99473922262  9.99495829087  9.99522876940  9.99554835250  9.99591421933  9.99632302097  9.99677087715  9.99725338641  9.99776565224  9.99830232730  9.99885767581  9.99942565316 10.00000000000
 10.00000000000 10.00000000000 10.00000000000 10.00000000000 10.00000000000 10.00000000000 10.00000000000 10.00000000000 10.00000000000 10.00000000000 10.00000000000 10.00000000000 10.00000000000 10.00000000000 10.00000000000 10.00000000000 10.00000000000 10.00000000000 10.00000000000 10.00000000000 10.00000000000 10.00000000000 10.00000000000 10.00000000000 10.00000000000 10.00000000000 10.00000000000 10.00000000000 10.00000000000 10.00000000000 10.00000000000 10.00000000000

 10.00000000000 10.00000000000 10.00000000000 10.00000000000 10.00000000000 10.00000000000 10.00000000000 10.00000000000 10.00000000000 10.00000000000 10.00000000000 10.00000000000 10.00000000000 10.00000000000 10.00000000000 10.00000000000 10.00000000000 10.00000000000 10.00000000000 10.00000000000 10.00000000000 10.00000000000 10.00000000000 10.00000000000 10.00000000000 10.00000000000 10.00000000000 10.00000000000 10.00000000000 10.00000000000 10.00000000000 10.00000000000
 10.00000000000  9.99883857161  9.99769006440  9.99656717240  9.99548214692  9.99444660327  9.99347135796  9.99256630201  9.99174031255  9.99100120192  9.99035570034  9.98980946611  9.98936711578  9.98903226598  9.98880757860  9.98869480198  9.98869480198  9.98880757860  9.98903226598  9.98936711578  9.98980946611  9.99035570034  9.99100120192  9.99174031255  9.99256630201  9.99347135796  9.99444660327  9.99548214692  9.99656717240  9.99769006440  9.99883857161 10.00000000000
 10.00000000000  9.99769006440  9.99540582417  9.99317252322  9.99101452565  9.98895493155  9.98701525335  9.98521516388  9.98357232053  9.98210226378  9.98081838249  9.97973193397  9.97885210361  9.97818608775  9.97773918334  9.97751486958  9.97751486958  9.97773918334  9.97818608775  9.97885210361  9.97973193397  9.98081838249  9.98210226378  9.98357232053  9.98521516388  9.98701525335  9.98895493154  9.99101452565  9.99317252322  9.99540582417  9.99769006440 10.00000000000
 10.00000000000  9.99656717240  9.99317252322  9.98985356079  9.98664648763  9.98358562992  9.98070295699  9.97802770693  9.97558612513  9.97340131304  9.97149317604  9.96987845249  9.96857080170  9.96758092631  9.96691670481  9.96658331246  9.96658331246  9.96691670480  9.96758092631  9.96857080170  9.96987845249  9.97149317604  9.97340131304  9.97558612513  9.97802770693  9.98070295699  9.98358562992  9.98664648763  9.98985356079  9.99317252322  9.99656717240 10.00000000000
 10.00000000000  9.99548214692  9.99101452565  9.98664648763  9.98242566857  9.97839723872  9.97460327097  9.97108224838  9.96786871969  9.96499309962  9.96248159919  9.96035626274  9.95863508235  9.95733215761  9.95645786896  9.95601903578  9.95601903578  9.95645786896  9.95733215761  9.95863508235  9.96035626274  9.96248159919  9.96499309962  9.96786871969  9.97108224838  9.97460327097  9.97839723872  9.98242566857  9.98664648763  9.99101452565  9.99548214692 10.00000000000
 10.00000000000  9.99444660327  9.98895493155  9.98358562992  9.97839723872  9.97344527343  9.96878144899  9.96445307448  9.96050262936  9.95696751688  9.95387997684  9.95126712934  9.94915111341  9.94754928150  9.94647441080  9.94593489626  9.94593489626  9.94647441080  9.94754928150  9.94915111341  9.95126712934  9.95387997684  9.95696751688  9.96050262936  9.96445307448  9.96878144899  9.97344527343  9.97839723872  9.98358562992  9.98895493154  9.99444660327 10.00000000000
 10.00000000000  9.99347135796  9.98701525335  9.98070295699  9.97460327097  9.96878144899  9.96329828561  9.95820940505  9.95356476229  9.94940835176  9.94577810286  9.94270592878  9.94021788698  9.93833440523  9.93707052779  9.93643614043  9.93643614043  9.93707052779  9.93833440523  9.94021788698  9.94270592878  9.94577810286  9.94940835176  9.95356476229  9.95820940505  9.96329828561  9.96878144899  9.97460327097  9.98070295699  9.98701525335  9.99347135796 10.00000000000
 10.00000000000  9.99256630201  9.98521516388  9.97802770693  9.97108224838  9.96445307448  9.95820940505  9.95241458400  9.94712551055  9.94239230584  9.93825819137  9.93475954171  9.93192606396  9.92978105203  9.92834166418  9.92761917688  9.92761917688  9.92834166418  9.92978105203  9.93192606396  9.93475954171  9.93825819137  9.94239230584  9.94712551055  9.95241458400  9.95820940505  9.96445307448  9.97108224838  9.97802770693  9.98521516388  9.99256630201 10.00000000000
 10.00000000000  9.99174031255  9.98357232053  9.97558612513  9.96786871969  9.96050262936  9.95356476229  9.94712551055  9.94124811745  9.93598830497  9.93139413600  9.92750606940  9.92435715576  9.92197331642  9.92037364859  9.91957070489  9.91957070489  9.92037364859  9.92197331642  9.92435715576  9.92750606940  9.93139413600  9.93598830497  9.94124811745  9.94712551055  9.95356476229  9.96050262936  9.96786871969  9.97558612513  9.98357232053  9.99174031255 10.00000000000
 10.00000000000  9.99100120192  9.98210226378  9.97340131304  9.96499309962  9.95696751688  9.94940835176  9.94239230584  9.93598830497  9.93025709143  9.92525107063  9.92101436756  9.91758303608  9.91498535911  9.91324217760  9.91236719232  9.91236719232  9.91324217760  9.91498535911  9.91758303608  9.92101436755  9.92525107063  9.93025709143  9.93598830497  9.94239230584  9.94940835176  9.95696751688  9.96499309962  9.97340131304  9.98210226378  9.99100120192 10.00000000000
 10.00000000000  9.99035570034  9.98081838249  9.97149317604  9.96248159919  9.95387997684  9.94577810286  9.93825819137  9.93139413600  9.92525107063  9.91988520203  9.91534386658  9.91166575076  9.90888120881  9.90701261196  9.90607466895  9.90607466895  9.90701261196  9.90888120881  9.91166575076  9.91534386658  9.91988520202  9.92525107063  9.93139413600  9.93825819137  9.94577810286  9.95387997684  9.96248159919  9.97149317603  9.98081838249  9.99035570034 10.00000000000
 10.00000000000  9.98980946611  9.97973193397  9.96987845249  9.96035626274  9.95126712934  9.94270592878  9.93475954171  9.92750606940  9.92101436756  9.91534386658  9.91054462799  9.90665757350  9.90371481716  9.90174003086  9.90074878046  9.90074878046  9.90174003086  9.90371481716  9.90665757350  9.91054462799  9.91534386658  9.92101436755  9.92750606940  9.93475954171  9.94270592878  9.95126712934  9.96035626274  9.96987845249  9.97973193397  9.98980946611 10.00000000000
 10.00000000000  9.98936711578  9.97885210361  9.96857080170  9.95863508235  9.94915111341  9.94021788698  9.93192606396  9.92435715576  9.91758303608  9.91166575076  9.90665757350  9.90260124160  9.89953029911  9.89746947539  9.89643503328  9.89643503328  9.89746947539  9.89953029911  9.90260124160  9.90665757350  9.91166575076  9.91758303608  9.92435715576  9.93192606396  9.94021788698  9.94915111341  9.95863508235  9.96857080170  9.97885210361  9.98936711578 10.00000000000
 10.00000000000  9.98903226598  9.97818608775  9.96758092631  9.95733215761  9.94754928150  9.93833440523  9.92978105203  9.92197331642  9.91498535911  9.90888120881  9.90371481716  9.89953029911  9.89636228432  9.89423630514  9.89316915389  9.89316915389  9.89423630514  9.89636228432  9.89953029911  9.90371481716  9.90888120881  9.91498535911  9.92197331642  9.92978105203  9.93833440523  9.94754928150  9.95733215761  9.96758092631  9.97818608775  9.98903226598 10.00000000000
 10.00000000000  9.98880757860  9.97773918334  9.96691670481  9.95645786896  9.94647441080  9.93707052779  9.92834166418  9.92037364859  9.91324217760  9.90701261196  9.90174003086  9.89746947539  9.89423630514  9.89206659259  9.89097748623  9.89097748623  9.89206659259  9.89423630514  9.89746947539  9.90174003086  9.90701261196  9.91324217760  9.92037364859  9.92834166418  9.93707052779  9.94647441080  9.95645786896  9.96691670480  9.97773918334  9.98880757860 10.00000000000
 10.00000000000  9.98869480198  9.97751486958  9.96658331246  9.95601903578  9.94593489626  9.93643614043  9.92761917688  9.91957070489  9.91236719232  9.90607466895  9.90074878046  9.89643503328  9.89316915389  9.89097748623  9.88987735785  9.88987735785  9.89097748623  9.89316915389  9.89643503328  9.90074878046  9.90607466895  9.91236719232  9.91957070489  9.92761917688  9.93643614043  9.94593489626  9.95601903578  9.96658331246  9.97751486958  9.98869480198 10.00000000000
 10.00000000000  9.98869480198  9.97751486958  9.96658331246  9.95601903578  9.94593489626  9.93643614043  9.92761917688  9.91957070489  9.91236719232  9.90607466895  9.90074878046  9.89643503328  9.89316915389  9.89097748623  9.88987735785  9.88987735785  9.89097748623  9.89316915389  9.89643503328  9.90074878046  9.90607466895  9.91236719232  9.91957070489  9.92761917688  9.93643614043  9.94593489626  9.95601903578  9.96658331246  9.97751486958  9.98869480198 10.00000000000
 10.00000000000  9.98880757860  9.97773918334  9.96691670480  9.95645786896  9.94647441080  9.93707052779  9.92834166418  9.92037364859  9.91324217760  9.90701261196  9.90174003086  9.89746947539  9.89423630514  9.89206659259  9.89097748623  9.89097748623  9.89206659259  9.89423630514  9.89746947538  9.90174003086  9.90701261196  9.91324217760  9.92037364859  9.92834166418  9.93707052779  9.94647441080  9.95645786896  9.96691670480  9.97773918334  9.98880757860 10.00000000000
 10.00000000000  9.98903226598  9.97818608775  9.96758092631  9.95733215761  9.94754928150  9.93833440523  9.92978105203  9.92197331642  9.91498535911  9.90888120881  9.90371481716  9.89953029911  9.89636228432  9.89423630514  9.89316915389  9.89316915389  9.89423630514  9.89636228432  9.89953029911  9.90371481716  9.90888120881  9.91498535910  9.92197331642  9.92978105203  9.93833440523  9.94754928150  9.95733215761  9.96758092630  9.97818608775  9.98903226598 10.00000000000
