
 10.00000000000 10.00000000000 10.00000000000 10.00000000000 10.00000000000 10.00000000000 10.00000000000 10.00000000000 10.00000000000 10.00000000000 10.00000000000 10.00000000000 10.00000000000 10.00000000000 10.00000000000 10.00000000000 10.00000000000 10.00000000000 10.00000000000 10.00000000000 10.00000000000 10.00000000000 10.00000000000 10.00000000000 10.00000000000 10.00000000000 10.00000000000 10.00000000000 10.00000000000 10.00000000000 10.00000000000 10.00000000000
 10.00000000000 10.00000000000 10.00000000000 10.00000000000 10.00000000000 10.00000000000 10.00000000000 10.00000000000 10.00000000000 10.00000000000 10.00000000000 10.00000000000 10.00000000000 10.00000000000 10.00000000000 10.00000000000 10.00000000000 10.00000000000 10.00000000000 10.00000000000 10.00000000000 10.00000000000 10.00000000000 10.00000000000 10.00000000000 10.00000000000 10.00000000000 10.00000000000 10.00000000000 10.00000000000 10.00000000000 10.00000000000
 10.00000000000 10.00000000000 10.00000000000 10.00000000000 10.00000000000 10.00000000000 10.00000000000 10.00000000000 10.00000000000 10.00000000000 10.00000000000 10.00000000000 10.00000000000 10.00000000000 10.00000000000 10.00000000000 10.00000000000 10.00000000000 10.00000000000 10.00000000000 10.00000000000 10.00000000000 10.00000000000 10.00000000000 10.00000000000 10.00000000000 10.00000000000 10.00000000000 10.00000000000 10.00000000000 10.00000000000 10.00000000000
 10.00000000000 10.00000000000 10.00000000000 10.00000000000 10.00000000000 10.00000000000 10.00000000000 10.00000000000 10.00000000000 10.00000000000 10.00000000000 10.00000000000 10.00000000000 10.00000000000 10.00000000000 10.00000000000 10.00000000000 10.00000000000 10.00000000000 10.00000000000 10.00000000000 10.00000000000 10.00000000000 10.00000000000 10.00000000000 10.00000000000 10.00000000000 10.00000000000 10.00000000000 10.00000000000 10.00000000000 10.00000000000
 10.00000000000 10.00000000000 10.00000000000 10.00000000000 10.00000000000 10.00000000000 10.00000000000 10.00000000000 10.00000000000 10.00000000000 10.00000000000 10.00000000000 10.00000000000 10.00000000000 10.00000000000 10.00000000000 10.00000000000 10.00000000000 10.00000000000 10.00000000000 10.00000000000 10.00000000000 10.00000000000 10.00000000000 10.00000000000 10.00000000000 10.00000000000 10.00000000000 10.00000000000 10.00000000000 10.00000000000 10.00000000000
 10.00000000000 10.00000000000 10.00000000000 10.00000000000 10.00000000000 10.00000000000 10.00000000000 10.00000000000 10.00000000000 10.00000000000 10.00000000000 10.00000000000 10.00000000000 10.00000000000 10.00000000000 10.00000000000 10.00000000000 10.00000000000 10.00000000000 10.00000000000 10.00000000000 10.00000000000 10.00000000000 10.00000000000 10.00000000000 10.00000000000 10.00000000000 10.00000000000 10.00000000000 10.00000000000 10.00000000000 10.00000000000
 10.00000000000 10.00000000000 10.00000000000 10.00000000000 10.00000000000 10.00000000000 10.00000000000 10.00000000000 10.00000000000 10.00000000000 10.00000000000 10.00000000000 10.00000000000 10.00000000000 10.00000000000 10.00000000000 10.00000000000 10.00000000000 10.00000000000 10.00000000000 10.00000000000 10.00000000000 10.00000000000 10.00000000000 10.00000000000 10.00000000000 10.00000000000 10.00000000000 10.00000000000 10.00000000000 10.00000000000 10.00000000000
 10.00000000000 10.00000000000 10.00000000000 10.00000000000 10.00000000000 10.00000000000 10.00000000000 10.00000000000 10.00000000000 10.00000000000 10.00000000000 10.00000000000 10.00000000000 10.00000000000 10.00000000000 10.00000000000 10.00000000000 10.00000000000 10.00000000000 10.00000000000 10.00000000000 10.00000000000 10.00000000000 10.00000000000 10.00000000000 10.00000000000 10.00000000000 10.00000000000 10.00000000000 10.00000000000 10.00000000000 10.00000000000
 10.00000000000 10.00000000000 10.00000000000 10.00000000000 10.00000000000 10.00000000000 10.00000000000 10.00000000000 10.00000000000 10.00000000000 10.00000000000 10.00000000000 10.00000000000 10.00000000000 10.00000000000 10.00000000000 10.00000000000 10.00000000000 10.00000000000 10.00000000000 10.00000000000 10.00000000000 10.00000000000 10.00000000000 10.00000000000 10.00000000000 10.00000000000 10.00000000000 10.00000000000 10.00000000000 10.00000000000 10.00000000000
 10.00000000000 10.00000000000 10.00000000000 10.00000000000 10.00000000000 10.00000000000 10.00000000000 10.00000000000 10.00000000000 10.00000000000 10.00000000000 10.00000000000 10.00000000000 10.00000000000 10.00000000000 10.00000000000 10.00000000000 10.00000000000 10.00000000000 10.00000000000 10.00000000000 10.00000000000 10.00000000000 10.00000000000 10.00000000000 10.00000000000 10.00000000000 10.00000000000 10.00000000000 10.00000000000 10.00000000000 10.00000000000
 10.00000000000 10.00000000000 10.00000000000 10.00000000000 10.00000000000 10.00000000000 10.00000000000 10.00000000000 10.00000000000 10.00000000000 10.00000000000 10.00000000000 10.00000000000 10.00000000000 10.00000000000 10.00000000000 10.00000000000 10.00000000000 10.00000000000 10.00000000000 10.00000000000 10.00000000000 10.00000000000 10.00000000000 10.00000000000 10.00000000000 10.00000000000 10.00000000000 10.00000000000 10.00000000000 10.00000000000 10.00000000000
 10.00000000000 10.00000000000 10.00000000000 10.00000000000 10.00000000000 10.00000000000 10.00000000000 10.00000000000 10.00000000000 10.00000000000 10.00000000000 10.00000000000 10.00000000000 10.00000000000 10.00000000000 10.00000000000 10.00000000000 10.00000000000 10.00000000000 10.00000000000 10.00000000000 10.00000000000 10.00000000000 10.00000000000 10.00000000000 10.00000000000 10.00000000000 10.00000000000 10.00000000000 10.00000000000 10.00000000000 10.00000000000
 10.00000000000 10.00000000000 10.00000000000 10.00000000000 10.00000000000 10.00000000000 10.00000000000 10.00000000000 10.00000000000 10.00000000000 10.00000000000 10.00000000000 10.00000000000 10.00000000000 10.00000000000 10.00000000000 10.00000000000 10.00000000000 10.00000000000 10.00000000000 10.00000000000 10.00000000000 10.00000000000 10.00000000000 10.00000000000 10.00000000000 10.00000000000 10.00000000000 10.00000000000 10.00000000000 10.00000000000 10.00000000000
 10.00000000000 10.00000000000 10.00000000000 10.00000000000 10.00000000000 10.00000000000 10.00000000000 10.00000000000 10.00000000000 10.00000000000 10.00000000000 10.00000000000 10.00000000000 10.00000000000 10.00000000000 10.00000000000 10.00000000000 10.00000000000 10.00000000000 10.00000000000 10.00000000000 10.00000000000 10.00000000000 10.00000000000 10.00000000000 10.00000000000 10.00000000000 10.00000000000 10.00000000000 10.00000000000 10.00000000000 10.00000000000
 10.00000000000 10.00000000000 10.00000000000 10.00000000000 10.00000000000 10.00000000000 10.00000000000 10.00000000000 10.00000000000 10.00000000000 10.00000000000 10.00000000000 10.00000000000 10.00000000000 10.00000000000 10.00000000000 10.00000000000 10.00000000000 10.00000000000 10.00000000000 10.00000000000 10.00000000000 10.00000000000 10.00000000000 10.00000000000 10.00000000000 10.00000000000 10.00000000000 10.00000000000 10.00000000000 10.00000000000 10.00000000000
 10.00000000000 10.00000000000 10.00000000000 10.00000000000 10.00000000000 10.00000000000 10.00000000000 10.00000000000 10.00000000000 10.00000000000 10.00000000000 10.00000000000 10.00000000000 10.00000000000 10.00000000000 10.00000000000 10.00000000000 10.00000000000 10.00000000000 10.00000000000 10.00000000000 10.00000000000 10.00000000000 10.00000000000 10.00000000000 10.00000000000 10.00000000000 10.00000000000 10.00000000000 10.00000000000 10.00000000000 10.00000000000
 10.00000000000 10.00000000000 10.00000000000 10.00000000000 10.00000000000 10.00000000000 10.00000000000 10.00000000000 10.00000000000 10.00000000000 10.00000000000 10.00000000000 10.00000000000 10.00000000000 10.00000000000 10.00000000000 10.00000000000 10.00000000000 10.00000000000 10.00000000000 10.00000000000 10.00000000000 10.00000000000 10.00000000000 10.00000000000 10.00000000000 10.00000000000 10.00000000000 10.00000000000 10.00000000000 10.00000000000 10.00000000000
 10.00000000000 10.00000000000 10.00000000000 10.00000000000 10.00000000000 10.00000000000 10.00000000000 10.00000000000 10.00000000000 10.00000000000 10.00000000000 10.00000000000 10.00000000000 10.00000000000 10.00000000000 10.00000000000 10.00000000000 10.00000000000 10.00000000000 10.00000000000 10.00000000000 10.00000000000 10.00000000000 10.00000000000 10.00000000000 10.00000000000 10.00000000000 10.00000000000 10.00000000000 10.00000000000 10.00000000000 10.00000000000
 10.00000000000 10.00000000000 10.00000000000 10.00000000000 10.00000000000 10.00000000000 10.00000000000 10.00000000000 10.00000000000 10.00000000000 10.00000000000 10.00000000000 10.00000000000 10.00000000000 10.00000000000 10.00000000000 10.00000000000 10.00000000000 10.00000000000 10.00000000000 10.00000000000 10.00000000000 10.00000000000 10.00000000000 10.00000000000 10.00000000000 10.00000000000 10.00000000000 10.00000000000 10.00000000000 10.00000000000 10.00000000000
 10.00000000000 10.00000000000 10.00000000000 10.00000000000 10.00000000000 10.00000000000 10.00000000000 10.00000000000 10.00000000000 10.00000000000 10.00000000000 10.00000000000 10.00000000000 10.00000000000 10.00000000000 10.00000000000 10.00000000000 10.00000000000 10.00000000000 10.00000000000 10.00000000000 10.00000000000 10.00000000000 10.00000000000 10.00000000000 10.00000000000 10.00000000000 10.00000000000 10.00000000000 10.00000000000 10.00000000000 10.00000000000
 10.00000000000 10.00000000000 10.00000000000 10.00000000000 10.00000000000 10.00000000000 10.00000000000 10.00000000000 10.00000000000 10.00000000000 10.00000000000 10.00000000000 10.00000000000 10.00000000000 10.00000000000 10.00000000000 10.00000000000 10.00000000000 10.00000000000 10.00000000000 10.00000000000 10.00000000000 10.00000000000 10.00000000000 10.00000000000 10.00000000000 10.00000000000 10.00000000000 10.00000000000 10.00000000000 10.00000000000 10.00000000000
 10.00000000000 10.00000000000 10.00000000000 10.00000000000 10.00000000000 10.00000000000 10.00000000000 10.00000000000 10.00000000000 10.00000000000 10.00000000000 10.00000000000 10.00000000000 10.00000000000 10.00000000000 10.00000000000 10.00000000000 10.00000000000 10.00000000000 10.00000000000 10.00000000000 10.00000000000 10.00000000000 10.00000000000 10.00000000000 10.00000000000 10.00000000000 10.00000000000 10.00000000000 10.00000000000 10.00000000000 10.00000000000
 10.00000000000 10.00000000000 10.00000000000 10.00000000000 10.00000000000 10.00000000000 10.00000000000 10.00000000000 10.00000000000 10.00000000000 10.00000000000 10.00000000000 10.00000000000 10.00000000000 10.00000000000 10.00000000000 10.00000000000 10.00000000000 10.00000000000 10.00000000000 10.00000000000 10.00000000000 10.00000000000 10.00000000000 10.00000000000 10.00000000000 10.00000000000 10.00000000000 10.00000000000 10.00000000000 10.00000000000 10.00000000000
 10.00000000000 10.00000000000 10.00000000000 10.00000000000 10.00000000000 10.00000000000 10.00000000000 10.00000000000 10.00000000000 10.00000000000 10.00000000000 10.00000000000 10.00000000000 10.00000000000 10.00000000000 10.00000000000 10.00000000000 10.00000000000 10.00000000000 10.00000000000 10.00000000000 10.00000000000 10.00000000000 10.00000000000 10.00000000000 10.00000000000 10.00000000000 10.00000000000 10.00000000000 10.00000000000 10.00000000000 10.00000000000
 10.00000000000 10.00000000000 10.00000000000 10.00000000000 10.00000000000 10.00000000000 10.00000000000 10.00000000000 10.00000000000 10.00000000000 10.00000000000 10.00000000000 10.00000000000 10.00000000000 10.00000000000 10.00000000000 10.00000000000 10.00000000000 10.00000000000 10.00000000000 10.00000000000 10.00000000000 10.00000000000 10.00000000000 10.00000000000 10.00000000000 10.00000000000 10.00000000000 10.00000000000 10.00000000000 10.00000000000 10.00000000000
 10.00000000000 10.00000000000 10.00000000000 10.00000000000 10.00000000000 10.00000000000 10.00000000000 10.00000000000 10.00000000000 10.00000000000 10.00000000000 10.00000000000 10.00000000000 10.00000000000 10.00000000000 10.00000000000 10.00000000000 10.00000000000 10.00000000000 10.00000000000 10.00000000000 10.00000000000 10.00000000000 10.00000000000 10.00000000000 10.00000000000 10.00000000000 10.00000000000 10.00000000000 10.00000000000 10.00000000000 10.00000000000
 10.00000000000 10.00000000000 10.00000000000 10.00000000000 10.00000000000 10.00000000000 10.00000000000 10.00000000000 10.00000000000 10.00000000000 10.00000000000 10.00000000000 10.00000000000 10.00000000000 10.00000000000 10.00000000000 10.00000000000 10.00000000000 10.00000000000 10.00000000000 10.00000000000 10.00000000000 10.00000000000 10.00000000000 10.00000000000 10.00000000000 10.00000000000 10.00000000000 10.00000000000 10.00000000000 10.00000000000 10.00000000000
 10.00000000000 10.00000000000 10.00000000000 10.00000000000 10.00000000000 10.00000000000 10.00000000000 10.00000000000 10.00000000000 10.00000000000 10.00000000000 10.00000000000 10.00000000000 10.00000000000 10.00000000000 10.00000000000 10.00000000000 10.00000000000 10.00000000000 10.00000000000 10.00000000000 10.00000000000 10.00000000000 10.00000000000 10.00000000000 10.00000000000 10.00000000000 10.00000000000 10.00000000000 10.00000000000 10.00000000000 10.00000000000
 10.00000000000 10.00000000000 10.00000000000 10.00000000000 10.00000000000 10.00000000000 10.00000000000 10.00000000000 10.00000000000 10.00000000000 10.00000000000 10.00000000000 10.00000000000 10.00000000000 10.00000000000 10.00000000000 10.00000000000 10.00000000000 10.00000000000 10.00000000000 10.00000000000 10.00000000000 10.00000000000 10.00000000000 10.00000000000 10.00000000000 10.00000000000 10.00000000000 10.00000000000 10.00000000000 10.00000000000 10.00000000000
 10.00000000000 10.00000000000 10.00000000000 10.00000000000 10.00000000000 10.00000000000 10.00000000000 10.00000000000 10.00000000000 10.00000000000 10.00000000000 10.00000000000 10.00000000000 10.00000000000 10.00000000000 10.00000000000 10.00000000000 10.00000000000 10.00000000000 10.00000000000 10.00000000000 10.00000000000 10.00000000000 10.00000000000 10.00000000000 10.00000000000 10.00000000000 10.00000000000 10.00000000000 10.00000000000 10.00000000000 10.00000000000
 10.00000000000 10.00000000000 10.00000000000 10.00000000000 10.00000000000 10.00000000000 10.00000000000 10.00000000000 10.00000000000 10.00000000000 10.00000000000 10.00000000000 10.00000000000 10.00000000000 10.00000000000 10.00000000000 10.00000000000 10.00000000000 10.00000000000 10.00000000000 10.00000000000 10.00000000000 10.00000000000 10.00000000000 10.00000000000 10.00000000000 10.00000000000 10.00000000000 10.00000000000 10.00000000000 10.00000000000 10.00000000000
 10.00000000000 10.00000000000 10.00000000000 10.00000000000 10.00000000000 10.00000000000 10.00000000000 10.00000000000 10.00000000000 10.00000000000 10.00000000000 10.00000000000 10.00000000000 10.00000000000 10.00000000000 10.00000000000 10.00000000000 10.00000000000 10.00000000000 10.00000000000 10.00000000000 10.00000000000 10.00000000000 10.00000000000 10.00000000000 10.00000000000 10.00000000000 10.00000000000 10.00000000000 10.00000000000 10.00000000000 10.00000000000

 10.00000000000 10.00000000000 10.00000000000 10.00000000000 10.00000000000 10.00000000000 10.00000000000 10.00000000000 10.00000000000 10.00000000000 10.00000000000 10.00000000000 10.00000000000 10.00000000000 10.00000000000 10.00000000000 10.00000000000 10.00000000000 10.00000000000 10.00000000000 10.00000000000 10.00000000000 10.00000000000 10.00000000000 10.00000000000 10.00000000000 10.00000000000 10.00000000000 10.00000000000 10.00000000000 10.00000000000 10.00000000000
 10.00000000000  9.99930703638  9.99862165936  9.99795133292  9.99730328145  9.99668438354  9.99610108069  9.99555930364  9.99506441760  9.99462118615  9.99423375207  9.99390563246  9.99363972454  9.99343831836  9.99330311252  9.99323522938  9.99323522696  9.99330310534  9.99343830673  9.99363970893  9.99390561351  9.99423373055  9.99462116294  9.99506439366  9.99555927995  9.99610105822  9.99668436320  9.99730326408  9.99795131923  9.99862164991  9.99930703156 10.00000000000
 10.00000000000  9.99862165936  9.99725840732  9.99592508872  9.99463607219  9.99340503898  9.99224480144  9.99116715652  9.99018277678  9.98930113853  9.98853048356  9.98787780931  9.98734888024  9.98694825298  9.98667930746  9.98654427708  9.98654427226  9.98667929318  9.98694822983  9.98734884917  9.98787777160  9.98853044075  9.98930109236  9.99018272915  9.99116710938  9.99224475673  9.99340499851  9.99463603762  9.99592506148  9.99725838851  9.99862164976 10.00000000000
 10.00000000000  9.99795133292  9.99592508872  9.99394332840  9.99202740588  9.99019765451  9.98847311734  9.98687132944  9.98540815591  9.98409768473  9.98295216978  9.98198201570  9.98119579459  9.98060028296  9.98020050770  9.97999979068  9.97999978351  9.98020048647  9.98060024854  9.98119574839  9.98198195962  9.98295210611  9.98409761608  9.98540808508  9.98687125934  9.98847305084  9.99019759433  9.99202735448  9.99394328788  9.99592506075  9.99795131865 10.00000000000
 10.00000000000  9.99730328145  9.99463607219  9.99202740588  9.98950538681  9.98709677764  9.98482664475  9.98271807174  9.98079194602  9.97906681753  9.97755882307  9.97628166598  9.97524663736  9.97446266413  9.97393636897  9.97367212859  9.97367211914  9.97393634100  9.97446261879  9.97524657650  9.97628159210  9.97755873919  9.97906672709  9.98079185272  9.98271797939  9.98482655714  9.98709669836  9.98950531910  9.99202735251  9.99463603534  9.99730326264 10.00000000000
 10.00000000000  9.99668438354  9.99340503898  9.99019765451  9.98709677764  9.98413530910  9.98134406722  9.97875143579  9.97638310147  9.97426187956  9.97240762030  9.97083718292  9.96956446086  9.96860043990  9.96795327105  9.96762834144  9.96762832981  9.96795323663  9.96860038411  9.96956438597  9.97083709201  9.97240751708  9.97426176826  9.97638298665  9.97875132215  9.98134395941  9.98413521153  9.98709669431  9.99019758884  9.99340499364  9.99668436040 10.00000000000
 10.00000000000  9.99610108069  9.99224480144  9.98847311734  9.98482664475  9.98134406722  9.97806162376  9.97501269491  9.97222749370  9.96973286009  9.96755214979  9.96570520264  9.96420837095  9.96307458668  9.96231344596  9.96193129168  9.96193127799  9.96231340544  9.96307452100  9.96420828280  9.96570509562  9.96755202829  9.96973272907  9.97222735855  9.97501256114  9.97806149685  9.98134395237  9.98482654666  9.98847304003  9.99224474807  9.99610105345 10.00000000000
 10.00000000000  9.99555930364  9.99116715652  9.98687132944  9.98271807174  9.97875143579  9.97501269491  9.97153987211  9.96836738776  9.96552582463  9.96304180016  9.96093792891  9.95923285337  9.95794131895  9.95707426894  9.95663893737  9.95663892176  9.95707422274  9.95794124406  9.95923275285  9.96093780688  9.96304166162  9.96552567525  9.96836723365  9.97153971958  9.97501255020  9.97875130483  9.98271795989  9.98687124129  9.99116709566  9.99555927257 10.00000000000
 10.00000000000  9.99506441760  9.99018277678  9.98540815591  9.98079194602  9.97638310147  9.97222749370  9.96836738776  9.96484105028  9.96168248740  9.95892130150  9.95658264780  9.95468726685  9.95325156619  9.95228772427  9.95180379251  9.95180377514  9.95228767287  9.95325148286  9.95468715501  9.95658251202  9.95892114734  9.96168232118  9.96484087879  9.96836721804  9.97222733269  9.97638295576  9.98079182157  9.98540805782  9.99018270907  9.99506438303 10.00000000000
 10.00000000000  9.99462118615  9.98930113853  9.98409768473  9.97906681753  9.97426187956  9.96973286009  9.96552582463  9.96168248740  9.95823992466  9.95523041713  9.95268140097  9.95061550134  9.94905061943  9.94800004419  9.94747256204  9.94747254309  9.94799998810  9.94905052852  9.95061537932  9.95268125283  9.95523024894  9.95823974330  9.96168230031  9.96552563946  9.96973268441  9.97426172058  9.97906668175  9.98409757772  9.98930106465  9.99462114844 10.00000000000
 10.00000000000  9.99423375207  9.98853048356  9.98295216978  9.97755882307  9.97240762030  9.96755214979  9.96304180016  9.95892130150  9.95523041713  9.95200377315  9.94927080416  9.94705578727  9.94537793362  9.94425150633  9.94368593693  9.94368591659  9.94425144615  9.94537783605  9.94705565632  9.94927064518  9.95200359265  9.95523022250  9.95892110071  9.96304160144  9.96755196126  9.97240744968  9.97755867735  9.98295205493  9.98853040428  9.99423371160 10.00000000000
 10.00000000000  9.99390563246  9.98787780931  9.98198201570  9.97628166598  9.97083718292  9.96570520264  9.96093792891  9.95658264780  9.95268140097  9.94927080416  9.94638198804  9.94404063242  9.94226706114  9.94107636521  9.94047852440  9.94047850288  9.94107630154  9.94226695793  9.94404049388  9.94638181985  9.94927061321  9.95268119507  9.95658243538  9.96093771867  9.96570500319  9.97083700242  9.97628151182  9.98198189420  9.98787772543  9.99390558965 10.00000000000
 10.00000000000  9.99363972454  9.98734888024  9.98119579459  9.97524663736  9.96956446086  9.96420837095  9.95923285337  9.95468726685  9.95061550134  9.94705578727  9.94404063242  9.94159685591  9.93974568573  9.93850288572  9.93787888141  9.93787885894  9.93850281922  9.93974557792  9.94159671121  9.94404045675  9.94705558782  9.95061528628  9.95468704498  9.95923263378  9.96420816263  9.96956427233  9.97524647634  9.98119566768  9.98734879263  9.99363967983 10.00000000000
 10.00000000000  9.99343831836  9.98694825298  9.98060028296  9.97446266413  9.96860043990  9.96307458668  9.95794131895  9.95325156619  9.94905061943  9.94537793362  9.94226706114  9.93974568573  9.93783572163  9.93655344358  9.93590961560  9.93590959240  9.93655337493  9.93783561033  9.93974553634  9.94226687979  9.94537772772  9.94905039742  9.95325133714  9.95794109226  9.96307437161  9.96860024528  9.97446249791  9.98060015195  9.98694816254  9.99343827220 10.00000000000
 10.00000000000  9.99330311252  9.98667930746  9.98020050770  9.97393636897  9.96795327105  9.96231344596  9.95707426894  9.95228772427  9.94800004419  9.94425150633  9.94107636521  9.93850288572  9.93655344358  9.93524465709  9.93458751795  9.93458749426  9.93524458699  9.93655332994  9.93850273319  9.94107618004  9.94425129610  9.94799981749  9.95228749040  9.95707403747  9.96231322637  9.96795307232  9.97393619925  9.98020037393  9.98667921511  9.99330306538 10.00000000000
 10.00000000000  9.99323522938  9.98654427708  9.97999979068  9.97367212859  9.96762834144  9.96193129168  9.95663893737  9.95180379251  9.94747256204  9.94368593693  9.94047852440  9.93787888141  9.93590961560  9.93458751795  9.93392369460  9.93392367066  9.93458744712  9.93590950078  9.93787872730  9.94047833730  9.94368572451  9.94747233300  9.95180355621  9.95663870350  9.96193106982  9.96762814066  9.97367195710  9.97999965552  9.98654418378  9.99323518175 10.00000000000
 10.00000000000  9.99323522696  9.98654427226  9.97999978351  9.97367211914  9.96762832981  9.96193127799  9.95663892176  9.95180377514  9.94747254309  9.94368591659  9.94047850288  9.93787885894  9.93590959240  9.93458749426  9.93392367066  9.93392364672  9.93458742343  9.93590947757  9.93787870483  9.94047831579  9.94368570417  9.94747231404  9.95180353884  9.95663868789  9.96193105613  9.96762812903  9.97367194765  9.97999964835  9.98654417896  9.99323517933 10.00000000000
 10.00000000000  9.99330310534  9.98667929318  9.98020048647  9.97393634100  9.96795323663  9.96231340544  9.95707422274  9.95228767287  9.94799998810  9.94425144615  9.94107630154  9.93850281922  9.93655337493  9.93524458699  9.93458744712  9.93458742343  9.93524451689  9.93655326128  9.93850266669  9.94107611637  9.94425123591  9.94799976141  9.95228743900  9.95707399128  9.96231318585  9.96795303790  9.97393617128  9.98020035270  9.98667920084  9.99330305821 10.00000000000
 10.00000000000  9.99343830673  9.98694822983  9.98060024854  9.97446261879  9.96860038411  9.96307452100  9.95794124406  9.95325148286  9.94905052852  9.94537783605  9.94226695793  9.93974557792  9.93783561033  9.93655332994  9.93590950078  9.93590947757  9.93655326128  9.93783549903  9.93974542853  9.94226677657  9.94537763015  9.94905030650  9.95325125382  9.95794101737  9.96307430594  9.96860018948  9.97446245257  9.98060011753  9.98694813939  9.99343826057 10.00000000000
 10.00000000000  9.99363970893  9.98734884917  9.98119574839  9.97524657650  9.96956438597  9.96420828280  9.95923275285  9.95468715501  9.95061537932  9.94705565632  9.94404049388  9.94159671121  9.93974553634  9.93850273319  9.93787872730  9.93787870483  9.93850266669  9.93974542853  9.94159656651  9.94404031821  9.94705545687  9.95061516426  9.95468693314  9.95923253326  9.96420807448  9.96956419744  9.97524641549  9.98119562148  9.98734876157  9.99363966421 10.00000000000
 10.00000000000  9.99390561351  9.98787777160  9.98198195962  9.97628159210  9.97083709201  9.96570509562  9.96093780688  9.95658251202  9.95268125283  9.94927064518  9.94638181985  9.94404045675  9.94226687979  9.94107618004  9.94047833730  9.94047831579  9.94107611637  9.94226677657  9.94404031821  9.94638165166  9.94927045422  9.95268104693  9.95658229960  9.96093759665  9.96570489617  9.97083691151  9.97628143795  9.98198183812  9.98787768772  9.99390557070 10.00000000000
 10.00000000000  9.99423373055  9.98853044075  9.98295210611  9.97755873919  9.97240751708  9.96755202829  9.96304166162  9.95892114734  9.95523024894  9.95200359265  9.94927061321  9.94705558782  9.94537772772  9.94425129610  9.94368572451  9.94368570417  9.94425123591  9.94537763015  9.94705545687  9.94927045422  9.95200341215  9.95523005431  9.95892094656  9.96304146290  9.96755183976  9.97240734647  9.97755859348  9.98295199126  9.98853036147  9.99423369008 10.00000000000
 10.00000000000  9.99462116294  9.98930109236  9.98409761608  9.97906672709  9.97426176826  9.96973272907  9.96552567525  9.96168232118  9.95823974330  9.95523022250  9.95268119507  9.95061528628  9.94905039742  9.94799981749  9.94747233300  9.94747231404  9.94799976141  9.94905030650  9.95061516426  9.95268104693  9.95523005431  9.95823956195  9.96168213408  9.96552549008  9.96973255340  9.97426160928  9.97906659131  9.98409750906  9.98930101848  9.99462112523 10.00000000000
 10.00000000000  9.99506439366  9.99018272915  9.98540808508  9.98079185272  9.97638298665  9.97222735855  9.96836723365  9.96484087879  9.96168230031  9.95892110071  9.95658243538  9.95468704498  9.95325133714  9.95228749040  9.95180355621  9.95180353884  9.95228743900  9.95325125382  9.95468693314  9.95658229960  9.95892094656  9.96168213408  9.96484070731  9.96836706393  9.97222719753  9.97638284094  9.98079172827  9.98540798699  9.99018266144  9.99506435910 10.00000000000
 10.00000000000  9.99555927995  9.99116710938  9.98687125934  9.98271797939  9.97875132215  9.97501256114  9.97153971958  9.96836721804  9.96552563946  9.96304160144  9.96093771867  9.95923263378  9.95794109226  9.95707403747  9.95663870350  9.95663868789  9.95707399128  9.95794101737  9.95923253326  9.96093759665  9.96304146290  9.96552549008  9.96836706393  9.97153956705  9.97501241643  9.97875119119  9.98271786755  9.98687117119  9.99116704853  9.99555924888 10.00000000000
 10.00000000000  9.99610105822  9.99224475673  9.98847305084  9.98482655714  9.98134395941  9.97806149685  9.97501255020  9.97222733269  9.96973268441  9.96755196126  9.96570500319  9.96420816263  9.96307437161  9.96231322637  9.96193106982  9.96193105613  9.96231318585  9.96307430594  9.96420807448  9.96570489617  9.96755183976  9.96973255340  9.97222719753  9.97501241643  9.97806136994  9.98134384456  9.98482645905  9.98847297352  9.99224470336  9.99610103097 10.00000000000
 10.00000000000  9.99668436320  9.99340499851  9.99019759433  9.98709669836  9.98413521153  9.98134395237  9.97875130483  9.97638295576  9.97426172058  9.97240744968  9.97083700242  9.96956427233  9.96860024528  9.96795307232  9.96762814066  9.96762812903  9.96795303790  9.96860018948  9.96956419744  9.97083691151  9.97240734647  9.97426160928  9.97638284094  9.97875119119  9.98134384456  9.98413511397  9.98709661503  9.99019752865  9.99340495317  9.99668434006 10.00000000000
 10.00000000000  9.99730326408  9.99463603762  9.99202735448  9.98950531910  9.98709669431  9.98482654666  9.98271795989  9.98079182157  9.97906668175  9.97755867735  9.97628151182  9.97524647634  9.97446249791  9.97393619925  9.97367195710  9.97367194765  9.97393617128  9.97446245257  9.97524641549  9.97628143795  9.97755859348  9.97906659131  9.98079172827  9.98271786755  9.98482645905  9.98709661503  9.98950525139  9.99202730111  9.99463600078  9.99730324527 10.00000000000
 10.00000000000  9.99795131923  9.99592506148  9.99394328788  9.99202735251  9.99019758884  9.98847304003  9.98687124129  9.98540805782  9.98409757772  9.98295205493  9.98198189420  9.98119566768  9.98060015195  9.98020037393  9.97999965552  9.97999964835  9.98020035270  9.98060011753  9.98119562148  9.98198183812  9.98295199126  9.98409750906  9.98540798699  9.98687117119  9.98847297352  9.99019752865  9.99202730111  9.99394324737  9.99592503351  9.99795130496 10.00000000000
 10.00000000000  9.99862164991  9.99725838851  9.99592506075  9.99463603534  9.99340499364  9.99224474807  9.99116709566  9.99018270907  9.98930106465  9.98853040428  9.98787772543  9.98734879263  9.98694816254  9.98667921511  9.98654418378  9.98654417896  9.98667920084  9.98694813939  9.98734876157  9.98787768772  9.98853036147  9.98930101848  9.99018266144  9.99116704853  9.99224470336  9.99340495317  9.99463600078  9.99592503351  9.99725836970  9.99862164031 10.00000000000
 10.00000000000  9.99930703156  9.99862164976  9.99795131865  9.99730326264  9.99668436040  9.99610105345  9.99555927257  9.99506438303  9.99462114844  9.99423371160  9.99390558965  9.99363967983  9.99343827220  9.99330306538  9.99323518175  9.99323517933  9.99330305821  9.99343826057  9.99363966421  9.99390557070  9.99423369008  9.99462112523  9.99506435910  9.99555924888  9.99610103097  9.99668434006  9.99730324527  9.99795130496  9.99862164031  9.99930702673 10.00000000000
 10.00000000000 10.00000000000 10.00000000000 10.00000000000 10.00000000000 10.00000000000 10.00000000000 10.00000000000 10.00000000000 10.00000000000 10.00000000000 10.00000000000 10.00000000000 10.00000000000 10.00000000000 10.00000000000 10.00000000000 10.00000000000 10.00000000000 10.00000000000 10.00000000000 10.00000000000 10.00000000000 10.00000000000 10.00000000000 10.00000000000 10.00000000000 10.00000000000 10.00000000000 10.00000000000 10.00000000000 10.00000000000

 10.00000000000 10.00000000000 10.00000000000 10.00000000000 10.00000000000 10.00000000000 10.00000000000 10.00000000000 10.00000000000 10.00000000000 10.00000000000 10.00000000000 10.00000000000 10.00000000000 10.00000000000 10.00000000000 10.00000000000 10.00000000000 10.00000000000 10.00000000000 10.00000000000 10.00000000000 10.00000000000 10.00000000000 10.00000000000 10.00000000000 10.00000000000 10.00000000000 10.00000000000 10.00000000000 10.00000000000 10.00000000000
 10.00000000000  9.99860256479  9.99722047240  9.99586881364  9.99456218719  9.99331448217  9.99213869209  9.99104676573  9.99004949775  9.98915645799  9.98837595618  9.98771503592  9.98717949066  9.98677389339  9.98650163206  9.98636494330  9.98636493848  9.98650161778  9.98677387025  9.98717945960  9.98771499821  9.98837591336  9.98915641182  9.99004945012  9.99104671859  9.99213864737  9.99331444170  9.99456215262  9.99586878640  9.99722045360  9.99860255519 10.00000000000
 10.00000000000  9.99722047240  9.99447145860  9.99178297148  9.98918404578  9.98670230590  9.98436359591  9.98219168310  9.98020804016  9.97843170459  9.97687920807  9.97556456428  9.97449930032  9.97369251545  9.97315095129  9.97287905861  9.97287904901  9.97315092288  9.97369246940  9.97449923851  9.97556448925  9.97687912288  9.97843161273  9.98020794540  9.98219158930  9.98436350693  9.98670222538  9.98918397701  9.99178291727  9.99447142118  9.99722045330 10.00000000000
 10.00000000000  9.99586881364  9.99178297148  9.98778707409  9.98392426995  9.98023561365  9.97675951633  9.97353130522  9.97058289967  9.96794260176  9.96563499074  9.96368090417  9.96209748383  9.96089826229  9.96009326653  9.95968911668  9.95968910241  9.96009322429  9.96089819381  9.96209739191  9.96368079259  9.96563486405  9.96794246516  9.97058275874  9.97353116573  9.97675938400  9.98023549389  9.98392416768  9.98778699348  9.99178291583  9.99586878524 10.00000000000
 10.00000000000  9.99456218719  9.98918404578  9.98392426995  9.97883964545  9.97398420595  9.96940851027  9.96515906278  9.96127788666  9.95780224746  9.95476451319  9.95219212813  9.95010767185  9.94852897192  9.94746923897  9.94693719575  9.94693717694  9.94746918333  9.94852888171  9.95010755077  9.95219198113  9.95476434630  9.95780206751  9.96127770101  9.96515887904  9.96940833596  9.97398404820  9.97883951072  9.98392416376  9.98918397247  9.99456214977 10.00000000000
 10.00000000000  9.99331448217  9.98670230590  9.98023561365  9.97398420595  9.96801450583  9.96238867114  9.95716388218  9.95239181659  9.94811830840  9.94438317433  9.94122017975  9.93865710915  9.93671590270  9.93541282049  9.93475859977  9.93475857663  9.93541275201  9.93671579168  9.93865696014  9.94121999885  9.94438296895  9.94811808695  9.95239158813  9.95716365606  9.96238845662  9.96801431170  9.97398404015  9.98023548297  9.98670221569  9.99331443612 10.00000000000
 10.00000000000  9.99213869209  9.98436359591  9.97675951633  9.96940851027  9.96238867114  9.95577308631  9.94962899977  9.94401719406  9.93899158786  9.93459902963  9.93087925501  9.92786496694  9.92558199359  9.92404947908  9.92328006641  9.92328003916  9.92404939847  9.92558186290  9.92786479154  9.93087904207  9.93459878787  9.93899132718  9.94401692513  9.94962873360  9.95577283379  9.96238844262  9.96940831510  9.97675936250  9.98436348972  9.99213863788 10.00000000000
 10.00000000000  9.99104676573  9.98219168310  9.97353130522  9.96515906278  9.95716388218  9.94962899977  9.94263100860  9.93623915373  9.93051487212  9.92551155503  9.92127449633  9.91784098048  9.91524045905  9.91349476503  9.91261831877  9.91261828771  9.91349467311  9.91524031004  9.91784078048  9.92127425353  9.92551127937  9.93051457488  9.93623884709  9.94263070510  9.94962871185  9.95716362162  9.96515884024  9.97353112982  9.98219156201  9.99104670393 10.00000000000
 10.00000000000  9.99004949775  9.98020804016  9.97058289967  9.96127788666  9.95239181659  9.94401719406  9.93623915373  9.92913467629  9.92277207508  9.91721072903  9.91250102167  9.90868443506  9.90579374227  9.90385324217  9.90287898562  9.90287895106  9.90385313989  9.90579357646  9.90868421252  9.91250075151  9.91721042230  9.92277174435  9.92913433509  9.93623881602  9.94401687368  9.95239152666  9.96127763903  9.97058270450  9.98020790543  9.99004942897 10.00000000000
 10.00000000000  9.98915645799  9.97843170459  9.96794260176  9.95780224746  9.94811830840  9.93899158786  9.93051487212  9.92277207508  9.91583767664  9.90977642848  9.90464328376  9.90048349541  9.89733282183  9.89521777922  9.89415588504  9.89415584733  9.89521766763  9.89733264094  9.90048325261  9.90464298900  9.90977609382  9.91583731580  9.92277170282  9.93051450367  9.93899123832  9.94811799207  9.95780197729  9.96794238882  9.97843155759  9.98915638295 10.00000000000
 10.00000000000  9.98837595618  9.97687920807  9.96563499074  9.95476451319  9.94438317433  9.93459902963  9.92551155503  9.91721072903  9.90977642848  9.90327810989  9.89777473030  9.89331484839  9.88993684099  9.88766916986  9.88653063977  9.88653059930  9.88766905011  9.88993664686  9.89331458783  9.89777441397  9.90327775075  9.90977604122  9.91721032952  9.92551115961  9.93459865451  9.94438283485  9.95476422325  9.96563476222  9.97687905032  9.98837587565 10.00000000000
 10.00000000000  9.98771503592  9.97556456428  9.96368090417  9.95219212813  9.94122017975  9.93087925501  9.92127449633  9.91250102167  9.90464328376  9.89777473030  9.89195771661  9.88724360856  9.88367300747  9.88127602864  9.88007257120  9.88007252839  9.88127590195  9.88367280209  9.88724333290  9.89195738196  9.89777435036  9.90464287407  9.91250059902  9.92127407801  9.93087885815  9.94121982060  9.95219182140  9.96368066241  9.97556439739  9.98771495073 10.00000000000
 10.00000000000  9.98717949066  9.97449930032  9.96209748383  9.95010767185  9.93865710915  9.92786496694  9.91784098048  9.90868443506  9.90048349541  9.89331484839  9.88724360856  9.88232342205  9.87859669789  9.87609489551  9.87483880389  9.87483875917  9.87609476319  9.87859648338  9.88232313413  9.88724325902  9.89331445154  9.90048306749  9.90868399360  9.91784054355  9.92786455242  9.93865673403  9.95010735147  9.96209723131  9.97449912600  9.98717940168 10.00000000000
 10.00000000000  9.98677389339  9.97369251545  9.96089826229  9.94852897192  9.93671590270  9.92558199359  9.91524045905  9.90579374227  9.89733282183  9.88993684099  9.88367300747  9.87859669789  9.87475169355  9.87217047453  9.87087450564  9.87087445948  9.87217033793  9.87475147210  9.87859640066  9.88367264662  9.88993643131  9.89733238008  9.90579328653  9.91524000799  9.92558156567  9.93671551544  9.94852864119  9.96089800161  9.97369233550  9.98677380153 10.00000000000
 10.00000000000  9.98650163206  9.97315095129  9.96009326653  9.94746923897  9.93541282049  9.92404947908  9.91349476503  9.90385324217  9.89521777922  9.88766916986  9.88127602864  9.87609489551  9.87217047453  9.86953593225  9.86821318807  9.86821314094  9.86953579276  9.87217024841  9.87609459202  9.88127566019  9.88766875155  9.89521732816  9.90385277683  9.91349430447  9.92404904215  9.93541242508  9.94746890127  9.96009300036  9.97315076755  9.98650153827 10.00000000000
 10.00000000000  9.98636494330  9.97287905861  9.95968911668  9.94693719575  9.93475859977  9.92328006641  9.91261831877  9.90287898562  9.89415588504  9.88653063977  9.88007257120  9.87483880389  9.87087450564  9.86821318807  9.86687699912  9.86687695149  9.86821304714  9.87087427718  9.87483849724  9.88007219893  9.88653021712  9.89415542930  9.90287851546  9.91261785343  9.92327962495  9.93475820026  9.94693685454  9.95968884775  9.97287887296  9.98636484854 10.00000000000
 10.00000000000  9.98636493848  9.97287904901  9.95968910241  9.94693717694  9.93475857663  9.92328003916  9.91261828771  9.90287895106  9.89415584733  9.88653059930  9.88007252839  9.87483875917  9.87087445948  9.86821314094  9.86687695149  9.86687690386  9.86821300001  9.87087423102  9.87483845253  9.88007215612  9.88653017665  9.89415539159  9.90287848090  9.91261782237  9.92327959770  9.93475817712  9.94693683574  9.95968883348  9.97287886336  9.98636484371 10.00000000000
 10.00000000000  9.98650161778  9.97315092288  9.96009322429  9.94746918333  9.93541275201  9.92404939847  9.91349467311  9.90385313989  9.89521766763  9.88766905011  9.88127590195  9.87609476319  9.87217033793  9.86953579276  9.86821304714  9.86821300001  9.86953565328  9.87217011181  9.87609445969  9.88127553350  9.88766863179  9.89521721657  9.90385267456  9.91349421255  9.92404896154  9.93541235660  9.94746884562  9.96009295812  9.97315073914  9.98650152399 10.00000000000
 10.00000000000  9.98677387025  9.97369246940  9.96089819381  9.94852888171  9.93671579168  9.92558186290  9.91524031004  9.90579357646  9.89733264094  9.88993664686  9.88367280209  9.87859648338  9.87475147210  9.87217024841  9.87087427718  9.87087423102  9.87217011181  9.87475125064  9.87859618614  9.88367244125  9.88993623717  9.89733219919  9.90579312073  9.91523985899  9.92558143499  9.93671540443  9.94852855098  9.96089793313  9.97369228945  9.98677377839 10.00000000000
