
 10.00000000000 10.00000000000 10.00000000000 10.00000000000 10.00000000000 10.00000000000 10.00000000000 10.00000000000 10.00000000000 10.00000000000 10.00000000000 10.00000000000 10.00000000000 10.00000000000 10.00000000000 10.00000000000 10.00000000000 10.00000000000 10.00000000000 10.00000000000 10.00000000000 10.00000000000 10.00000000000 10.00000000000 10.00000000000 10.00000000000 10.00000000000 10.00000000000 10.00000000000 10.00000000000 10.00000000000 10.00000000000
 10.00000000000 10.00000000000 10.00000000000 10.00000000000 10.00000000000 10.00000000000 10.00000000000 10.00000000000 10.00000000000 10.00000000000 10.00000000000 10.00000000000 10.00000000000 10.00000000000 10.00000000000 10.00000000000 10.00000000000 10.00000000000 10.00000000000 10.00000000000 10.00000000000 10.00000000000 10.00000000000 10.00000000000 10.00000000000 10.00000000000 10.00000000000 10.00000000000 10.00000000000 10.00000000000 10.00000000000 10.00000000000
 10.00000000000 10.00000000000 10.00000000000 10.00000000000 10.00000000000 10.00000000000 10.00000000000 10.00000000000 10.00000000000 10.00000000000 10.00000000000 10.00000000000 10.00000000000 10.00000000000 10.00000000000 10.00000000000 10.00000000000 10.00000000000 10.00000000000 10.00000000000 10.00000000000 10.00000000000 10.00000000000 10.00000000000 10.00000000000 10.00000000000 10.00000000000 10.00000000000 10.00000000000 10.00000000000 10.00000000000 10.00000000000
 10.00000000000 10.00000000000 10.00000000000 10.00000000000 10.00000000000 10.00000000000 10.00000000000 10.00000000000 10.00000000000 10.00000000000 10.00000000000 10.00000000000 10.00000000000 10.00000000000 10.00000000000 10.00000000000 10.00000000000 10.00000000000 10.00000000000 10.00000000000 10.00000000000 10.00000000000 10.00000000000 10.00000000000 10.00000000000 10.00000000000 10.00000000000 10.00000000000 10.00000000000 10.00000000000 10.00000000000 10.00000000000
 10.00000000000 10.00000000000 10.00000000000 10.00000000000 10.00000000000 10.00000000000 10.00000000000 10.00000000000 10.00000000000 10.00000000000 10.00000000000 10.00000000000 10.00000000000 10.00000000000 10.00000000000 10.00000000000 10.00000000000 10.00000000000 10.00000000000 10.00000000000 10.00000000000 10.00000000000 10.00000000000 10.00000000000 10.00000000000 10.00000000000 10.00000000000 10.00000000000 10.00000000000 10.00000000000 10.00000000000 10.00000000000
 10.00000000000 10.00000000000 10.00000000000 10.00000000000 10.00000000000 10.00000000000 10.00000000000 10.00000000000 10.00000000000 10.00000000000 10.00000000000 10.00000000000 10.00000000000 10.00000000000 10.00000000000 10.00000000000 10.00000000000 10.00000000000 10.00000000000 10.00000000000 10.00000000000 10.00000000000 10.00000000000 10.00000000000 10.00000000000 10.00000000000 10.00000000000 10.00000000000 10.00000000000 10.00000000000 10.00000000000 10.00000000000
 10.00000000000 10.00000000000 10.00000000000 10.00000000000 10.00000000000 10.00000000000 10.00000000000 10.00000000000 10.00000000000 10.00000000000 10.00000000000 10.00000000000 10.00000000000 10.00000000000 10.00000000000 10.00000000000 10.00000000000 10.00000000000 10.00000000000 10.00000000000 10.00000000000 10.00000000000 10.00000000000 10.00000000000 10.00000000000 10.00000000000 10.00000000000 10.00000000000 10.00000000000 10.00000000000 10.00000000000 10.00000000000
 10.00000000000 10.00000000000 10.00000000000 10.00000000000 10.00000000000 10.00000000000 10.00000000000 10.00000000000 10.00000000000 10.00000000000 10.00000000000 10.00000000000 10.00000000000 10.00000000000 10.00000000000 10.00000000000 10.00000000000 10.00000000000 10.00000000000 10.00000000000 10.00000000000 10.00000000000 10.00000000000 10.00000000000 10.00000000000 10.00000000000 10.00000000000 10.00000000000 10.00000000000 10.00000000000 10.00000000000 10.00000000000
 10.00000000000 10.00000000000 10.00000000000 10.00000000000 10.00000000000 10.00000000000 10.00000000000 10.00000000000 10.00000000000 10.00000000000 10.00000000000 10.00000000000 10.00000000000 10.00000000000 10.00000000000 10.00000000000 10.00000000000 10.00000000000 10.00000000000 10.00000000000 10.00000000000 10.00000000000 10.00000000000 10.00000000000 10.00000000000 10.00000000000 10.00000000000 10.00000000000 10.00000000000 10.00000000000 10.00000000000 10.00000000000
 10.00000000000 10.00000000000 10.00000000000 10.00000000000 10.00000000000 10.00000000000 10.00000000000 10.00000000000 10.00000000000 10.00000000000 10.00000000000 10.00000000000 10.00000000000 10.00000000000 10.00000000000 10.00000000000 10.00000000000 10.00000000000 10.00000000000 10.00000000000 10.00000000000 10.00000000000 10.00000000000 10.00000000000 10.00000000000 10.00000000000 10.00000000000 10.00000000000 10.00000000000 10.00000000000 10.00000000000 10.00000000000
 10.00000000000 10.00000000000 10.00000000000 10.00000000000 10.00000000000 10.00000000000 10.00000000000 10.00000000000 10.00000000000 10.00000000000 10.00000000000 10.00000000000 10.00000000000 10.00000000000 10.00000000000 10.00000000000 10.00000000000 10.00000000000 10.00000000000 10.00000000000 10.00000000000 10.00000000000 10.00000000000 10.00000000000 10.00000000000 10.00000000000 10.00000000000 10.00000000000 10.00000000000 10.00000000000 10.00000000000 10.00000000000
 10.00000000000 10.00000000000 10.00000000000 10.00000000000 10.00000000000 10.00000000000 10.00000000000 10.00000000000 10.00000000000 10.00000000000 10.00000000000 10.00000000000 10.00000000000 10.00000000000 10.00000000000 10.00000000000 10.00000000000 10.00000000000 10.00000000000 10.00000000000 10.00000000000 10.00000000000 10.00000000000 10.00000000000 10.00000000000 10.00000000000 10.00000000000 10.00000000000 10.00000000000 10.00000000000 10.00000000000 10.00000000000
 10.00000000000 10.00000000000 10.00000000000 10.00000000000 10.00000000000 10.00000000000 10.00000000000 10.00000000000 10.00000000000 10.00000000000 10.00000000000 10.00000000000 10.00000000000 10.00000000000 10.00000000000 10.00000000000 10.00000000000 10.00000000000 10.00000000000 10.00000000000 10.00000000000 10.00000000000 10.00000000000 10.00000000000 10.00000000000 10.00000000000 10.00000000000 10.00000000000 10.00000000000 10.00000000000 10.00000000000 10.00000000000
 10.00000000000 10.00000000000 10.00000000000 10.00000000000 10.00000000000 10.00000000000 10.00000000000 10.00000000000 10.00000000000 10.00000000000 10.00000000000 10.00000000000 10.00000000000 10.00000000000 10.00000000000 10.00000000000 10.00000000000 10.00000000000 10.00000000000 10.00000000000 10.00000000000 10.00000000000 10.00000000000 10.00000000000 10.00000000000 10.00000000000 10.00000000000 10.00000000000 10.00000000000 10.00000000000 10.00000000000 10.00000000000
 10.00000000000 10.00000000000 10.00000000000 10.00000000000 10.00000000000 10.00000000000 10.00000000000 10.00000000000 10.00000000000 10.00000000000 10.00000000000 10.00000000000 10.00000000000 10.00000000000 10.00000000000 10.00000000000 10.00000000000 10.00000000000 10.00000000000 10.00000000000 10.00000000000 10.00000000000 10.00000000000 10.00000000000 10.00000000000 10.00000000000 10.00000000000 10.00000000000 10.00000000000 10.00000000000 10.00000000000 10.00000000000
 10.00000000000 10.00000000000 10.00000000000 10.00000000000 10.00000000000 10.00000000000 10.00000000000 10.00000000000 10.00000000000 10.00000000000 10.00000000000 10.00000000000 10.00000000000 10.00000000000 10.00000000000 10.00000000000 10.00000000000 10.00000000000 10.00000000000 10.00000000000 10.00000000000 10.00000000000 10.00000000000 10.00000000000 10.00000000000 10.00000000000 10.00000000000 10.00000000000 10.00000000000 10.00000000000 10.00000000000 10.00000000000
 10.00000000000 10.00000000000 10.00000000000 10.00000000000 10.00000000000 10.00000000000 10.00000000000 10.00000000000 10.00000000000 10.00000000000 10.00000000000 10.00000000000 10.00000000000 10.00000000000 10.00000000000 10.00000000000 10.00000000000 10.00000000000 10.00000000000 10.00000000000 10.00000000000 10.00000000000 10.00000000000 10.00000000000 10.00000000000 10.00000000000 10.00000000000 10.00000000000 10.00000000000 10.00000000000 10.00000000000 10.00000000000
 10.00000000000 10.00000000000 10.00000000000 10.00000000000 10.00000000000 10.00000000000 10.00000000000 10.00000000000 10.00000000000 10.00000000000 10.00000000000 10.00000000000 10.00000000000 10.00000000000 10.00000000000 10.00000000000 10.00000000000 10.00000000000 10.00000000000 10.00000000000 10.00000000000 10.00000000000 10.00000000000 10.00000000000 10.00000000000 10.00000000000 10.00000000000 10.00000000000 10.00000000000 10.00000000000 10.00000000000 10.00000000000
 10.00000000000 10.00000000000 10.00000000000 10.00000000000 10.00000000000 10.00000000000 10.00000000000 10.00000000000 10.00000000000 10.00000000000 10.00000000000 10.00000000000 10.00000000000 10.00000000000 10.00000000000 10.00000000000 10.00000000000 10.00000000000 10.00000000000 10.00000000000 10.00000000000 10.00000000000 10.00000000000 10.00000000000 10.00000000000 10.00000000000 10.00000000000 10.00000000000 10.00000000000 10.00000000000 10.00000000000 10.00000000000
 10.00000000000 10.00000000000 10.00000000000 10.00000000000 10.00000000000 10.00000000000 10.00000000000 10.00000000000 10.00000000000 10.00000000000 10.00000000000 10.00000000000 10.00000000000 10.00000000000 10.00000000000 10.00000000000 10.00000000000 10.00000000000 10.00000000000 10.00000000000 10.00000000000 10.00000000000 10.00000000000 10.00000000000 10.00000000000 10.00000000000 10.00000000000 10.00000000000 10.00000000000 10.00000000000 10.00000000000 10.00000000000
 10.00000000000 10.00000000000 10.00000000000 10.00000000000 10.00000000000 10.00000000000 10.00000000000 10.00000000000 10.00000000000 10.00000000000 10.00000000000 10.00000000000 10.00000000000 10.00000000000 10.00000000000 10.00000000000 10.00000000000 10.00000000000 10.00000000000 10.00000000000 10.00000000000 10.00000000000 10.00000000000 10.00000000000 10.00000000000 10.00000000000 10.00000000000 10.00000000000 10.00000000000 10.00000000000 10.00000000000 10.00000000000
 10.00000000000 10.00000000000 10.00000000000 10.00000000000 10.00000000000 10.00000000000 10.00000000000 10.00000000000 10.00000000000 10.00000000000 10.00000000000 10.00000000000 10.00000000000 10.00000000000 10.00000000000 10.00000000000 10.00000000000 10.00000000000 10.00000000000 10.00000000000 10.00000000000 10.00000000000 10.00000000000 10.00000000000 10.00000000000 10.00000000000 10.00000000000 10.00000000000 10.00000000000 10.00000000000 10.00000000000 10.00000000000
 10.00000000000 10.00000000000 10.00000000000 10.00000000000 10.00000000000 10.00000000000 10.00000000000 10.00000000000 10.00000000000 10.00000000000 10.00000000000 10.00000000000 10.00000000000 10.00000000000 10.00000000000 10.00000000000 10.00000000000 10.00000000000 10.00000000000 10.00000000000 10.00000000000 10.00000000000 10.00000000000 10.00000000000 10.00000000000 10.00000000000 10.00000000000 10.00000000000 10.00000000000 10.00000000000 10.00000000000 10.00000000000
 10.00000000000 10.00000000000 10.00000000000 10.00000000000 10.00000000000 10.00000000000 10.00000000000 10.00000000000 10.00000000000 10.00000000000 10.00000000000 10.00000000000 10.00000000000 10.00000000000 10.00000000000 10.00000000000 10.00000000000 10.00000000000 10.00000000000 10.00000000000 10.00000000000 10.00000000000 10.00000000000 10.00000000000 10.00000000000 10.00000000000 10.00000000000 10.00000000000 10.00000000000 10.00000000000 10.00000000000 10.00000000000
 10.00000000000 10.00000000000 10.00000000000 10.00000000000 10.00000000000 10.00000000000 10.00000000000 10.00000000000 10.00000000000 10.00000000000 10.00000000000 10.00000000000 10.00000000000 10.00000000000 10.00000000000 10.00000000000 10.00000000000 10.00000000000 10.00000000000 10.00000000000 10.00000000000 10.00000000000 10.00000000000 10.00000000000 10.00000000000 10.00000000000 10.00000000000 10.00000000000 10.00000000000 10.00000000000 10.00000000000 10.00000000000
 10.00000000000 10.00000000000 10.00000000000 10.00000000000 10.00000000000 10.00000000000 10.00000000000 10.00000000000 10.00000000000 10.00000000000 10.00000000000 10.00000000000 10.00000000000 10.00000000000 10.00000000000 10.00000000000 10.00000000000 10.00000000000 10.00000000000 10.00000000000 10.00000000000 10.00000000000 10.00000000000 10.00000000000 10.00000000000 10.00000000000 10.00000000000 10.00000000000 10.00000000000 10.00000000000 10.00000000000 10.00000000000
 10.00000000000 10.00000000000 10.00000000000 10.00000000000 10.00000000000 10.00000000000 10.00000000000 10.00000000000 10.00000000000 10.00000000000 10.00000000000 10.00000000000 10.00000000000 10.00000000000 10.00000000000 10.00000000000 10.00000000000 10.00000000000 10.00000000000 10.00000000000 10.00000000000 10.00000000000 10.00000000000 10.00000000000 10.00000000000 10.00000000000 10.00000000000 10.00000000000 10.00000000000 10.00000000000 10.00000000000 10.00000000000
 10.00000000000 10.00000000000 10.00000000000 10.00000000000 10.00000000000 10.00000000000 10.00000000000 10.00000000000 10.00000000000 10.00000000000 10.00000000000 10.00000000000 10.00000000000 10.00000000000 10.00000000000 10.00000000000 10.00000000000 10.00000000000 10.00000000000 10.00000000000 10.00000000000 10.00000000000 10.00000000000 10.00000000000 10.00000000000 10.00000000000 10.00000000000 10.00000000000 10.00000000000 10.00000000000 10.00000000000 10.00000000000
 10.00000000000 10.00000000000 10.00000000000 10.00000000000 10.00000000000 10.00000000000 10.00000000000 10.00000000000 10.00000000000 10.00000000000 10.00000000000 10.00000000000 10.00000000000 10.00000000000 10.00000000000 10.00000000000 10.00000000000 10.00000000000 10.00000000000 10.00000000000 10.00000000000 10.00000000000 10.00000000000 10.00000000000 10.00000000000 10.00000000000 10.00000000000 10.00000000000 10.00000000000 10.00000000000 10.00000000000 10.00000000000
 10.00000000000 10.00000000000 10.00000000000 10.00000000000 10.00000000000 10.00000000000 10.00000000000 10.00000000000 10.00000000000 10.00000000000 10.00000000000 10.00000000000 10.00000000000 10.00000000000 10.00000000000 10.00000000000 10.00000000000 10.00000000000 10.00000000000 10.00000000000 10.00000000000 10.00000000000 10.00000000000 10.00000000000 10.00000000000 10.00000000000 10.00000000000 10.00000000000 10.00000000000 10.00000000000 10.00000000000 10.00000000000
 10.00000000000 10.00000000000 10.00000000000 10.00000000000 10.00000000000 10.00000000000 10.00000000000 10.00000000000 10.00000000000 10.00000000000 10.00000000000 10.00000000000 10.00000000000 10.00000000000 10.00000000000 10.00000000000 10.00000000000 10.00000000000 10.00000000000 10.00000000000 10.00000000000 10.00000000000 10.00000000000 10.00000000000 10.00000000000 10.00000000000 10.00000000000 10.00000000000 10.00000000000 10.00000000000 10.00000000000 10.00000000000
 10.00000000000 10.00000000000 10.00000000000 10.00000000000 10.00000000000 10.00000000000 10.00000000000 10.00000000000 10.00000000000 10.00000000000 10.00000000000 10.00000000000 10.00000000000 10.00000000000 10.00000000000 10.00000000000 10.00000000000 10.00000000000 10.00000000000 10.00000000000 10.00000000000 10.00000000000 10.00000000000 10.00000000000 10.00000000000 10.00000000000 10.00000000000 10.00000000000 10.00000000000 10.00000000000 10.00000000000 10.00000000000

 10.00000000000 10.00000000000 10.00000000000 10.00000000000 10.00000000000 10.00000000000 10.00000000000 10.00000000000 10.00000000000 10.00000000000 10.00000000000 10.00000000000 10.00000000000 10.00000000000 10.00000000000 10.00000000000 10.00000000000 10.00000000000 10.00000000000 10.00000000000 10.00000000000 10.00000000000 10.00000000000 10.00000000000 10.00000000000 10.00000000000 10.00000000000 10.00000000000 10.00000000000 10.00000000000 10.00000000000 10.00000000000
 10.00000000000  9.99758653233  9.99519863549  9.99286154210  9.99059981908  9.98843706082  9.98639561132  9.98449632123  9.98275834358  9.98119896901  9.97983349897  9.97867515347  9.97773500821  9.97702195496  9.97654267929  9.97630164937  9.97630111122  9.97654108687  9.97701937337  9.97773154303  9.97867094646  9.97982872223  9.98119381801  9.98275302914  9.98449106090  9.98639062051  9.98843254393  9.99059596114  9.99285850119  9.99519653622  9.99758546073 10.00000000000
 10.00000000000  9.99519863549  9.99044814007  9.98579871013  9.98129921809  9.97699660211  9.97293531325  9.96915683237  9.96569926354  9.96259700619  9.95988050284  9.95757605530  9.95570569946  9.95428712644  9.95333363791  9.95285412389  9.95285305321  9.95333046965  9.95428199017  9.95569880525  9.95756768515  9.95987099917  9.96258675790  9.96568869006  9.96914636656  9.97292538367  9.97698761542  9.98129154244  9.98579266001  9.99044396341  9.99519650347 10.00000000000
 10.00000000000  9.99286154210  9.98579871013  9.97888613033  9.97219646134  9.96579948709  9.95976129519  9.95414355852  9.94900293083  9.94439055903  9.94035170776  9.93692548593  9.93414465999  9.93203553647  9.93061789516  9.92990495581  9.92990336375  9.93061318409  9.93202789905  9.93413440857  9.93691303984  9.94033757619  9.94437532023  9.94898720850  9.95412799628  9.95974653029  9.96578612424  9.97218504795  9.97887713405  9.98579249961  9.99285837187 10.00000000000
 10.00000000000  9.99059981908  9.98129921809  9.97219646134  9.96338722350  9.95496339576  9.94701200407  9.93961426334  9.93284478127  9.92677091582  9.92145228032  9.91694038270  9.91327837895  9.91050091776  9.90863405193  9.90769519405  9.90769309718  9.90862784709  9.91049085868  9.91326487704  9.91692399023  9.92143366794  9.92675084512  9.93282407372  9.93959376666  9.94699255755  9.95494579584  9.96337219118  9.97218461253  9.98129103835  9.99059564364 10.00000000000
 10.00000000000  9.98843706082  9.97699660211  9.96579948709  9.95496339576  9.94460135700  9.93482041852  9.92572048346  9.91739333096  9.90992182514  9.90337930566  9.89782914294  9.89332443396  9.88990781009  9.88761132727  9.88645641075  9.88645383088  9.88760369314  9.88989543390  9.89330782189  9.89780897448  9.90335640592  9.90989713117  9.91736785344  9.92569526538  9.93479649249  9.94457970296  9.95494490075  9.96578490892  9.97698653817  9.98843192358 10.00000000000
 10.00000000000  9.98639561132  9.97293531325  9.95976129519  9.94701200407  9.93482041852  9.92331248443  9.91260574651  9.90280819549  9.89401733684  9.88631947263  9.87978917705  9.87448893709  9.87046892517  9.86776686875  9.86640798432  9.86640494820  9.86775788455  9.87045436029  9.87446938722  9.87976544186  9.88629252316  9.89398827583  9.90277821236  9.91257606870  9.92328432717  9.93479493503  9.94699023829  9.95974413892  9.97292346954  9.98638956557 10.00000000000
 10.00000000000  9.98449632123  9.96915683237  9.95414355852  9.93961426334  9.92572048346  9.91260574651  9.90040401173  9.88923835597  9.87921991145  9.87044704616  9.86300476461  9.85696429672  9.85238283707  9.84930339487  9.84775471754  9.84775125662  9.84929315364  9.85236623434  9.85694201153  9.86297770851  9.87041632604  9.87918678436  9.88920417774  9.90037018154  9.91257364961  9.92569143443  9.93958945219  9.95412400182  9.96914333154  9.98448942958 10.00000000000
 10.00000000000  9.98275834358  9.96569926354  9.94900293083  9.93284478127  9.91739333096  9.90280819549  9.88923835597  9.87682069730  9.86567882588  9.85592215673  9.84764524525  9.84092732825  9.83583203202  9.83240720393  9.83068482600  9.83068097604  9.83239581151  9.83581356302  9.84090253802  9.84761514783  9.85588798342  9.86564197504  9.87678267716  9.88920072300  9.90277249065  9.91736101659  9.93281718115  9.94898117581  9.96568424511  9.98275067726 10.00000000000
 10.00000000000  9.98119896901  9.96259700619  9.94439055903  9.92677091582  9.90992182514  9.89401733684  9.87921991145  9.86567882588  9.85352888312  9.84288941527  9.83386355297  9.82653772291  9.82098132758  9.81724655975  9.81536830685  9.81536410757  9.81723413361  9.82096118274  9.82651068328  9.83383072458  9.84285214116  9.85348868853  9.86563735589  9.87917886375  9.89397839222  9.90988657865  9.92674081133  9.94436683001  9.96258062503  9.98119060706 10.00000000000
 10.00000000000  9.97983349897  9.95988050284  9.94035170776  9.92145228032  9.90337930566  9.88631947263  9.87044704616  9.85592215673  9.84288941527  9.83147684225  9.82179508217  9.81393686252  9.80797664824  9.80397044098  9.80195567500  9.80195116958  9.80395710897  9.80795503484  9.81390785170  9.82175986059  9.83143685086  9.84284629049  9.85587766357  9.87040300609  9.88627768895  9.90334148970  9.92141998121  9.94032624889  9.95986292749  9.97982452744 10.00000000000
 10.00000000000  9.97867515347  9.95757605530  9.93692548593  9.91694038270  9.89782914294  9.87978917705  9.86300476461  9.84764524525  9.83386355297  9.82179508217  9.81155685531  9.80324694877  9.79694412563  9.79270762160  9.79057703357  9.79057226828  9.79269352061  9.79692126561  9.80321626465  9.81151960220  9.82175278414  9.83381794081  9.84759818580  9.86295818437  9.87974498335  9.89778914581  9.91690622062  9.93689855863  9.95755746623  9.97866566448 10.00000000000
 10.00000000000  9.97773500821  9.95570569946  9.93414465999  9.91327837895  9.89332443396  9.87448893709  9.85696429672  9.84092732825  9.82653772291  9.81393686252  9.80324694877  9.79457040214  9.78798947671  9.78356603516  9.78134143116  9.78133645485  9.78355130973  9.78796560434  9.79453835919  9.80320804593  9.81389269134  9.82649009084  9.84087818479  9.85691565370  9.87444278629  9.89328266558  9.91324270403  9.93411654023  9.95568628719  9.97772509899 10.00000000000
 10.00000000000  9.97702195496  9.95428712644  9.93203553647  9.91050091776  9.88990781009  9.87046892517  9.85238283707  9.83583203202  9.82098132758  9.80797664824  9.79694412563  9.78798947671  9.78119760492  9.77663236668  9.77433644902  9.77433131260  9.77661716746  9.78117296448  9.78795640281  9.79690397112  9.80793105589  9.82093216299  9.83578130742  9.85233262900  9.87042128952  9.88986469785  9.91046409504  9.93200651199  9.95426708959  9.97701172693 10.00000000000
 10.00000000000  9.97654267929  9.95333363791  9.93061789516  9.90863405193  9.88761132727  9.86776686875  9.84930339487  9.83240720393  9.81724655975  9.80397044098  9.79270762160  9.78356603516  9.77663236668  9.77197181333  9.76962795884  9.76962271480  9.77195629567  9.77660720998  9.78353226831  9.79266662578  9.80392389339  9.81719636508  9.83235541657  9.84925213485  9.86771823505  9.88756731175  9.90859645771  9.93058826256  9.95331318125  9.97653223697 10.00000000000
 10.00000000000  9.97630164937  9.95285412389  9.92990495581  9.90769519405  9.88645641075  9.86640798432  9.84775471754  9.83068482600  9.81536830685  9.80195567500  9.79057703357  9.78134143116  9.77433644902  9.76962795884  9.76725999547  9.76725469736  9.76961228117  9.77431103292  9.78130731613  9.79053561504  9.80190864745  9.81531759462  9.83063250464  9.84770292898  9.86635884915  9.88641194139  9.90765721218  9.92987501766  9.95283345630  9.97629109937 10.00000000000
 10.00000000000  9.97630111122  9.95285305321  9.92990336375  9.90769309718  9.88645383088  9.86640494820  9.84775125662  9.83068097604  9.81536410757  9.80195116958  9.79057226828  9.78133645485  9.77433131260  9.76962271480  9.76725469736  9.76724939925  9.76960703714  9.77430589650  9.78130233982  9.79053084975  9.80190414203  9.81531339533  9.83062865468  9.84769946806  9.86635581303  9.88640936151  9.90765511531  9.92987342561  9.95283238562  9.97629056122 10.00000000000
 10.00000000000  9.97654108687  9.95333046965  9.93061318409  9.90862784709  9.88760369314  9.86775788455  9.84929315364  9.83239581151  9.81723413361  9.80395710897  9.79269352061  9.78355130973  9.77661716746  9.77195629567  9.76961228117  9.76960703714  9.77194077800  9.77659201077  9.78351754287  9.79265252480  9.80391056138  9.81718393894  9.83234402414  9.84924189362  9.86770925085  9.88755967762  9.90859025286  9.93058355149  9.95331001299  9.97653064454 10.00000000000
 10.00000000000  9.97701937337  9.95428199017  9.93202789905  9.91049085868  9.88989543390  9.87045436029  9.85236623434  9.83581356302  9.82096118274  9.80795503484  9.79692126561  9.78796560434  9.78117296448  9.77660720998  9.77431103292  9.77430589650  9.77659201077  9.78114832404  9.78793253044  9.79688111110  9.80790944250  9.82091201816  9.83576283842  9.85231602627  9.87040672464  9.88985232166  9.91045403595  9.93199887456  9.95426195332  9.97700914534 10.00000000000
 10.00000000000  9.97773154303  9.95569880525  9.93413440857  9.91326487704  9.89330782189  9.87446938722  9.85694201153  9.84090253802  9.82651068328  9.81390785170  9.80321626465  9.79453835919  9.78795640281  9.78353226831  9.78130731613  9.78130233982  9.78351754287  9.78793253044  9.79450631624  9.80317736181  9.81386368052  9.82646305121  9.84085339457  9.85689336850  9.87442323643  9.89326605351  9.91322920212  9.93410628881  9.95567939297  9.97772163382 10.00000000000
 10.00000000000  9.97867094646  9.95756768515  9.93691303984  9.91692399023  9.89780897448  9.87976544186  9.86297770851  9.84761514783  9.83383072458  9.82175986059  9.81151960220  9.80320804593  9.79690397112  9.79266662578  9.79053561504  9.79053084975  9.79265252480  9.79688111110  9.80317736181  9.81148234909  9.82171756255  9.83378511242  9.84756808837  9.86293112826  9.87972124816  9.89776897735  9.91688982816  9.93688611254  9.95754909608  9.97866145747 10.00000000000
 10.00000000000  9.97982872223  9.95987099917  9.94033757619  9.92143366794  9.90335640592  9.88629252316  9.87041632604  9.85588798342  9.84285214116  9.83143685086  9.82175278414  9.81389269134  9.80793105589  9.80392389339  9.80190864745  9.80190414203  9.80391056138  9.80790944250  9.81386368052  9.82171756255  9.83139685947  9.84280901638  9.85584349027  9.87037228597  9.88625073948  9.90331858997  9.92140136883  9.94031211732  9.95985342382  9.97981975070 10.00000000000
 10.00000000000  9.98119381801  9.96258675790  9.94437532023  9.92675084512  9.90989713117  9.89398827583  9.87918678436  9.86564197504  9.85348868853  9.84284629049  9.83381794081  9.82649009084  9.82093216299  9.81719636508  9.81531759462  9.81531339533  9.81718393894  9.82091201816  9.82646305121  9.83378511242  9.84280901638  9.85344849393  9.86560050505  9.87914573666  9.89394933121  9.90986188468  9.92672074063  9.94435159120  9.96257037674  9.98118545606 10.00000000000
 10.00000000000  9.98275302914  9.96568869006  9.94898720850  9.93282407372  9.91736785344  9.90277821236  9.88920417774  9.87678267716  9.86563735589  9.85587766357  9.84759818580  9.84087818479  9.83578130742  9.83235541657  9.83063250464  9.83062865468  9.83234402414  9.83576283842  9.84085339457  9.84756808837  9.85584349027  9.86560050505  9.87674465703  9.88916654477  9.90274250752  9.91733553907  9.93279647360  9.94896545347  9.96567367163  9.98274536282 10.00000000000
 10.00000000000  9.98449106090  9.96914636656  9.95412799628  9.93959376666  9.92569526538  9.91257606870  9.90037018154  9.88920072300  9.87917886375  9.87040300609  9.86295818437  9.85691565370  9.85233262900  9.84925213485  9.84770292898  9.84769946806  9.84924189362  9.85231602627  9.85689336850  9.86293112826  9.87037228597  9.87914573666  9.88916654477  9.90033635135  9.91254397180  9.92566621635  9.93956895551  9.95410843958  9.96913286573  9.98448416926 10.00000000000
 10.00000000000  9.98639062051  9.97292538367  9.95974653029  9.94699255755  9.93479649249  9.92328432717  9.91257364961  9.90277249065  9.89397839222  9.88627768895  9.87974498335  9.87444278629  9.87042128952  9.86771823505  9.86635884915  9.86635581303  9.86770925085  9.87040672464  9.87442323643  9.87972124816  9.88625073948  9.89394933121  9.90274250752  9.91254397180  9.92325616991  9.93477100900  9.94697079177  9.95972937402  9.97291353996  9.98638457476 10.00000000000
 10.00000000000  9.98843254393  9.97698761542  9.96578612424  9.95494579584  9.94457970296  9.93479493503  9.92569143443  9.91736101659  9.90988657865  9.90334148970  9.89778914581  9.89328266558  9.88986469785  9.88756731175  9.88641194139  9.88640936151  9.88755967762  9.88985232166  9.89326605351  9.89776897735  9.90331858997  9.90986188468  9.91733553907  9.92566621635  9.93477100900  9.94455804891  9.95492730084  9.96577154607  9.97697755148  9.98842740668 10.00000000000
 10.00000000000  9.99059596114  9.98129154244  9.97218504795  9.96337219118  9.95494490075  9.94699023829  9.93958945219  9.93281718115  9.92674081133  9.92141998121  9.91690622062  9.91324270403  9.91046409504  9.90859645771  9.90765721218  9.90765511531  9.90859025286  9.91045403595  9.91322920212  9.91688982816  9.92140136883  9.92672074063  9.93279647360  9.93956895551  9.94697079177  9.95492730084  9.96335715886  9.97217319915  9.98128336270  9.99059178570 10.00000000000
 10.00000000000  9.99285850119  9.98579266001  9.97887713405  9.97218461253  9.96578490892  9.95974413892  9.95412400182  9.94898117581  9.94436683001  9.94032624889  9.93689855863  9.93411654023  9.93200651199  9.93058826256  9.92987501766  9.92987342561  9.93058355149  9.93199887456  9.93410628881  9.93688611254  9.94031211732  9.94435159120  9.94896545347  9.95410843958  9.95972937402  9.96577154607  9.97217319915  9.97886813777  9.98578644949  9.99285533096 10.00000000000
 10.00000000000  9.99519653622  9.99044396341  9.98579249961  9.98129103835  9.97698653817  9.97292346954  9.96914333154  9.96568424511  9.96258062503  9.95986292749  9.95755746623  9.95568628719  9.95426708959  9.95331318125  9.95283345630  9.95283238562  9.95331001299  9.95426195332  9.95567939297  9.95754909608  9.95985342382  9.96257037674  9.96567367163  9.96913286573  9.97291353996  9.97697755148  9.98128336270  9.98578644949  9.99043978676  9.99519440420 10.00000000000
 10.00000000000  9.99758546073  9.99519650347  9.99285837187  9.99059564364  9.98843192358  9.98638956557  9.98448942958  9.98275067726  9.98119060706  9.97982452744  9.97866566448  9.97772509899  9.97701172693  9.97653223697  9.97629109937  9.97629056122  9.97653064454  9.97700914534  9.97772163382  9.97866145747  9.97981975070  9.98118545606  9.98274536282  9.98448416926  9.98638457476  9.98842740668  9.99059178570  9.99285533096  9.99519440420  9.99758438914 10.00000000000
 10.00000000000 10.00000000000 10.00000000000 10.00000000000 10.00000000000 10.00000000000 10.00000000000 10.00000000000 10.00000000000 10.00000000000 10.00000000000 10.00000000000 10.00000000000 10.00000000000 10.00000000000 10.00000000000 10.00000000000 10.00000000000 10.00000000000 10.00000000000 10.00000000000 10.00000000000 10.00000000000 10.00000000000 10.00000000000 10.00000000000 10.00000000000 10.00000000000 10.00000000000 10.00000000000 10.00000000000 10.00000000000

 10.00000000000 10.00000000000 10.00000000000 10.00000000000 10.00000000000 10.00000000000 10.00000000000 10.00000000000 10.00000000000 10.00000000000 10.00000000000 10.00000000000 10.00000000000 10.00000000000 10.00000000000 10.00000000000 10.00000000000 10.00000000000 10.00000000000 10.00000000000 10.00000000000 10.00000000000 10.00000000000 10.00000000000 10.00000000000 10.00000000000 10.00000000000 10.00000000000 10.00000000000 10.00000000000 10.00000000000 10.00000000000
 10.00000000000  9.99518153109  9.99041416494  9.98574832356  9.98123308952  9.97691558962  9.97284043770  9.96904924916  9.96558023403  9.96246787060  9.95974265613  9.95743092711  9.95555473863  9.95413179026  9.95317538572  9.95269441422  9.95269334354  9.95317221746  9.95412665399  9.95554784442  9.95742255695  9.95973315246  9.96245762231  9.96556966055  9.96903878335  9.97283050812  9.97690660293  9.98122541387  9.98574227344  9.99040998829  9.99517939907 10.00000000000
 10.00000000000  9.99041416494  9.98092998977  9.97164778048  9.96266517921  9.95407593823  9.94596881180  9.93842659026  9.93152529055  9.92533350662  9.91991191327  9.91531290826  9.91158037196  9.90874951956  9.90684682053  9.90588996126  9.90588783106  9.90684051705  9.90873930058  9.91156665542  9.91529625523  9.91989300503  9.92531311689  9.93150425384  9.93840576777  9.94594905615  9.95405805855  9.96264990794  9.97163574333  9.98092168000  9.99040992313 10.00000000000
 10.00000000000  9.98574832356  9.97164778048  9.95784749226  9.94449262162  9.93172255059  9.91966923329  9.90845575993  9.89819515321  9.88898940205  9.88092872325  9.87409102869  9.86854156705  9.86433270336  9.86150379840  9.86008115270  9.86007798518  9.86149442538  9.86431750814  9.86852117111  9.87406626629  9.88090060745  9.88895908334  9.89816387246  9.90842479773  9.91963985744  9.93169596423  9.94446991385  9.95782959350  9.97163542420  9.98574201616 10.00000000000
 10.00000000000  9.98123308952  9.96266517921  9.94449262162  9.92690655952  9.91009052788  9.89421828542  9.87945192392  9.86594028287  9.85381767637  9.84320291958  9.83419862587  9.82689073344  9.82134821362  9.81762291079  9.81574946749  9.81574529562  9.81761056579  9.82132820033  9.82686387038  9.83416601185  9.84316588888  9.85377774425  9.86589908369  9.87941114427  9.89417959513  9.91005551156  9.92687665162  9.94446904755  9.96264890502  9.98122478218 10.00000000000
 10.00000000000  9.97691558962  9.95407593823  9.93172255059  9.91009052788  9.88940561963  9.86988155748  9.85171772981  9.83509723111  9.82018529481  9.80712809410  9.79605187524  9.78706237316  9.78024445037  9.77566189825  9.77335734326  9.77335221040  9.77564670959  9.78021982704  9.78702932221  9.79601174860  9.80708253340  9.82013616435  9.83504654171  9.85166755659  9.86983395489  9.88936253731  9.91005373071  9.93169354625  9.95405591528  9.97690536868 10.00000000000
 10.00000000000  9.97284043770  9.94596881180  9.91966923329  9.89421828542  9.86988155748  9.84691050927  9.82553973551  9.80598467026  9.78843974152  9.77307695803  9.76004488690  9.74946796304  9.74144606156  9.73605426127  9.73334273233  9.73333669175  9.73603638655  9.74141708367  9.74942906714  9.75999766400  9.77302334008  9.78838192251  9.80592501663  9.82548068933  9.84685448833  9.86983085621  9.89417498080  9.91963509963  9.94594524787  9.97282840924 10.00000000000
 10.00000000000  9.96904924916  9.93842659026  9.90845575993  9.87945192392  9.85171772981  9.82553973551  9.80118529222  9.77889992758  9.75890524081  9.74139728941  9.72654542075  9.71449148156  9.70534932705  9.69920454826  9.69611434149  9.69610745574  9.69918417258  9.70531629470  9.71444714353  9.72649159064  9.74133616947  9.75883933202  9.77883192747  9.80111798456  9.82547587637  9.85165993464  9.87940256031  9.90841685045  9.93839972937  9.96903553772 10.00000000000
 10.00000000000  9.96558023403  9.93152529055  9.89819515321  9.86594028287  9.83509723111  9.80598467026  9.77889992758  9.75411607415  9.73187958186  9.71240852626  9.69589128324  9.68248564587  9.67231827452  9.66548438999  9.66204762540  9.66203996563  9.66546172393  9.67228152907  9.68243632390  9.69583140220  9.71234053596  9.73180626441  9.75404043029  9.77882505401  9.80591363286  9.83503293930  9.86588537040  9.89815186999  9.93149541028  9.96556498131 10.00000000000
 10.00000000000  9.96246787060  9.92533350662  9.88898940205  9.85381767637  9.82018529481  9.78843974152  9.75890524081  9.73187958186  9.70763156157  9.68639902138  9.66838742213  9.65376887657  9.64268154547  9.63522929913  9.63148155269  9.63147319789  9.63520457640  9.64264146583  9.65371507924  9.66832210763  9.68632486180  9.70755159146  9.73179707427  9.75882357339  9.78836225835  9.82011516932  9.85375778127  9.88894219142  9.92530091509  9.96245123390 10.00000000000
 10.00000000000  9.95974265613  9.91991191327  9.88092872325  9.84320291958  9.80712809410  9.77307695803  9.74139728941  9.71240852626  9.68639902138  9.66362393322  9.64430369307  9.62862296294  9.61672998333  9.60873620640  9.60471611595  9.60470715209  9.60870968139  9.61668698190  9.62856524378  9.64423361715  9.66354436741  9.68631322146  9.71232000387  9.74130966844  9.77299382634  9.80705285647  9.84313865814  9.88087807096  9.91987694582  9.95972480661 10.00000000000
 10.00000000000  9.95743092711  9.91531290826  9.87409102869  9.83419862587  9.79605187524  9.76004488690  9.72654542075  9.69589128324  9.66838742213  9.64430369307  9.62387323483  9.60729136300  9.59471487629  9.58626166475  9.58201051642  9.58200103554  9.58623360981  9.59466939460  9.60723031469  9.62379911702  9.64421953802  9.66829667338  9.69579765499  9.72645274593  9.75995696028  9.79597229801  9.83413065791  9.87403745485  9.91527592394  9.95741204805 10.00000000000
 10.00000000000  9.95555473863  9.91158037196  9.86854156705  9.82689073344  9.78706237316  9.74946796304  9.71449148156  9.68248564587  9.65376887657  9.62862296294  9.60729136300  9.58997804482  9.57684675838  9.56802062330  9.56358192423  9.56357202349  9.56799132596  9.57679926255  9.58991429301  9.60721396293  9.62853508112  9.65367410907  9.68238787135  9.71439470269  9.74937614264  9.78697927189  9.82681975556  9.86848562073  9.91154174981  9.95553502352 10.00000000000
 10.00000000000  9.95413179026  9.90874951956  9.86433270336  9.82134821362  9.78024445037  9.74144606156  9.70534932705  9.67231827452  9.64268154547  9.61672998333  9.59471487629  9.57684675838  9.56329465508  9.55418565511  9.54960469710  9.54959447781  9.55415541516  9.56324563111  9.57678095542  9.59463498595  9.61663927401  9.64258372891  9.67221735419  9.70524943441  9.74135128693  9.78015867540  9.82127495210  9.86427495701  9.90870965478  9.95411144084 10.00000000000
 10.00000000000  9.95317538572  9.90684682053  9.86150379840  9.81762291079  9.77566189825  9.73605426127  9.69920454826  9.66548438999  9.63522929913  9.60873620640  9.58626166475  9.56802062330  9.55418565511  9.54488651813  9.54020993581  9.54019950242  9.54485564460  9.55413560401  9.56795344165  9.58618010057  9.60864359656  9.63512943316  9.66538135522  9.69910256270  9.73595750096  9.77557432615  9.81754811431  9.86144484216  9.90680612050  9.95315460994 10.00000000000
 10.00000000000  9.95269441422  9.90588996126  9.86008115270  9.81574946749  9.77335734326  9.73334273233  9.69611434149  9.66204762540  9.63148155269  9.60471611595  9.58201051642  9.56358192423  9.54960469710  9.54020993581  9.53548526180  9.53547472082  9.54017874394  9.54955412991  9.56351404986  9.58192811122  9.60462255119  9.63138065697  9.66194352821  9.69601130434  9.73324497430  9.77326886818  9.81567389977  9.86002158856  9.90584884157  9.95267342423 10.00000000000
 10.00000000000  9.95269334354  9.90588783106  9.86007798518  9.81574529562  9.77335221040  9.73333669175  9.69610745574  9.66203996563  9.63147319789  9.60470715209  9.58200103554  9.56357202349  9.54959447781  9.54019950242  9.53547472082  9.53546417985  9.54016831055  9.54954391063  9.56350414912  9.58191863034  9.60461358733  9.63137230218  9.66193586845  9.69600441858  9.73323893372  9.77326373533  9.81566972790  9.86001842104  9.90584671137  9.95267235355 10.00000000000
 10.00000000000  9.95317221746  9.90684051705  9.86149442538  9.81761056579  9.77564670959  9.73603638655  9.69918417258  9.66546172393  9.63520457640  9.60870968139  9.58623360981  9.56799132596  9.55415541516  9.54485564460  9.54017874394  9.54016831055  9.54482477107  9.55410536406  9.56792414431  9.58615204563  9.60861707154  9.63510471043  9.66535868915  9.69908218702  9.73593962623  9.77555913749  9.81753576931  9.86143546914  9.90679981702  9.95315144169 10.00000000000
 10.00000000000  9.95412665399  9.90873930058  9.86431750814  9.82132820033  9.78021982704  9.74141708367  9.70531629470  9.67228152907  9.64264146583  9.61668698190  9.59466939460  9.57679926255  9.56324563111  9.55413560401  9.54955412991  9.54954391063  9.55410536406  9.56319660715  9.57673345959  9.59458950425  9.61659627257  9.64254364928  9.67218060875  9.70521640206  9.74132230904  9.78013405207  9.82125493881  9.86425976179  9.90869943580  9.95410630457 10.00000000000
