
 10.00000000000 10.00000000000 10.00000000000 10.00000000000 10.00000000000 10.00000000000 10.00000000000 10.00000000000 10.00000000000 10.00000000000 10.00000000000 10.00000000000 10.00000000000 10.00000000000 10.00000000000 10.00000000000 10.00000000000 10.00000000000 10.00000000000 10.00000000000 10.00000000000 10.00000000000 10.00000000000 10.00000000000 10.00000000000 10.00000000000 10.00000000000 10.00000000000 10.00000000000 10.00000000000 10.00000000000 10.00000000000
 10.00000000000 10.00000000000 10.00000000000 10.00000000000 10.00000000000 10.00000000000 10.00000000000 10.00000000000 10.00000000000 10.00000000000 10.00000000000 10.00000000000 10.00000000000 10.00000000000 10.00000000000 10.00000000000 10.00000000000 10.00000000000 10.00000000000 10.00000000000 10.00000000000 10.00000000000 10.00000000000 10.00000000000 10.00000000000 10.00000000000 10.00000000000 10.00000000000 10.00000000000 10.00000000000 10.00000000000 10.00000000000
 10.00000000000 10.00000000000 10.00000000000 10.00000000000 10.00000000000 10.00000000000 10.00000000000 10.00000000000 10.00000000000 10.00000000000 10.00000000000 10.00000000000 10.00000000000 10.00000000000 10.00000000000 10.00000000000 10.00000000000 10.00000000000 10.00000000000 10.00000000000 10.00000000000 10.00000000000 10.00000000000 10.00000000000 10.00000000000 10.00000000000 10.00000000000 10.00000000000 10.00000000000 10.00000000000 10.00000000000 10.00000000000
 10.00000000000 10.00000000000 10.00000000000 10.00000000000 10.00000000000 10.00000000000 10.00000000000 10.00000000000 10.00000000000 10.00000000000 10.00000000000 10.00000000000 10.00000000000 10.00000000000 10.00000000000 10.00000000000 10.00000000000 10.00000000000 10.00000000000 10.00000000000 10.00000000000 10.00000000000 10.00000000000 10.00000000000 10.00000000000 10.00000000000 10.00000000000 10.00000000000 10.00000000000 10.00000000000 10.00000000000 10.00000000000
 10.00000000000 10.00000000000 10.00000000000 10.00000000000 10.00000000000 10.00000000000 10.00000000000 10.00000000000 10.00000000000 10.00000000000 10.00000000000 10.00000000000 10.00000000000 10.00000000000 10.00000000000 10.00000000000 10.00000000000 10.00000000000 10.00000000000 10.00000000000 10.00000000000 10.00000000000 10.00000000000 10.00000000000 10.00000000000 10.00000000000 10.00000000000 10.00000000000 10.00000000000 10.00000000000 10.00000000000 10.00000000000
 10.00000000000 10.00000000000 10.00000000000 10.00000000000 10.00000000000 10.00000000000 10.00000000000 10.00000000000 10.00000000000 10.00000000000 10.00000000000 10.00000000000 10.00000000000 10.00000000000 10.00000000000 10.00000000000 10.00000000000 10.00000000000 10.00000000000 10.00000000000 10.00000000000 10.00000000000 10.00000000000 10.00000000000 10.00000000000 10.00000000000 10.00000000000 10.00000000000 10.00000000000 10.00000000000 10.00000000000 10.00000000000
 10.00000000000 10.00000000000 10.00000000000 10.00000000000 10.00000000000 10.00000000000 10.00000000000 10.00000000000 10.00000000000 10.00000000000 10.00000000000 10.00000000000 10.00000000000 10.00000000000 10.00000000000 10.00000000000 10.00000000000 10.00000000000 10.00000000000 10.00000000000 10.00000000000 10.00000000000 10.00000000000 10.00000000000 10.00000000000 10.00000000000 10.00000000000 10.00000000000 10.00000000000 10.00000000000 10.00000000000 10.00000000000
 10.00000000000 10.00000000000 10.00000000000 10.00000000000 10.00000000000 10.00000000000 10.00000000000 10.00000000000 10.00000000000 10.00000000000 10.00000000000 10.00000000000 10.00000000000 10.00000000000 10.00000000000 10.00000000000 10.00000000000 10.00000000000 10.00000000000 10.00000000000 10.00000000000 10.00000000000 10.00000000000 10.00000000000 10.00000000000 10.00000000000 10.00000000000 10.00000000000 10.00000000000 10.00000000000 10.00000000000 10.00000000000
 10.00000000000 10.00000000000 10.00000000000 10.00000000000 10.00000000000 10.00000000000 10.00000000000 10.00000000000 10.00000000000 10.00000000000 10.00000000000 10.00000000000 10.00000000000 10.00000000000 10.00000000000 10.00000000000 10.00000000000 10.00000000000 10.00000000000 10.00000000000 10.00000000000 10.00000000000 10.00000000000 10.00000000000 10.00000000000 10.00000000000 10.00000000000 10.00000000000 10.00000000000 10.00000000000 10.00000000000 10.00000000000
 10.00000000000 10.00000000000 10.00000000000 10.00000000000 10.00000000000 10.00000000000 10.00000000000 10.00000000000 10.00000000000 10.00000000000 10.00000000000 10.00000000000 10.00000000000 10.00000000000 10.00000000000 10.00000000000 10.00000000000 10.00000000000 10.00000000000 10.00000000000 10.00000000000 10.00000000000 10.00000000000 10.00000000000 10.00000000000 10.00000000000 10.00000000000 10.00000000000 10.00000000000 10.00000000000 10.00000000000 10.00000000000
 10.00000000000 10.00000000000 10.00000000000 10.00000000000 10.00000000000 10.00000000000 10.00000000000 10.00000000000 10.00000000000 10.00000000000 10.00000000000 10.00000000000 10.00000000000 10.00000000000 10.00000000000 10.00000000000 10.00000000000 10.00000000000 10.00000000000 10.00000000000 10.00000000000 10.00000000000 10.00000000000 10.00000000000 10.00000000000 10.00000000000 10.00000000000 10.00000000000 10.00000000000 10.00000000000 10.00000000000 10.00000000000
 10.00000000000 10.00000000000 10.00000000000 10.00000000000 10.00000000000 10.00000000000 10.00000000000 10.00000000000 10.00000000000 10.00000000000 10.00000000000 10.00000000000 10.00000000000 10.00000000000 10.00000000000 10.00000000000 10.00000000000 10.00000000000 10.00000000000 10.00000000000 10.00000000000 10.00000000000 10.00000000000 10.00000000000 10.00000000000 10.00000000000 10.00000000000 10.00000000000 10.00000000000 10.00000000000 10.00000000000 10.00000000000
 10.00000000000 10.00000000000 10.00000000000 10.00000000000 10.00000000000 10.00000000000 10.00000000000 10.00000000000 10.00000000000 10.00000000000 10.00000000000 10.00000000000 10.00000000000 10.00000000000 10.00000000000 10.00000000000 10.00000000000 10.00000000000 10.00000000000 10.00000000000 10.00000000000 10.00000000000 10.00000000000 10.00000000000 10.00000000000 10.00000000000 10.00000000000 10.00000000000 10.00000000000 10.00000000000 10.00000000000 10.00000000000
 10.00000000000 10.00000000000 10.00000000000 10.00000000000 10.00000000000 10.00000000000 10.00000000000 10.00000000000 10.00000000000 10.00000000000 10.00000000000 10.00000000000 10.00000000000 10.00000000000 10.00000000000 10.00000000000 10.00000000000 10.00000000000 10.00000000000 10.00000000000 10.00000000000 10.00000000000 10.00000000000 10.00000000000 10.00000000000 10.00000000000 10.00000000000 10.00000000000 10.00000000000 10.00000000000 10.00000000000 10.00000000000
 10.00000000000 10.00000000000 10.00000000000 10.00000000000 10.00000000000 10.00000000000 10.00000000000 10.00000000000 10.00000000000 10.00000000000 10.00000000000 10.00000000000 10.00000000000 10.00000000000 10.00000000000 10.00000000000 10.00000000000 10.00000000000 10.00000000000 10.00000000000 10.00000000000 10.00000000000 10.00000000000 10.00000000000 10.00000000000 10.00000000000 10.00000000000 10.00000000000 10.00000000000 10.00000000000 10.00000000000 10.00000000000
 10.00000000000 10.00000000000 10.00000000000 10.00000000000 10.00000000000 10.00000000000 10.00000000000 10.00000000000 10.00000000000 10.00000000000 10.00000000000 10.00000000000 10.00000000000 10.00000000000 10.00000000000 10.00000000000 10.00000000000 10.00000000000 10.00000000000 10.00000000000 10.00000000000 10.00000000000 10.00000000000 10.00000000000 10.00000000000 10.00000000000 10.00000000000 10.00000000000 10.00000000000 10.00000000000 10.00000000000 10.00000000000
 10.00000000000 10.00000000000 10.00000000000 10.00000000000 10.00000000000 10.00000000000 10.00000000000 10.00000000000 10.00000000000 10.00000000000 10.00000000000 10.00000000000 10.00000000000 10.00000000000 10.00000000000 10.00000000000 10.00000000000 10.00000000000 10.00000000000 10.00000000000 10.00000000000 10.00000000000 10.00000000000 10.00000000000 10.00000000000 10.00000000000 10.00000000000 10.00000000000 10.00000000000 10.00000000000 10.00000000000 10.00000000000
 10.00000000000 10.00000000000 10.00000000000 10.00000000000 10.00000000000 10.00000000000 10.00000000000 10.00000000000 10.00000000000 10.00000000000 10.00000000000 10.00000000000 10.00000000000 10.00000000000 10.00000000000 10.00000000000 10.00000000000 10.00000000000 10.00000000000 10.00000000000 10.00000000000 10.00000000000 10.00000000000 10.00000000000 10.00000000000 10.00000000000 10.00000000000 10.00000000000 10.00000000000 10.00000000000 10.00000000000 10.00000000000
 10.00000000000 10.00000000000 10.00000000000 10.00000000000 10.00000000000 10.00000000000 10.00000000000 10.00000000000 10.00000000000 10.00000000000 10.00000000000 10.00000000000 10.00000000000 10.00000000000 10.00000000000 10.00000000000 10.00000000000 10.00000000000 10.00000000000 10.00000000000 10.00000000000 10.00000000000 10.00000000000 10.00000000000 10.00000000000 10.00000000000 10.00000000000 10.00000000000 10.00000000000 10.00000000000 10.00000000000 10.00000000000
 10.00000000000 10.00000000000 10.00000000000 10.00000000000 10.00000000000 10.00000000000 10.00000000000 10.00000000000 10.00000000000 10.00000000000 10.00000000000 10.00000000000 10.00000000000 10.00000000000 10.00000000000 10.00000000000 10.00000000000 10.00000000000 10.00000000000 10.00000000000 10.00000000000 10.00000000000 10.00000000000 10.00000000000 10.00000000000 10.00000000000 10.00000000000 10.00000000000 10.00000000000 10.00000000000 10.00000000000 10.00000000000
 10.00000000000 10.00000000000 10.00000000000 10.00000000000 10.00000000000 10.00000000000 10.00000000000 10.00000000000 10.00000000000 10.00000000000 10.00000000000 10.00000000000 10.00000000000 10.00000000000 10.00000000000 10.00000000000 10.00000000000 10.00000000000 10.00000000000 10.00000000000 10.00000000000 10.00000000000 10.00000000000 10.00000000000 10.00000000000 10.00000000000 10.00000000000 10.00000000000 10.00000000000 10.00000000000 10.00000000000 10.00000000000
 10.00000000000 10.00000000000 10.00000000000 10.00000000000 10.00000000000 10.00000000000 10.00000000000 10.00000000000 10.00000000000 10.00000000000 10.00000000000 10.00000000000 10.00000000000 10.00000000000 10.00000000000 10.00000000000 10.00000000000 10.00000000000 10.00000000000 10.00000000000 10.00000000000 10.00000000000 10.00000000000 10.00000000000 10.00000000000 10.00000000000 10.00000000000 10.00000000000 10.00000000000 10.00000000000 10.00000000000 10.00000000000
 10.00000000000 10.00000000000 10.00000000000 10.00000000000 10.00000000000 10.00000000000 10.00000000000 10.00000000000 10.00000000000 10.00000000000 10.00000000000 10.00000000000 10.00000000000 10.00000000000 10.00000000000 10.00000000000 10.00000000000 10.00000000000 10.00000000000 10.00000000000 10.00000000000 10.00000000000 10.00000000000 10.00000000000 10.00000000000 10.00000000000 10.00000000000 10.00000000000 10.00000000000 10.00000000000 10.00000000000 10.00000000000
 10.00000000000 10.00000000000 10.00000000000 10.00000000000 10.00000000000 10.00000000000 10.00000000000 10.00000000000 10.00000000000 10.00000000000 10.00000000000 10.00000000000 10.00000000000 10.00000000000 10.00000000000 10.00000000000 10.00000000000 10.00000000000 10.00000000000 10.00000000000 10.00000000000 10.00000000000 10.00000000000 10.00000000000 10.00000000000 10.00000000000 10.00000000000 10.00000000000 10.00000000000 10.00000000000 10.00000000000 10.00000000000
 10.00000000000 10.00000000000 10.00000000000 10.00000000000 10.00000000000 10.00000000000 10.00000000000 10.00000000000 10.00000000000 10.00000000000 10.00000000000 10.00000000000 10.00000000000 10.00000000000 10.00000000000 10.00000000000 10.00000000000 10.00000000000 10.00000000000 10.00000000000 10.00000000000 10.00000000000 10.00000000000 10.00000000000 10.00000000000 10.00000000000 10.00000000000 10.00000000000 10.00000000000 10.00000000000 10.00000000000 10.00000000000
 10.00000000000 10.00000000000 10.00000000000 10.00000000000 10.00000000000 10.00000000000 10.00000000000 10.00000000000 10.00000000000 10.00000000000 10.00000000000 10.00000000000 10.00000000000 10.00000000000 10.00000000000 10.00000000000 10.00000000000 10.00000000000 10.00000000000 10.00000000000 10.00000000000 10.00000000000 10.00000000000 10.00000000000 10.00000000000 10.00000000000 10.00000000000 10.00000000000 10.00000000000 10.00000000000 10.00000000000 10.00000000000
 10.00000000000 10.00000000000 10.00000000000 10.00000000000 10.00000000000 10.00000000000 10.00000000000 10.00000000000 10.00000000000 10.00000000000 10.00000000000 10.00000000000 10.00000000000 10.00000000000 10.00000000000 10.00000000000 10.00000000000 10.00000000000 10.00000000000 10.00000000000 10.00000000000 10.00000000000 10.00000000000 10.00000000000 10.00000000000 10.00000000000 10.00000000000 10.00000000000 10.00000000000 10.00000000000 10.00000000000 10.00000000000
 10.00000000000 10.00000000000 10.00000000000 10.00000000000 10.00000000000 10.00000000000 10.00000000000 10.00000000000 10.00000000000 10.00000000000 10.00000000000 10.00000000000 10.00000000000 10.00000000000 10.00000000000 10.00000000000 10.00000000000 10.00000000000 10.00000000000 10.00000000000 10.00000000000 10.00000000000 10.00000000000 10.00000000000 10.00000000000 10.00000000000 10.00000000000 10.00000000000 10.00000000000 10.00000000000 10.00000000000 10.00000000000
 10.00000000000 10.00000000000 10.00000000000 10.00000000000 10.00000000000 10.00000000000 10.00000000000 10.00000000000 10.00000000000 10.00000000000 10.00000000000 10.00000000000 10.00000000000 10.00000000000 10.00000000000 10.00000000000 10.00000000000 10.00000000000 10.00000000000 10.00000000000 10.00000000000 10.00000000000 10.00000000000 10.00000000000 10.00000000000 10.00000000000 10.00000000000 10.00000000000 10.00000000000 10.00000000000 10.00000000000 10.00000000000
 10.00000000000 10.00000000000 10.00000000000 10.00000000000 10.00000000000 10.00000000000 10.00000000000 10.00000000000 10.00000000000 10.00000000000 10.00000000000 10.00000000000 10.00000000000 10.00000000000 10.00000000000 10.00000000000 10.00000000000 10.00000000000 10.00000000000 10.00000000000 10.00000000000 10.00000000000 10.00000000000 10.00000000000 10.00000000000 10.00000000000 10.00000000000 10.00000000000 10.00000000000 10.00000000000 10.00000000000 10.00000000000
 10.00000000000 10.00000000000 10.00000000000 10.00000000000 10.00000000000 10.00000000000 10.00000000000 10.00000000000 10.00000000000 10.00000000000 10.00000000000 10.00000000000 10.00000000000 10.00000000000 10.00000000000 10.00000000000 10.00000000000 10.00000000000 10.00000000000 10.00000000000 10.00000000000 10.00000000000 10.00000000000 10.00000000000 10.00000000000 10.00000000000 10.00000000000 10.00000000000 10.00000000000 10.00000000000 10.00000000000 10.00000000000
 10.00000000000 10.00000000000 10.00000000000 10.00000000000 10.00000000000 10.00000000000 10.00000000000 10.00000000000 10.00000000000 10.00000000000 10.00000000000 10.00000000000 10.00000000000 10.00000000000 10.00000000000 10.00000000000 10.00000000000 10.00000000000 10.00000000000 10.00000000000 10.00000000000 10.00000000000 10.00000000000 10.00000000000 10.00000000000 10.00000000000 10.00000000000 10.00000000000 10.00000000000 10.00000000000 10.00000000000 10.00000000000

 10.00000000000 10.00000000000 10.00000000000 10.00000000000 10.00000000000 10.00000000000 10.00000000000 10.00000000000 10.00000000000 10.00000000000 10.00000000000 10.00000000000 10.00000000000 10.00000000000 10.00000000000 10.00000000000 10.00000000000 10.00000000000 10.00000000000 10.00000000000 10.00000000000 10.00000000000 10.00000000000 10.00000000000 10.00000000000 10.00000000000 10.00000000000 10.00000000000 10.00000000000 10.00000000000 10.00000000000 10.00000000000
 10.00000000000  9.99937094263  9.99874881614  9.99814043551  9.99755238952  9.99699094107  9.99646194217  9.99597076637  9.99552225965  9.99512070969  9.99476983158  9.99447276729  9.99423209536  9.99404984685  9.99392752375  9.99386611619  9.99386611567  9.99392752222  9.99404984437  9.99423209202  9.99447276324  9.99476982698  9.99512070473  9.99552225453  9.99597076130  9.99646193737  9.99699093672  9.99755238581  9.99814043258  9.99874881412  9.99937094160 10.00000000000
 10.00000000000  9.99874881614  9.99751141616  9.99630135357  9.99513173231  9.99401500855  9.99296282172  9.99198586008  9.99109376310  9.99029506016  9.98959714203  9.98900625977  9.98852754373  9.98816503525  9.98792172303  9.98779957737  9.98779957634  9.98792171998  9.98816503030  9.98852753709  9.98900625170  9.98959713288  9.99029505028  9.99109375292  9.99198585000  9.99296281216  9.99401499989  9.99513172492  9.99630134775  9.99751141214  9.99874881409 10.00000000000
 10.00000000000  9.99814043551  9.99630135357  9.99450289478  9.99276453224  9.99110477741  9.98954092902  9.98808887337  9.98676293914  9.98557580612  9.98453846255  9.98366020309  9.98294865684  9.98240983398  9.98204817957  9.98186662418  9.98186662264  9.98204817503  9.98240982662  9.98294864697  9.98366019110  9.98453844893  9.98557579143  9.98676292399  9.98808885838  9.98954091480  9.99110476454  9.99276452125  9.99450288611  9.99630134759  9.99814043246 10.00000000000
 10.00000000000  9.99755238952  9.99513173231  9.99276453224  9.99047641596  9.98829174613  9.98623329133  9.98432196317  9.98257662514  9.98101397209  9.97964847365  9.97849237092  9.97755571277  9.97684641662  9.97637033870  9.97613134027  9.97613133824  9.97637033272  9.97684640692  9.97755569976  9.97849235513  9.97964845571  9.98101395275  9.98257660519  9.98432194342  9.98623327260  9.98829172918  9.99047640148  9.99276452083  9.99513172443  9.99755238550 10.00000000000
 10.00000000000  9.99699094107  9.99401500855  9.99110477741  9.98829174613  9.98560586196  9.98307511551  9.98072521765  9.97857936438  9.97665808811  9.97497918738  9.97355772200  9.97240605667  9.97153393486  9.97094856437  9.97065469803  9.97065469554  9.97094855701  9.97153392292  9.97240604066  9.97355770256  9.97497916531  9.97665806431  9.97857933983  9.98072519335  9.98307509245  9.98560584110  9.98829172831  9.99110476336  9.99401499885  9.99699093612 10.00000000000
 10.00000000000  9.99646194217  9.99296282172  9.98954092902  9.98623329133  9.98307511551  9.98009931193  9.97733611475  9.97481280515  9.97255353577  9.97057924722  9.96890766114  9.96755333031  9.96652772429  9.96583932899  9.96549374056  9.96549373763  9.96583932032  9.96652771025  9.96755331146  9.96890763825  9.97057922124  9.97255350775  9.97481277625  9.97733608615  9.98009928479  9.98307509095  9.98623327036  9.98954091249  9.99296281031  9.99646193635 10.00000000000
 10.00000000000  9.99597076637  9.99198586008  9.98808887337  9.98432196317  9.98072521765  9.97733611475  9.97418908992  9.97131522052  9.96874202521  9.96649336766  9.96458944720  9.96304685449  9.96187866746  9.96109456347  9.96070092513  9.96070092180  9.96109455359  9.96187865145  9.96304683299  9.96458942111  9.96649333803  9.96874199327  9.97131518756  9.97418905730  9.97733608381  9.98072518964  9.98432193925  9.98808885452  9.99198584707  9.99597075972 10.00000000000
 10.00000000000  9.99552225965  9.99109376310  9.98676293914  9.98257662514  9.97857936438  9.97481280515  9.97131522052  9.96812115730  9.96526121218  9.96276192332  9.96064575850  9.95893117514  9.95763272536  9.95676117899  9.95632364004  9.95632363633  9.95676116800  9.95763270754  9.95893115123  9.96064572946  9.96276189035  9.96526117663  9.96812112063  9.97131518422  9.97481277072  9.97857933322  9.98257659853  9.98676291816  9.99109374862  9.99552225226 10.00000000000
 10.00000000000  9.99512070969  9.99029506016  9.98557580612  9.98101397209  9.97665808811  9.97255353577  9.96874202521  9.96526121218  9.96214445305  9.95942068542  9.95711441332  9.95524577091  9.95383063507  9.95288075787  9.95240389209  9.95240388804  9.95288074587  9.95383061563  9.95524574482  9.95711438164  9.95942064945  9.96214441427  9.96526117217  9.96874198561  9.97255349820  9.97665805411  9.98101394306  9.98557578323  9.99029504436  9.99512070163 10.00000000000
 10.00000000000  9.99476983158  9.98959714203  9.98453846255  9.97964847365  9.97497918738  9.97057924722  9.96649336766  9.96276192332  9.95942068542  9.95650069225  9.95402823174  9.95202490769  9.95050775876  9.94948939878  9.94897814993  9.94897814558  9.94948938591  9.95050773790  9.95202487968  9.95402819774  9.95650065366  9.95942064380  9.96276188038  9.96649332516  9.97057920690  9.97497915090  9.97964844249  9.98453843799  9.98959712508  9.99476982293 10.00000000000
 10.00000000000  9.99447276729  9.98900625977  9.98366020309  9.97849237092  9.97355772200  9.96890766114  9.96458944720  9.96064575850  9.95711441332  9.95402823174  9.95141501546  9.94929761613  9.94769405929  9.94661769103  9.94607731760  9.94607731299  9.94661767742  9.94769403721  9.94929758651  9.95141497949  9.95402819090  9.95711436929  9.96064571308  9.96458940224  9.96890761849  9.97355768340  9.97849233796  9.98366017711  9.98900624183  9.99447275814 10.00000000000
 10.00000000000  9.99423209536  9.98852754373  9.98294865684  9.97755571277  9.97240605667  9.96755333031  9.96304685449  9.95893117514  9.95524577091  9.95202490769  9.94929761613  9.94708776138  9.94541417081  9.94429078576  9.94372680597  9.94372680117  9.94429077154  9.94541414776  9.94708773043  9.94929757856  9.95202486504  9.95524572492  9.95893112770  9.96304680753  9.96755328576  9.97240601635  9.97755567834  9.98294862971  9.98852752499  9.99423208580 10.00000000000
 10.00000000000  9.99404984685  9.98816503525  9.98240983398  9.97684641662  9.97153393486  9.96652772429  9.96187866746  9.95763272536  9.95383063507  9.95050775876  9.94769405929  9.94541417081  9.94368752937  9.94252852824  9.94194666601  9.94194666105  9.94252851356  9.94368750557  9.94541413887  9.94769402051  9.95050771473  9.95383058760  9.95763267638  9.96187861898  9.96652767830  9.97153389324  9.97684638107  9.98240980596  9.98816501591  9.99404983698 10.00000000000
 10.00000000000  9.99392752375  9.98792172303  9.98204817957  9.97637033870  9.97094856437  9.96583932899  9.96109456347  9.95676117899  9.95288075787  9.94948939878  9.94661769103  9.94429078576  9.94252852824  9.94134561568  9.94075174769  9.94075174262  9.94134560069  9.94252850394  9.94429075314  9.94661765144  9.94948935382  9.95288070939  9.95676112898  9.96109451397  9.96583928203  9.97094852188  9.97637030241  9.98204815096  9.98792170328  9.99392751367 10.00000000000
 10.00000000000  9.99386611619  9.98779957737  9.98186662418  9.97613134027  9.97065469803  9.96549374056  9.96070092513  9.95632364004  9.95240389209  9.94897814993  9.94607731760  9.94372680597  9.94194666601  9.94075174769  9.94015185166  9.94015184654  9.94075173254  9.94194664146  9.94372677302  9.94607727759  9.94897810451  9.95240384311  9.95632358951  9.96070087512  9.96549369311  9.97065465509  9.97613130359  9.98186659527  9.98779955741  9.99386610601 10.00000000000
 10.00000000000  9.99386611567  9.98779957634  9.98186662264  9.97613133824  9.97065469554  9.96549373763  9.96070092180  9.95632363633  9.95240388804  9.94897814558  9.94607731299  9.94372680117  9.94194666105  9.94075174262  9.94015184654  9.94015184142  9.94075172748  9.94194663650  9.94372676821  9.94607727299  9.94897810016  9.95240383906  9.95632358580  9.96070087178  9.96549369018  9.97065465261  9.97613130157  9.98186659374  9.98779955638  9.99386610549 10.00000000000
 10.00000000000  9.99392752222  9.98792171998  9.98204817503  9.97637033272  9.97094855701  9.96583932032  9.96109455359  9.95676116800  9.95288074587  9.94948938591  9.94661767742  9.94429077154  9.94252851356  9.94134560069  9.94075173254  9.94075172748  9.94134558570  9.94252848926  9.94429073892  9.94661763782  9.94948934095  9.95288069740  9.95676111799  9.96109450409  9.96583927336  9.97094851452  9.97637029643  9.98204814642  9.98792170023  9.99392751214 10.00000000000
 10.00000000000  9.99404984437  9.98816503030  9.98240982662  9.97684640692  9.97153392292  9.96652771025  9.96187865145  9.95763270754  9.95383061563  9.95050773790  9.94769403721  9.94541414776  9.94368750557  9.94252850394  9.94194664146  9.94194663650  9.94252848926  9.94368748177  9.94541411581  9.94769399843  9.95050769387  9.95383056816  9.95763265856  9.96187860297  9.96652766426  9.97153388131  9.97684637137  9.98240979860  9.98816501096  9.99404983450 10.00000000000
 10.00000000000  9.99423209202  9.98852753709  9.98294864697  9.97755569976  9.97240604066  9.96755331146  9.96304683299  9.95893115123  9.95524574482  9.95202487968  9.94929758651  9.94708773043  9.94541413887  9.94429075314  9.94372677302  9.94372676821  9.94429073892  9.94541411581  9.94708769949  9.94929754894  9.95202483703  9.95524569883  9.95893110378  9.96304678603  9.96755326691  9.97240600034  9.97755566533  9.98294861983  9.98852751835  9.99423208246 10.00000000000
 10.00000000000  9.99447276324  9.98900625170  9.98366019110  9.97849235513  9.97355770256  9.96890763825  9.96458942111  9.96064572946  9.95711438164  9.95402819774  9.95141497949  9.94929757856  9.94769402051  9.94661765144  9.94607727759  9.94607727299  9.94661763782  9.94769399843  9.94929754894  9.95141494352  9.95402815691  9.95711433761  9.96064568404  9.96458937615  9.96890759560  9.97355766396  9.97849232216  9.98366016512  9.98900623377  9.99447275408 10.00000000000
 10.00000000000  9.99476982698  9.98959713288  9.98453844893  9.97964845571  9.97497916531  9.97057922124  9.96649333803  9.96276189035  9.95942064945  9.95650065366  9.95402819090  9.95202486504  9.95050771473  9.94948935382  9.94897810451  9.94897810016  9.94948934095  9.95050769387  9.95202483703  9.95402815691  9.95650061506  9.95942060783  9.96276184742  9.96649329553  9.97057918092  9.97497912882  9.97964842455  9.98453842437  9.98959711592  9.99476981832 10.00000000000
 10.00000000000  9.99512070473  9.99029505028  9.98557579143  9.98101395275  9.97665806431  9.97255350775  9.96874199327  9.96526117663  9.96214441427  9.95942064380  9.95711436929  9.95524572492  9.95383058760  9.95288070939  9.95240384311  9.95240383906  9.95288069740  9.95383056816  9.95524569883  9.95711433761  9.95942060783  9.96214437549  9.96526113662  9.96874195367  9.97255347019  9.97665803031  9.98101392372  9.98557576855  9.99029503449  9.99512069666 10.00000000000
 10.00000000000  9.99552225453  9.99109375292  9.98676292399  9.98257660519  9.97857933983  9.97481277625  9.97131518756  9.96812112063  9.96526117217  9.96276188038  9.96064571308  9.95893112770  9.95763267638  9.95676112898  9.95632358951  9.95632358580  9.95676111799  9.95763265856  9.95893110378  9.96064568404  9.96276184742  9.96526113662  9.96812108396  9.97131515126  9.97481274182  9.97857930867  9.98257657857  9.98676290302  9.99109373844  9.99552224714 10.00000000000
 10.00000000000  9.99597076130  9.99198585000  9.98808885838  9.98432194342  9.98072519335  9.97733608615  9.97418905730  9.97131518422  9.96874198561  9.96649332516  9.96458940224  9.96304680753  9.96187861898  9.96109451397  9.96070087512  9.96070087178  9.96109450409  9.96187860297  9.96304678603  9.96458937615  9.96649329553  9.96874195367  9.97131515126  9.97418902468  9.97733605520  9.98072516534  9.98432191950  9.98808883953  9.99198583699  9.99597075466 10.00000000000
 10.00000000000  9.99646193737  9.99296281216  9.98954091480  9.98623327260  9.98307509245  9.98009928479  9.97733608381  9.97481277072  9.97255349820  9.97057920690  9.96890761849  9.96755328576  9.96652767830  9.96583928203  9.96549369311  9.96549369018  9.96583927336  9.96652766426  9.96755326691  9.96890759560  9.97057918092  9.97255347019  9.97481274182  9.97733605520  9.98009925765  9.98307506789  9.98623325162  9.98954089827  9.99296280075  9.99646193154 10.00000000000
 10.00000000000  9.99699093672  9.99401499989  9.99110476454  9.98829172918  9.98560584110  9.98307509095  9.98072518964  9.97857933322  9.97665805411  9.97497915090  9.97355768340  9.97240601635  9.97153389324  9.97094852188  9.97065465509  9.97065465261  9.97094851452  9.97153388131  9.97240600034  9.97355766396  9.97497912882  9.97665803031  9.97857930867  9.98072516534  9.98307506789  9.98560582024  9.98829171136  9.99110475049  9.99401499020  9.99699093177 10.00000000000
 10.00000000000  9.99755238581  9.99513172492  9.99276452125  9.99047640148  9.98829172831  9.98623327036  9.98432193925  9.98257659853  9.98101394306  9.97964844249  9.97849233796  9.97755567834  9.97684638107  9.97637030241  9.97613130359  9.97613130157  9.97637029643  9.97684637137  9.97755566533  9.97849232216  9.97964842455  9.98101392372  9.98257657857  9.98432191950  9.98623325162  9.98829171136  9.99047638700  9.99276450984  9.99513171704  9.99755238179 10.00000000000
 10.00000000000  9.99814043258  9.99630134775  9.99450288611  9.99276452083  9.99110476336  9.98954091249  9.98808885452  9.98676291816  9.98557578323  9.98453843799  9.98366017711  9.98294862971  9.98240980596  9.98204815096  9.98186659527  9.98186659374  9.98204814642  9.98240979860  9.98294861983  9.98366016512  9.98453842437  9.98557576855  9.98676290302  9.98808883953  9.98954089827  9.99110475049  9.99276450984  9.99450287745  9.99630134177  9.99814042953 10.00000000000
 10.00000000000  9.99874881412  9.99751141214  9.99630134759  9.99513172443  9.99401499885  9.99296281031  9.99198584707  9.99109374862  9.99029504436  9.98959712508  9.98900624183  9.98852752499  9.98816501591  9.98792170328  9.98779955741  9.98779955638  9.98792170023  9.98816501096  9.98852751835  9.98900623377  9.98959711592  9.99029503449  9.99109373844  9.99198583699  9.99296280075  9.99401499020  9.99513171704  9.99630134177  9.99751140811  9.99874881207 10.00000000000
 10.00000000000  9.99937094160  9.99874881409  9.99814043246  9.99755238550  9.99699093612  9.99646193635  9.99597075972  9.99552225226  9.99512070163  9.99476982293  9.99447275814  9.99423208580  9.99404983698  9.99392751367  9.99386610601  9.99386610549  9.99392751214  9.99404983450  9.99423208246  9.99447275408  9.99476981832  9.99512069666  9.99552224714  9.99597075466  9.99646193154  9.99699093177  9.99755238179  9.99814042953  9.99874881207  9.99937094057 10.00000000000
 10.00000000000 10.00000000000 10.00000000000 10.00000000000 10.00000000000 10.00000000000 10.00000000000 10.00000000000 10.00000000000 10.00000000000 10.00000000000 10.00000000000 10.00000000000 10.00000000000 10.00000000000 10.00000000000 10.00000000000 10.00000000000 10.00000000000 10.00000000000 10.00000000000 10.00000000000 10.00000000000 10.00000000000 10.00000000000 10.00000000000 10.00000000000 10.00000000000 10.00000000000 10.00000000000 10.00000000000 10.00000000000

 10.00000000000 10.00000000000 10.00000000000 10.00000000000 10.00000000000 10.00000000000 10.00000000000 10.00000000000 10.00000000000 10.00000000000 10.00000000000 10.00000000000 10.00000000000 10.00000000000 10.00000000000 10.00000000000 10.00000000000 10.00000000000 10.00000000000 10.00000000000 10.00000000000 10.00000000000 10.00000000000 10.00000000000 10.00000000000 10.00000000000 10.00000000000 10.00000000000 10.00000000000 10.00000000000 10.00000000000 10.00000000000
 10.00000000000  9.99872971400  9.99747346619  9.99624505611  9.99505781782  9.99392441545  9.99285666964  9.99186542058  9.99096042986  9.99015032047  9.98944255118  9.98884341923  9.98835808402  9.98799060326  9.98774397371  9.98762016889  9.98762016786  9.98774397066  9.98799059831  9.98835807738  9.98884341117  9.98944254202  9.99015031060  9.99096041968  9.99186541050  9.99285666008  9.99392440679  9.99505781043  9.99624505028  9.99747346217  9.99872971195 10.00000000000
 10.00000000000  9.99747346619  9.99497485028  9.99253159590  9.99017022153  9.98791591411  9.98579218407  9.98382059282  9.98202055759  9.98040923184  9.97900145406  9.97780975291  9.97684439385  9.97611345090  9.97562288729  9.97537663030  9.97537662825  9.97562288122  9.97611344105  9.97684438063  9.97780973686  9.97900143584  9.98040921220  9.98202053733  9.98382057277  9.98579216504  9.98791589689  9.99017020682  9.99253158431  9.99497484228  9.99747346210 10.00000000000
 10.00000000000  9.99624505611  9.99253159590  9.98890039906  9.98539087196  9.98204044432  9.97888405678  9.97595375607  9.97327840472  9.97088350297  9.96879111200  9.96701986090  9.96558501522  9.96449858282  9.96376943310  9.96340340764  9.96340340459  9.96376942407  9.96449856818  9.96558499556  9.96701983704  9.96879108490  9.97088347375  9.97327837458  9.97595372624  9.97888402848  9.98204041871  9.98539085009  9.98890038182  9.99253158400  9.99624505004 10.00000000000
 10.00000000000  9.99505781782  9.99017022153  9.98539087196  9.98077162535  9.97636174024  9.97220720373  9.96835019871  9.96482872154  9.96167634689  9.95892212567  9.95659059290  9.95470185658  9.95327173571  9.95231191604  9.95183009472  9.95183009070  9.95231190414  9.95327171642  9.95470183069  9.95659056147  9.95892208999  9.96167630841  9.96482868184  9.96835015941  9.97220716645  9.97636170651  9.98077159654  9.98539084926  9.99017020585  9.99505780982 10.00000000000
 10.00000000000  9.99392441545  9.98791591411  9.98204044432  9.97636174024  9.97094034855  9.96583280100  9.96109095983  9.95676154720  9.95288585502  9.94949961796  9.94663302118  9.94431080758  9.94255244559  9.94137231872  9.94077990211  9.94077989717  9.94137230407  9.94255242185  9.94431077572  9.94663298249  9.94949957404  9.95288580767  9.95676149834  9.96109091148  9.96583275513  9.97094030703  9.97636170479  9.98204041637  9.98791589482  9.99392440560 10.00000000000
 10.00000000000  9.99285666964  9.98579218407  9.97888405678  9.97220720373  9.96583280100  9.95982731329  9.95425172447  9.94916098377  9.94460366317  9.94062180597  9.93725093339  9.93452016801  9.93245242839  9.93106464967  9.93036798917  9.93036798334  9.93106463243  9.93245240044  9.93452013050  9.93725088785  9.94062175427  9.94460360743  9.94916092626  9.95425166755  9.95982725929  9.96583275213  9.97220716199  9.97888402388  9.98579216136  9.99285665805 10.00000000000
 10.00000000000  9.99186542058  9.98382059282  9.97595375607  9.96835019871  9.96109095983  9.95425172447  9.94790194774  9.94210422341  9.93691389203  9.93237886588  9.92853963348  9.92542939685  9.92307428997  9.92149362709  9.92070013456  9.92070012792  9.92149360744  9.92307425811  9.92542935408  9.92853958155  9.93237880693  9.93691382847  9.94210415783  9.94790188284  9.95425166290  9.96109090411  9.96835015112  9.97595371856  9.98382056693  9.99186540736 10.00000000000
 10.00000000000  9.99096042986  9.98202055759  9.97327840472  9.96482872154  9.95676154720  9.94916098377  9.94210422341  9.93566084581  9.92989238072  9.92485211050  9.92058507168  9.91712820373  9.91451058816  9.91275372121  9.91187176879  9.91187176139  9.91275369934  9.91451055271  9.91712815614  9.92058501391  9.92485204491  9.92989230999  9.93566077284  9.94210415119  9.94916091526  9.95676148520  9.96482866858  9.97327836298  9.98202052878  9.99096041515 10.00000000000
 10.00000000000  9.99015032047  9.98040923184  9.97088350297  9.96167634689  9.95288585502  9.94460366317  9.93691389203  9.92989238072  9.92360620798  9.91811347388  9.91346329781  9.90969597656  9.90684324090  9.90492854922  9.90396736242  9.90396735436  9.90492852535  9.90684320221  9.90969592464  9.91346323478  9.91811340232  9.92360613081  9.92989230111  9.93691381324  9.94460358843  9.95288578738  9.96167628912  9.97088345743  9.98040920041  9.99015030443 10.00000000000
 10.00000000000  9.98944255118  9.97900145406  9.96879111200  9.95892212567  9.94949961796  9.94062180597  9.93237886588  9.92485211050  9.91811347388  9.91222527417  9.90724020769  9.90320151427  9.90014324837  9.89809059019  9.89706013743  9.89706012877  9.89809056458  9.90014320686  9.90320145855  9.90724014004  9.91222519737  9.91811339107  9.92485202507  9.93237878132  9.94062172575  9.94949954537  9.95892206367  9.96879106313  9.97900142033  9.98944253396 10.00000000000
 10.00000000000  9.98884341923  9.97780975291  9.96701986090  9.95659059290  9.94663302118  9.93725093339  9.92853963348  9.92058507168  9.91346329781  9.90724020769  9.90197153320  9.89770301327  9.89447067645  9.89230116636  9.89121204722  9.89121203806  9.89230113927  9.89447063253  9.89770295432  9.90197146164  9.90724012644  9.91346321020  9.92058498130  9.92853954402  9.93725084852  9.94663294438  9.95659052731  9.96701980920  9.97780971722  9.98884340102 10.00000000000
 10.00000000000  9.98835808402  9.97684439385  9.96558501522  9.95470185658  9.94431080758  9.93452016801  9.92542939685  9.91712820373  9.90969597656  9.90320151427  9.89770301327  9.89324824237  9.88987483434  9.88761062245  9.88647395687  9.88647394731  9.88761059416  9.88987478847  9.89324818080  9.89770293852  9.90320142941  9.90969588505  9.91712810933  9.92542930342  9.93452007937  9.94431072736  9.95470178807  9.96558496122  9.97684435657  9.98835806499 10.00000000000
 10.00000000000  9.98799060326  9.97611345090  9.96449858282  9.95327173571  9.94255244559  9.93245242839  9.92307428997  9.91451058816  9.90684324090  9.90014324837  9.89447067645  9.88987483434  9.88639457260  9.88405862792  9.88288594740  9.88288593752  9.88405859871  9.88639452525  9.88987477078  9.89447059929  9.90014316076  9.90684314643  9.91451049071  9.92307419351  9.93245233688  9.94255236277  9.95327166499  9.96449852708  9.97611341242  9.98799058362 10.00000000000
 10.00000000000  9.98774397371  9.97562288729  9.96376943310  9.95231191604  9.94137231872  9.93106464967  9.92149362709  9.91275372121  9.90492854922  9.89809059019  9.89230116636  9.88761062245  9.88405862792  9.88167452703  9.88047766847  9.88047765839  9.88167449720  9.88405857957  9.88761055755  9.89230108757  9.89809050074  9.90492845276  9.91275362170  9.92149352861  9.93106455624  9.94137223416  9.95231184382  9.96376937618  9.97562284800  9.98774395365 10.00000000000
 10.00000000000  9.98762016889  9.97537663030  9.96340340764  9.95183009472  9.94077990211  9.93036798917  9.92070013456  9.91187176879  9.90396736242  9.89706013743  9.89121204722  9.88647395687  9.88288594740  9.88047766847  9.87926867065  9.87926866046  9.88047763833  9.88288589854  9.88647389130  9.89121196761  9.89706004704  9.90396726497  9.91187166824  9.92070003505  9.93036789476  9.94077981668  9.95183002176  9.96340335013  9.97537659060  9.98762014863 10.00000000000
 10.00000000000  9.98762016786  9.97537662825  9.96340340459  9.95183009070  9.94077989717  9.93036798334  9.92070012792  9.91187176139  9.90396735436  9.89706012877  9.89121203806  9.88647394731  9.88288593752  9.88047765839  9.87926866046  9.87926865028  9.88047762825  9.88288588867  9.88647388174  9.89121195846  9.89706003839  9.90396725690  9.91187166085  9.92070002841  9.93036788894  9.94077981173  9.95183001774  9.96340334708  9.97537658855  9.98762014760 10.00000000000
 10.00000000000  9.98774397066  9.97562288122  9.96376942407  9.95231190414  9.94137230407  9.93106463243  9.92149360744  9.91275369934  9.90492852535  9.89809056458  9.89230113927  9.88761059416  9.88405859871  9.88167449720  9.88047763833  9.88047762825  9.88167446737  9.88405855035  9.88761052925  9.89230106048  9.89809047513  9.90492842890  9.91275359983  9.92149350895  9.93106453900  9.94137221952  9.95231183192  9.96376936715  9.97562284193  9.98774395060 10.00000000000
 10.00000000000  9.98799059831  9.97611344105  9.96449856818  9.95327171642  9.94255242185  9.93245240044  9.92307425811  9.91451055271  9.90684320221  9.90014320686  9.89447063253  9.88987478847  9.88639452525  9.88405857957  9.88288589854  9.88288588867  9.88405855035  9.88639447789  9.88987472490  9.89447055537  9.90014311925  9.90684310775  9.91451045525  9.92307416165  9.93245230894  9.94255233903  9.95327164570  9.96449851243  9.97611340257  9.98799057867 10.00000000000
