
 10.00000000000 10.00000000000 10.00000000000 10.00000000000 10.00000000000 10.00000000000 10.00000000000 10.00000000000 10.00000000000 10.00000000000 10.00000000000 10.00000000000 10.00000000000 10.00000000000 10.00000000000 10.00000000000 10.00000000000 10.00000000000 10.00000000000 10.00000000000 10.00000000000 10.00000000000 10.00000000000 10.00000000000 10.00000000000 10.00000000000 10.00000000000 10.00000000000 10.00000000000 10.00000000000 10.00000000000 10.00000000000
 10.00000000000 10.00000000000 10.00000000000 10.00000000000 10.00000000000 10.00000000000 10.00000000000 10.00000000000 10.00000000000 10.00000000000 10.00000000000 10.00000000000 10.00000000000 10.00000000000 10.00000000000 10.00000000000 10.00000000000 10.00000000000 10.00000000000 10.00000000000 10.00000000000 10.00000000000 10.00000000000 10.00000000000 10.00000000000 10.00000000000 10.00000000000 10.00000000000 10.00000000000 10.00000000000 10.00000000000 10.00000000000
 10.00000000000 10.00000000000 10.00000000000 10.00000000000 10.00000000000 10.00000000000 10.00000000000 10.00000000000 10.00000000000 10.00000000000 10.00000000000 10.00000000000 10.00000000000 10.00000000000 10.00000000000 10.00000000000 10.00000000000 10.00000000000 10.00000000000 10.00000000000 10.00000000000 10.00000000000 10.00000000000 10.00000000000 10.00000000000 10.00000000000 10.00000000000 10.00000000000 10.00000000000 10.00000000000 10.00000000000 10.00000000000
 10.00000000000 10.00000000000 10.00000000000 10.00000000000 10.00000000000 10.00000000000 10.00000000000 10.00000000000 10.00000000000 10.00000000000 10.00000000000 10.00000000000 10.00000000000 10.00000000000 10.00000000000 10.00000000000 10.00000000000 10.00000000000 10.00000000000 10.00000000000 10.00000000000 10.00000000000 10.00000000000 10.00000000000 10.00000000000 10.00000000000 10.00000000000 10.00000000000 10.00000000000 10.00000000000 10.00000000000 10.00000000000
 10.00000000000 10.00000000000 10.00000000000 10.00000000000 10.00000000000 10.00000000000 10.00000000000 10.00000000000 10.00000000000 10.00000000000 10.00000000000 10.00000000000 10.00000000000 10.00000000000 10.00000000000 10.00000000000 10.00000000000 10.00000000000 10.00000000000 10.00000000000 10.00000000000 10.00000000000 10.00000000000 10.00000000000 10.00000000000 10.00000000000 10.00000000000 10.00000000000 10.00000000000 10.00000000000 10.00000000000 10.00000000000
 10.00000000000 10.00000000000 10.00000000000 10.00000000000 10.00000000000 10.00000000000 10.00000000000 10.00000000000 10.00000000000 10.00000000000 10.00000000000 10.00000000000 10.00000000000 10.00000000000 10.00000000000 10.00000000000 10.00000000000 10.00000000000 10.00000000000 10.00000000000 10.00000000000 10.00000000000 10.00000000000 10.00000000000 10.00000000000 10.00000000000 10.00000000000 10.00000000000 10.00000000000 10.00000000000 10.00000000000 10.00000000000
 10.00000000000 10.00000000000 10.00000000000 10.00000000000 10.00000000000 10.00000000000 10.00000000000 10.00000000000 10.00000000000 10.00000000000 10.00000000000 10.00000000000 10.00000000000 10.00000000000 10.00000000000 10.00000000000 10.00000000000 10.00000000000 10.00000000000 10.00000000000 10.00000000000 10.00000000000 10.00000000000 10.00000000000 10.00000000000 10.00000000000 10.00000000000 10.00000000000 10.00000000000 10.00000000000 10.00000000000 10.00000000000
 10.00000000000 10.00000000000 10.00000000000 10.00000000000 10.00000000000 10.00000000000 10.00000000000 10.00000000000 10.00000000000 10.00000000000 10.00000000000 10.00000000000 10.00000000000 10.00000000000 10.00000000000 10.00000000000 10.00000000000 10.00000000000 10.00000000000 10.00000000000 10.00000000000 10.00000000000 10.00000000000 10.00000000000 10.00000000000 10.00000000000 10.00000000000 10.00000000000 10.00000000000 10.00000000000 10.00000000000 10.00000000000
 10.00000000000 10.00000000000 10.00000000000 10.00000000000 10.00000000000 10.00000000000 10.00000000000 10.00000000000 10.00000000000 10.00000000000 10.00000000000 10.00000000000 10.00000000000 10.00000000000 10.00000000000 10.00000000000 10.00000000000 10.00000000000 10.00000000000 10.00000000000 10.00000000000 10.00000000000 10.00000000000 10.00000000000 10.00000000000 10.00000000000 10.00000000000 10.00000000000 10.00000000000 10.00000000000 10.00000000000 10.00000000000
 10.00000000000 10.00000000000 10.00000000000 10.00000000000 10.00000000000 10.00000000000 10.00000000000 10.00000000000 10.00000000000 10.00000000000 10.00000000000 10.00000000000 10.00000000000 10.00000000000 10.00000000000 10.00000000000 10.00000000000 10.00000000000 10.00000000000 10.00000000000 10.00000000000 10.00000000000 10.00000000000 10.00000000000 10.00000000000 10.00000000000 10.00000000000 10.00000000000 10.00000000000 10.00000000000 10.00000000000 10.00000000000
 10.00000000000 10.00000000000 10.00000000000 10.00000000000 10.00000000000 10.00000000000 10.00000000000 10.00000000000 10.00000000000 10.00000000000 10.00000000000 10.00000000000 10.00000000000 10.00000000000 10.00000000000 10.00000000000 10.00000000000 10.00000000000 10.00000000000 10.00000000000 10.00000000000 10.00000000000 10.00000000000 10.00000000000 10.00000000000 10.00000000000 10.00000000000 10.00000000000 10.00000000000 10.00000000000 10.00000000000 10.00000000000
 10.00000000000 10.00000000000 10.00000000000 10.00000000000 10.00000000000 10.00000000000 10.00000000000 10.00000000000 10.00000000000 10.00000000000 10.00000000000 10.00000000000 10.00000000000 10.00000000000 10.00000000000 10.00000000000 10.00000000000 10.00000000000 10.00000000000 10.00000000000 10.00000000000 10.00000000000 10.00000000000 10.00000000000 10.00000000000 10.00000000000 10.00000000000 10.00000000000 10.00000000000 10.00000000000 10.00000000000 10.00000000000
 10.00000000000 10.00000000000 10.00000000000 10.00000000000 10.00000000000 10.00000000000 10.00000000000 10.00000000000 10.00000000000 10.00000000000 10.00000000000 10.00000000000 10.00000000000 10.00000000000 10.00000000000 10.00000000000 10.00000000000 10.00000000000 10.00000000000 10.00000000000 10.00000000000 10.00000000000 10.00000000000 10.00000000000 10.00000000000 10.00000000000 10.00000000000 10.00000000000 10.00000000000 10.00000000000 10.00000000000 10.00000000000
 10.00000000000 10.00000000000 10.00000000000 10.00000000000 10.00000000000 10.00000000000 10.00000000000 10.00000000000 10.00000000000 10.00000000000 10.00000000000 10.00000000000 10.00000000000 10.00000000000 10.00000000000 10.00000000000 10.00000000000 10.00000000000 10.00000000000 10.00000000000 10.00000000000 10.00000000000 10.00000000000 10.00000000000 10.00000000000 10.00000000000 10.00000000000 10.00000000000 10.00000000000 10.00000000000 10.00000000000 10.00000000000
 10.00000000000 10.00000000000 10.00000000000 10.00000000000 10.00000000000 10.00000000000 10.00000000000 10.00000000000 10.00000000000 10.00000000000 10.00000000000 10.00000000000 10.00000000000 10.00000000000 10.00000000000 10.00000000000 10.00000000000 10.00000000000 10.00000000000 10.00000000000 10.00000000000 10.00000000000 10.00000000000 10.00000000000 10.00000000000 10.00000000000 10.00000000000 10.00000000000 10.00000000000 10.00000000000 10.00000000000 10.00000000000
 10.00000000000 10.00000000000 10.00000000000 10.00000000000 10.00000000000 10.00000000000 10.00000000000 10.00000000000 10.00000000000 10.00000000000 10.00000000000 10.00000000000 10.00000000000 10.00000000000 10.00000000000 10.00000000000 10.00000000000 10.00000000000 10.00000000000 10.00000000000 10.00000000000 10.00000000000 10.00000000000 10.00000000000 10.00000000000 10.00000000000 10.00000000000 10.00000000000 10.00000000000 10.00000000000 10.00000000000 10.00000000000
 10.00000000000 10.00000000000 10.00000000000 10.00000000000 10.00000000000 10.00000000000 10.00000000000 10.00000000000 10.00000000000 10.00000000000 10.00000000000 10.00000000000 10.00000000000 10.00000000000 10.00000000000 10.00000000000 10.00000000000 10.00000000000 10.00000000000 10.00000000000 10.00000000000 10.00000000000 10.00000000000 10.00000000000 10.00000000000 10.00000000000 10.00000000000 10.00000000000 10.00000000000 10.00000000000 10.00000000000 10.00000000000
 10.00000000000 10.00000000000 10.00000000000 10.00000000000 10.00000000000 10.00000000000 10.00000000000 10.00000000000 10.00000000000 10.00000000000 10.00000000000 10.00000000000 10.00000000000 10.00000000000 10.00000000000 10.00000000000 10.00000000000 10.00000000000 10.00000000000 10.00000000000 10.00000000000 10.00000000000 10.00000000000 10.00000000000 10.00000000000 10.00000000000 10.00000000000 10.00000000000 10.00000000000 10.00000000000 10.00000000000 10.00000000000
 10.00000000000 10.00000000000 10.00000000000 10.00000000000 10.00000000000 10.00000000000 10.00000000000 10.00000000000 10.00000000000 10.00000000000 10.00000000000 10.00000000000 10.00000000000 10.00000000000 10.00000000000 10.00000000000 10.00000000000 10.00000000000 10.00000000000 10.00000000000 10.00000000000 10.00000000000 10.00000000000 10.00000000000 10.00000000000 10.00000000000 10.00000000000 10.00000000000 10.00000000000 10.00000000000 10.00000000000 10.00000000000
 10.00000000000 10.00000000000 10.00000000000 10.00000000000 10.00000000000 10.00000000000 10.00000000000 10.00000000000 10.00000000000 10.00000000000 10.00000000000 10.00000000000 10.00000000000 10.00000000000 10.00000000000 10.00000000000 10.00000000000 10.00000000000 10.00000000000 10.00000000000 10.00000000000 10.00000000000 10.00000000000 10.00000000000 10.00000000000 10.00000000000 10.00000000000 10.00000000000 10.00000000000 10.00000000000 10.00000000000 10.00000000000
 10.00000000000 10.00000000000 10.00000000000 10.00000000000 10.00000000000 10.00000000000 10.00000000000 10.00000000000 10.00000000000 10.00000000000 10.00000000000 10.00000000000 10.00000000000 10.00000000000 10.00000000000 10.00000000000 10.00000000000 10.00000000000 10.00000000000 10.00000000000 10.00000000000 10.00000000000 10.00000000000 10.00000000000 10.00000000000 10.00000000000 10.00000000000 10.00000000000 10.00000000000 10.00000000000 10.00000000000 10.00000000000
 10.00000000000 10.00000000000 10.00000000000 10.00000000000 10.00000000000 10.00000000000 10.00000000000 10.00000000000 10.00000000000 10.00000000000 10.00000000000 10.00000000000 10.00000000000 10.00000000000 10.00000000000 10.00000000000 10.00000000000 10.00000000000 10.00000000000 10.00000000000 10.00000000000 10.00000000000 10.00000000000 10.00000000000 10.00000000000 10.00000000000 10.00000000000 10.00000000000 10.00000000000 10.00000000000 10.00000000000 10.00000000000
 10.00000000000 10.00000000000 10.00000000000 10.00000000000 10.00000000000 10.00000000000 10.00000000000 10.00000000000 10.00000000000 10.00000000000 10.00000000000 10.00000000000 10.00000000000 10.00000000000 10.00000000000 10.00000000000 10.00000000000 10.00000000000 10.00000000000 10.00000000000 10.00000000000 10.00000000000 10.00000000000 10.00000000000 10.00000000000 10.00000000000 10.00000000000 10.00000000000 10.00000000000 10.00000000000 10.00000000000 10.00000000000
 10.00000000000 10.00000000000 10.00000000000 10.00000000000 10.00000000000 10.00000000000 10.00000000000 10.00000000000 10.00000000000 10.00000000000 10.00000000000 10.00000000000 10.00000000000 10.00000000000 10.00000000000 10.00000000000 10.00000000000 10.00000000000 10.00000000000 10.00000000000 10.00000000000 10.00000000000 10.00000000000 10.00000000000 10.00000000000 10.00000000000 10.00000000000 10.00000000000 10.00000000000 10.00000000000 10.00000000000 10.00000000000
 10.00000000000 10.00000000000 10.00000000000 10.00000000000 10.00000000000 10.00000000000 10.00000000000 10.00000000000 10.00000000000 10.00000000000 10.00000000000 10.00000000000 10.00000000000 10.00000000000 10.00000000000 10.00000000000 10.00000000000 10.00000000000 10.00000000000 10.00000000000 10.00000000000 10.00000000000 10.00000000000 10.00000000000 10.00000000000 10.00000000000 10.00000000000 10.00000000000 10.00000000000 10.00000000000 10.00000000000 10.00000000000
 10.00000000000 10.00000000000 10.00000000000 10.00000000000 10.00000000000 10.00000000000 10.00000000000 10.00000000000 10.00000000000 10.00000000000 10.00000000000 10.00000000000 10.00000000000 10.00000000000 10.00000000000 10.00000000000 10.00000000000 10.00000000000 10.00000000000 10.00000000000 10.00000000000 10.00000000000 10.00000000000 10.00000000000 10.00000000000 10.00000000000 10.00000000000 10.00000000000 10.00000000000 10.00000000000 10.00000000000 10.00000000000
 10.00000000000 10.00000000000 10.00000000000 10.00000000000 10.00000000000 10.00000000000 10.00000000000 10.00000000000 10.00000000000 10.00000000000 10.00000000000 10.00000000000 10.00000000000 10.00000000000 10.00000000000 10.00000000000 10.00000000000 10.00000000000 10.00000000000 10.00000000000 10.00000000000 10.00000000000 10.00000000000 10.00000000000 10.00000000000 10.00000000000 10.00000000000 10.00000000000 10.00000000000 10.00000000000 10.00000000000 10.00000000000
 10.00000000000 10.00000000000 10.00000000000 10.00000000000 10.00000000000 10.00000000000 10.00000000000 10.00000000000 10.00000000000 10.00000000000 10.00000000000 10.00000000000 10.00000000000 10.00000000000 10.00000000000 10.00000000000 10.00000000000 10.00000000000 10.00000000000 10.00000000000 10.00000000000 10.00000000000 10.00000000000 10.00000000000 10.00000000000 10.00000000000 10.00000000000 10.00000000000 10.00000000000 10.00000000000 10.00000000000 10.00000000000
 10.00000000000 10.00000000000 10.00000000000 10.00000000000 10.00000000000 10.00000000000 10.00000000000 10.00000000000 10.00000000000 10.00000000000 10.00000000000 10.00000000000 10.00000000000 10.00000000000 10.00000000000 10.00000000000 10.00000000000 10.00000000000 10.00000000000 10.00000000000 10.00000000000 10.00000000000 10.00000000000 10.00000000000 10.00000000000 10.00000000000 10.00000000000 10.00000000000 10.00000000000 10.00000000000 10.00000000000 10.00000000000
 10.00000000000 10.00000000000 10.00000000000 10.00000000000 10.00000000000 10.00000000000 10.00000000000 10.00000000000 10.00000000000 10.00000000000 10.00000000000 10.00000000000 10.00000000000 10.00000000000 10.00000000000 10.00000000000 10.00000000000 10.00000000000 10.00000000000 10.00000000000 10.00000000000 10.00000000000 10.00000000000 10.00000000000 10.00000000000 10.00000000000 10.00000000000 10.00000000000 10.00000000000 10.00000000000 10.00000000000 10.00000000000
 10.00000000000 10.00000000000 10.00000000000 10.00000000000 10.00000000000 10.00000000000 10.00000000000 10.00000000000 10.00000000000 10.00000000000 10.00000000000 10.00000000000 10.00000000000 10.00000000000 10.00000000000 10.00000000000 10.00000000000 10.00000000000 10.00000000000 10.00000000000 10.00000000000 10.00000000000 10.00000000000 10.00000000000 10.00000000000 10.00000000000 10.00000000000 10.00000000000 10.00000000000 10.00000000000 10.00000000000 10.00000000000
 10.00000000000 10.00000000000 10.00000000000 10.00000000000 10.00000000000 10.00000000000 10.00000000000 10.00000000000 10.00000000000 10.00000000000 10.00000000000 10.00000000000 10.00000000000 10.00000000000 10.00000000000 10.00000000000 10.00000000000 10.00000000000 10.00000000000 10.00000000000 10.00000000000 10.00000000000 10.00000000000 10.00000000000 10.00000000000 10.00000000000 10.00000000000 10.00000000000 10.00000000000 10.00000000000 10.00000000000 10.00000000000

 10.00000000000 10.00000000000 10.00000000000 10.00000000000 10.00000000000 10.00000000000 10.00000000000 10.00000000000 10.00000000000 10.00000000000 10.00000000000 10.00000000000 10.00000000000 10.00000000000 10.00000000000 10.00000000000 10.00000000000 10.00000000000 10.00000000000 10.00000000000 10.00000000000 10.00000000000 10.00000000000 10.00000000000 10.00000000000 10.00000000000 10.00000000000 10.00000000000 10.00000000000 10.00000000000 10.00000000000 10.00000000000
 10.00000000000  9.99819455462  9.99640818753  9.99465972910  9.99296752154  9.99134919323  9.98982145358  9.98839991266  9.98709892799  9.98593147934  9.98490907029  9.98404165435  9.98333758216  9.98280356579  9.98244465617  9.98226422975  9.98226398147  9.98244392148  9.98280237477  9.98333598356  9.98403971360  9.98490686683  9.98592910337  9.98709647679  9.98839748656  9.98981915192  9.99134711025  9.99296574253  9.99465832690  9.99640721956  9.99819406052 10.00000000000
 10.00000000000  9.99640818753  9.99285432831  9.98937588260  9.98600933980  9.98278976968  9.97975041439  9.97692232950  9.97433407936  9.97201148773  9.96997744198  9.96825174590  9.96685101444  9.96578860261  9.96507456034  9.96471560597  9.96471511197  9.96507309855  9.96578623286  9.96684783373  9.96824788442  9.96997305780  9.97200676031  9.97432920224  9.97691750235  9.97974583483  9.98278562522  9.98600580013  9.98937309267  9.99285240237  9.99640720443 10.00000000000
 10.00000000000  9.99465972910  9.98937588260  9.98420415235  9.97919878760  9.97441192807  9.96989299748  9.96568817002  9.96183991718  9.95838663695  9.95536236224  9.95279654176  9.95071388312  9.94913424669  9.94807257817  9.94753886886  9.94753813423  9.94807040435  9.94913072266  9.95070915312  9.95279079939  9.95535584257  9.95837960686  9.96183266447  9.96568099161  9.96988618727  9.97440576489  9.97919352380  9.98420000348  9.98937301855  9.99465826714 10.00000000000
 10.00000000000  9.99296752154  9.98600933980  9.97919878760  9.97260729952  9.96630353421  9.96035257598  9.95481523240  9.94974743732  9.94519976218  9.94121703160  9.93783803406  9.93509531465  9.93301503455  9.93161688170  9.93091401788  9.93091305020  9.93161401828  9.93301039258  9.93508908414  9.93783047004  9.94120844369  9.94519050193  9.94973788383  9.95480577678  9.96034360536  9.96629541587  9.97260036589  9.97919332258  9.98600556717  9.99296559580 10.00000000000
 10.00000000000  9.99134919323  9.98278976968  9.97441192807  9.96630353421  9.95854904220  9.95122851280  9.94441674946  9.93818256378  9.93258817381  9.92768873036  9.92353196016  9.92015790985  9.91759877211  9.91587877484  9.91501411531  9.91501292457  9.91587525133  9.91759306006  9.92015024306  9.92352265246  9.92767816274  9.93257677886  9.93817080798  9.94440511410  9.95121747424  9.95853905240  9.96629500221  9.97440520323  9.98278512738  9.99134682355 10.00000000000
 10.00000000000  9.98982145358  9.97975041439  9.96989299748  9.96035257598  9.95122851280  9.94261500628  9.93460007385  9.92726468744  9.92068206485  9.91491711127  9.91002599818  9.90605586073  9.90304459182  9.90102071042  9.90000328313  9.90000188158  9.90101656312  9.90303786854  9.90604683665  9.91001504268  9.91490467280  9.92066865259  9.92725085046  9.93458637861  9.94260201351  9.95121675446  9.96034253352  9.96988508211  9.97974495023  9.98981866439 10.00000000000
 10.00000000000  9.98839991266  9.97692232950  9.96568817002  9.95481523240  9.94441674946  9.93460007385  9.92546551996  9.91710537831  9.90960310694  9.90303269375  9.89745817492  9.89293328838  9.88950123746  9.88719453930  9.88603493422  9.88603333630  9.88718981092  9.88949357217  9.89292299992  9.89744568442  9.90301851250  9.90958781546  9.91708960259  9.92544990585  9.93458526062  9.94440334363  9.95480378287  9.96567914561  9.97691609975  9.98839673267 10.00000000000
 10.00000000000  9.98709892799  9.97433407936  9.96183991718  9.94974743732  9.93818256378  9.92726468744  9.91710537831  9.90780728894  9.89946325414  9.89215558029  9.88595550803  9.88092282484  9.87710560031  9.87454001582  9.87325026234  9.87324848448  9.87453475499  9.87709707185  9.88091137783  9.88594161102  9.89213980214  9.89944624074  9.90778973678  9.91708800596  9.92724820616  9.93816764837  9.94973469850  9.96182987657  9.97432714810  9.98709538992 10.00000000000
 10.00000000000  9.98593147934  9.97201148773  9.95838663695  9.94519976218  9.93258817381  9.92068206485  9.90960310694  9.89946325414  9.89036375999  9.88239440107  9.87563288897  9.87014444586  9.86598151368  9.86318356659  9.86177699801  9.86177505849  9.86317782740  9.86597220973  9.87013195797  9.87561772831  9.88237718821  9.89034519956  9.89944410595  9.90958415492  9.92066408492  9.93257190213  9.94518586502  9.95837568334  9.97200392621  9.98592761955 10.00000000000
 10.00000000000  9.98490907029  9.96997744198  9.95536236224  9.94121703160  9.92768873036  9.91491711127  9.90303269375  9.89215558029  9.88239440107  9.87384547934  9.86659219886  9.86070454639  9.85623879774  9.85323731467  9.85172842222  9.85172634096  9.85323115606  9.85622881386  9.86069114589  9.86657593026  9.87382700857  9.88237448424  9.89213503276  9.90301235671  9.91489781737  9.92767126955  9.94120211883  9.95535060814  9.96996932786  9.98490492843 10.00000000000
 10.00000000000  9.98404165435  9.96825174590  9.95279654176  9.93783803406  9.92353196016  9.91002599818  9.89745817492  9.88595550803  9.87563288897  9.86659219886  9.85892163770  9.85269523856  9.84797253359  9.84479833749  9.84320261629  9.84320041464  9.84479182267  9.84796197225  9.85268106298  9.85890442814  9.86657265976  9.87561182018  9.88593377205  9.89743666161  9.91000558834  9.92351348944  9.93782225875  9.95278410781  9.96824316247  9.98403727293 10.00000000000
 10.00000000000  9.98333758216  9.96685101444  9.95071388312  9.93509531465  9.92015790985  9.90605586073  9.89293328838  9.88092282484  9.87014444586  9.86070454639  9.85269523856  9.84619384262  9.84126253651  9.83794812812  9.83628191700  9.83627961756  9.83794132392  9.84125150604  9.84617903737  9.85267726455  9.86068413937  9.87012244119  9.88090012335  9.89291081946  9.90603454429  9.92013861866  9.93507883860  9.95070089687  9.96684204974  9.98333300612 10.00000000000
 10.00000000000  9.98280356579  9.96578860261  9.94913424669  9.93301503455  9.91759877211  9.90304459182  9.88950123746  9.87710560031  9.86598151368  9.85623879774  9.84797253359  9.84126253651  9.83617299280  9.83275222350  9.83103254057  9.83103016691  9.83274519966  9.83616160627  9.84124725335  9.84795397939  9.85621773198  9.86595879871  9.87708216603  9.88947804325  9.90302258729  9.91757885821  9.93299802666  9.94912084124  9.96577934853  9.98279884204 10.00000000000
 10.00000000000  9.98244465617  9.96507456034  9.94807257817  9.93161688170  9.91587877484  9.90102071042  9.88719453930  9.87454001582  9.86318356659  9.85323731467  9.84479833749  9.83794812812  9.83275222350  9.82925996234  9.82750433752  9.82750191395  9.82925279083  9.83274059759  9.83793252366  9.84477939321  9.85321580604  9.86316037407  9.87451608886  9.88717085746  9.90099824327  9.91585844228  9.93159951624  9.94805889089  9.96506511171  9.98243983310 10.00000000000
 10.00000000000  9.98226422975  9.96471560597  9.94753886886  9.93091401788  9.91501411531  9.90000328313  9.88603493422  9.87325026234  9.86177699801  9.85172842222  9.84320261629  9.83628191700  9.83103254057  9.82750433752  9.82573064321  9.82572819456  9.82749709180  9.83102079436  9.83626615107  9.84318347598  9.85170669103  9.86175356551  9.87322608779  9.88601100734  9.89998058350  9.91499357236  9.93089647273  9.94752503995  9.96470605957  9.98225935678 10.00000000000
 10.00000000000  9.98226398147  9.96471511197  9.94753813423  9.93091305020  9.91501292457  9.90000188158  9.88603333630  9.87324848448  9.86177505849  9.85172634096  9.84320041464  9.83627961756  9.83103016691  9.82750191395  9.82572819456  9.82572574591  9.82749466823  9.83101842069  9.83626385163  9.84318127433  9.85170460976  9.86175162598  9.87322430993  9.88600940941  9.89997918195  9.91499238161  9.93089550506  9.94752430532  9.96470556557  9.98225910849 10.00000000000
 10.00000000000  9.98244392148  9.96507309855  9.94807040435  9.93161401828  9.91587525133  9.90101656312  9.88718981092  9.87453475499  9.86317782740  9.85323115606  9.84479182267  9.83794132392  9.83274519966  9.82925279083  9.82749709180  9.82749466823  9.82924561932  9.83273357374  9.83792571945  9.84477287839  9.85320964743  9.86315463488  9.87451082803  9.88716612909  9.90099409598  9.91585491877  9.93159665282  9.94805671707  9.96506364992  9.98243909841 10.00000000000
 10.00000000000  9.98280237477  9.96578623286  9.94913072266  9.93301039258  9.91759306006  9.90303786854  9.88949357217  9.87709707185  9.86597220973  9.85622881386  9.84796197225  9.84125150604  9.83616160627  9.83274059759  9.83102079436  9.83101842069  9.83273357374  9.83615021974  9.84123622288  9.84794341805  9.85620774810  9.86594949476  9.87707363757  9.88947037796  9.90301586401  9.91757314616  9.93299338470  9.94911731721  9.96577697878  9.98279765101 10.00000000000
 10.00000000000  9.98333598356  9.96684783373  9.95070915312  9.93508908414  9.92015024306  9.90604683665  9.89292299992  9.88091137783  9.87013195797  9.86069114589  9.85268106298  9.84617903737  9.84124725335  9.83793252366  9.83626615107  9.83626385163  9.83792571945  9.84123622288  9.84616423212  9.85266308897  9.86067073887  9.87010995331  9.88088867634  9.89290053099  9.90602552021  9.92013095187  9.93507260809  9.95069616686  9.96683886903  9.98333140751 10.00000000000
 10.00000000000  9.98403971360  9.96824788442  9.95279079939  9.93783047004  9.92352265246  9.91001504268  9.89744568442  9.88594161102  9.87561772831  9.86657593026  9.85890442814  9.85267726455  9.84795397939  9.84477939321  9.84318347598  9.84318127433  9.84477287839  9.84794341805  9.85266308897  9.85888721857  9.86655639116  9.87559665951  9.88591987504  9.89742417111  9.90999463284  9.92350418173  9.93781469473  9.95277836545  9.96823930099  9.98403533217 10.00000000000
 10.00000000000  9.98490686683  9.96997305780  9.95535584257  9.94120844369  9.92767816274  9.91490467280  9.90301851250  9.89213980214  9.88237718821  9.87382700857  9.86657265976  9.86068413937  9.85621773198  9.85321580604  9.85170669103  9.85170460976  9.85320964743  9.85620774810  9.86067073887  9.86655639116  9.87380853780  9.88235727139  9.89211925461  9.90299817546  9.91488537890  9.92766070193  9.94119353092  9.95534408847  9.96996494368  9.98490272496 10.00000000000
 10.00000000000  9.98592910337  9.97200676031  9.95837960686  9.94519050193  9.93257677886  9.92066865259  9.90958781546  9.89944624074  9.89034519956  9.88237448424  9.87561182018  9.87012244119  9.86595879871  9.86316037407  9.86175356551  9.86175162598  9.86315463488  9.86594949476  9.87010995331  9.87559665951  9.88235727139  9.89032663913  9.89942709255  9.90956886344  9.92065067266  9.93256050718  9.94517660477  9.95836865325  9.97199919879  9.98592524358 10.00000000000
 10.00000000000  9.98709647679  9.97432920224  9.96183266447  9.94973788383  9.93817080798  9.92725085046  9.91708960259  9.90778973678  9.89944410595  9.89213503276  9.88593377205  9.88090012335  9.87708216603  9.87451608886  9.87322608779  9.87322430993  9.87451082803  9.87707363757  9.88088867634  9.88591987504  9.89211925461  9.89942709255  9.90777218461  9.91707223024  9.92723436917  9.93815589257  9.94972514500  9.96182262386  9.97432227098  9.98709293871 10.00000000000
 10.00000000000  9.98839748656  9.97691750235  9.96568099161  9.95480577678  9.94440511410  9.93458637861  9.92544990585  9.91708800596  9.90958415492  9.90301235671  9.89743666161  9.89291081946  9.88947804325  9.88717085746  9.88601100734  9.88600940941  9.88716612909  9.88947037796  9.89290053099  9.89742417111  9.90299817546  9.90956886344  9.91707223024  9.92543429175  9.93457156539  9.94439170826  9.95479432725  9.96567196720  9.97691127260  9.98839430658 10.00000000000
 10.00000000000  9.98981915192  9.97974583483  9.96988618727  9.96034360536  9.95121747424  9.94260201351  9.93458526062  9.92724820616  9.92066408492  9.91489781737  9.91000558834  9.90603454429  9.90302258729  9.90099824327  9.89998058350  9.89997918195  9.90099409598  9.90301586401  9.90602552021  9.90999463284  9.91488537890  9.92065067266  9.92723436917  9.93457156539  9.94258902074  9.95120571590  9.96033356290  9.96987827190  9.97974037067  9.98981636274 10.00000000000
 10.00000000000  9.99134711025  9.98278562522  9.97440576489  9.96629541587  9.95853905240  9.95121675446  9.94440334363  9.93816764837  9.93257190213  9.92767126955  9.92351348944  9.92013861866  9.91757885821  9.91585844228  9.91499357236  9.91499238161  9.91585491877  9.91757314616  9.92013095187  9.92350418173  9.92766070193  9.93256050718  9.93815589257  9.94439170826  9.95120571590  9.95852906260  9.96628688388  9.97439904005  9.98278098292  9.99134474058 10.00000000000
 10.00000000000  9.99296574253  9.98600580013  9.97919352380  9.97260036589  9.96629500221  9.96034253352  9.95480378287  9.94973469850  9.94518586502  9.94120211883  9.93782225875  9.93507883860  9.93299802666  9.93159951624  9.93089647273  9.93089550506  9.93159665282  9.93299338470  9.93507260809  9.93781469473  9.94119353092  9.94517660477  9.94972514500  9.95479432725  9.96033356290  9.96628688388  9.97259343225  9.97918805878  9.98600202751  9.99296381678 10.00000000000
 10.00000000000  9.99465832690  9.98937309267  9.98420000348  9.97919332258  9.97440520323  9.96988508211  9.96567914561  9.96182987657  9.95837568334  9.95535060814  9.95278410781  9.95070089687  9.94912084124  9.94805889089  9.94752503995  9.94752430532  9.94805671707  9.94911731721  9.95069616686  9.95277836545  9.95534408847  9.95836865325  9.96182262386  9.96567196720  9.96987827190  9.97439904005  9.97918805878  9.98419585461  9.98937022862  9.99465686494 10.00000000000
 10.00000000000  9.99640721956  9.99285240237  9.98937301855  9.98600556717  9.98278512738  9.97974495023  9.97691609975  9.97432714810  9.97200392621  9.96996932786  9.96824316247  9.96684204974  9.96577934853  9.96506511171  9.96470605957  9.96470556557  9.96506364992  9.96577697878  9.96683886903  9.96823930099  9.96996494368  9.97199919879  9.97432227098  9.97691127260  9.97974037067  9.98278098292  9.98600202751  9.98937022862  9.99285047642  9.99640623646 10.00000000000
 10.00000000000  9.99819406052  9.99640720443  9.99465826714  9.99296559580  9.99134682355  9.98981866439  9.98839673267  9.98709538992  9.98592761955  9.98490492843  9.98403727293  9.98333300612  9.98279884204  9.98243983310  9.98225935678  9.98225910849  9.98243909841  9.98279765101  9.98333140751  9.98403533217  9.98490272496  9.98592524358  9.98709293871  9.98839430658  9.98981636274  9.99134474058  9.99296381678  9.99465686494  9.99640623646  9.99819356642 10.00000000000
 10.00000000000 10.00000000000 10.00000000000 10.00000000000 10.00000000000 10.00000000000 10.00000000000 10.00000000000 10.00000000000 10.00000000000 10.00000000000 10.00000000000 10.00000000000 10.00000000000 10.00000000000 10.00000000000 10.00000000000 10.00000000000 10.00000000000 10.00000000000 10.00000000000 10.00000000000 10.00000000000 10.00000000000 10.00000000000 10.00000000000 10.00000000000 10.00000000000 10.00000000000 10.00000000000 10.00000000000 10.00000000000

 10.00000000000 10.00000000000 10.00000000000 10.00000000000 10.00000000000 10.00000000000 10.00000000000 10.00000000000 10.00000000000 10.00000000000 10.00000000000 10.00000000000 10.00000000000 10.00000000000 10.00000000000 10.00000000000 10.00000000000 10.00000000000 10.00000000000 10.00000000000 10.00000000000 10.00000000000 10.00000000000 10.00000000000 10.00000000000 10.00000000000 10.00000000000 10.00000000000 10.00000000000 10.00000000000 10.00000000000 10.00000000000
 10.00000000000  9.99639003655  9.99281827089  9.98932239960  9.98593913273  9.98270373886  9.97964963254  9.97680801302  9.97420755901  9.97187418085  9.96983082754  9.96809734353  9.96669036809  9.96562326876  9.96490610065  9.96454558336  9.96454508935  9.96490463885  9.96562089901  9.96668718737  9.96809348205  9.96982644335  9.97186945343  9.97420268189  9.97680318586  9.97964505298  9.98269959440  9.98593559307  9.98931960967  9.99281634494  9.99638905345 10.00000000000
 10.00000000000  9.99281827089  9.98571252940  9.97875776650  9.97202701126  9.96559042610  9.95951448630  9.95386126114  9.94868780678  9.94404567285  9.93998051838  9.93653182650  9.93373270390  9.93160974814  9.93018296622  9.92946572859  9.92946474568  9.93018005771  9.93160503309  9.93372637530  9.93652414339  9.93997179525  9.94403626681  9.94867810287  9.95385165664  9.95950537444  9.96558217995  9.97201996846  9.97875221543  9.98570869738  9.99281631483 10.00000000000
 10.00000000000  9.98932239960  9.97875776650  9.96841758714  9.95841043302  9.94884061604  9.93980696908  9.93140177742  9.92370987575  9.91680791421  9.91076378663  9.90563620566  9.90147440355  9.89831793420  9.89619655124  9.89513013904  9.89512867736  9.89619222604  9.89831092250  9.90146499235  9.90562478019  9.91075081458  9.91679392659  9.92369544518  9.93138749469  9.93979341894  9.94882835329  9.95839995976  9.96840933222  9.97875206794  9.98931949076 10.00000000000
 10.00000000000  9.98593913273  9.97202701126  9.95841043302  9.94523236016  9.93263015001  9.92073395002  9.90966529070  9.89953589624  9.89044671719  9.88248717625  9.87573460741  9.87025386043  9.86609703858  9.86330333680  9.86189894972  9.86189702435  9.86329763951  9.86608780255  9.87024146371  9.87571955742  9.88247008905  9.89042829226  9.89951688785  9.90964647703  9.92071610135  9.93261399713  9.94521856445  9.95839955938  9.97201950494  9.98593530112 10.00000000000
 10.00000000000  9.98270373886  9.96559042610  9.94884061604  9.93263015001  9.91712798156  9.90249420300  9.88887831497  9.87641776282  9.86523674544  9.85544528588  9.84713853920  9.84039630369  9.83528269606  9.83184595031  9.83011830296  9.83011593375  9.83183893966  9.83527133091  9.84038104924  9.84712001984  9.85542425969  9.86521407314  9.87639437255  9.88885516433  9.90247223980  9.91710810507  9.93261317407  9.94882723577  9.96558118941  9.98269902398 10.00000000000
 10.00000000000  9.97964963254  9.95951448630  9.93980696908  9.92073395002  9.90249420300  9.88527608625  9.86925550668  9.85459419711  9.84143831327  9.82991733783  9.82014326332  9.81221001395  9.80619306052  9.80214918104  9.80011632359  9.80011353495  9.80214092926  9.80617968335  9.81219205893  9.82012146539  9.82989258927  9.84141162717  9.85456666595  9.86922825755  9.88525023480  9.90247080767  9.92071396874  9.93979122004  9.95950361438  9.97964408296 10.00000000000
 10.00000000000  9.97680801302  9.95386126114  9.93140177742  9.90966529070  9.88887831497  9.86925550668  9.85099734523  9.83428816892  9.81929457394  9.80616416263  9.79502460879  9.78598299509  9.77912537051  9.77451647436  9.77219957724  9.77219639788  9.77450706640  9.77911011902  9.78596252434  9.79499975670  9.80613594649  9.81926414878  9.83425678029  9.85096627816  9.86922603311  9.88885164166  9.90964250979  9.93138382174  9.95384886593  9.97680168586 10.00000000000
 10.00000000000  9.97420755901  9.94868780678  9.92370987575  9.89953589624  9.87641776282  9.85459419711  9.83428816892  9.81570471084  9.79902913564  9.78442564083  9.77203626522  9.76198014784  9.75435303164  9.74922695274  9.74665006056  9.74664652318  9.74921648538  9.75433606275  9.76195737196  9.77200861462  9.78439424737  9.79899528443  9.81566978765  9.83425360350  9.85456140464  9.87638808592  9.89951055006  9.92368989814  9.94867401579  9.97420051938 10.00000000000
 10.00000000000  9.97187418085  9.94404567285  9.91680791421  9.89044671719  9.86523674544  9.84143831327  9.81929457394  9.79902913564  9.78084411519  9.76491861282  9.75140757019  9.74044095768  9.73212322870  9.72653297690  9.72372273667  9.72371887764  9.72652155775  9.73210471682  9.74041611078  9.75137740532  9.76488436474  9.78080718588  9.79899103689  9.81925686548  9.84140253897  9.86520437002  9.89041906628  9.91678612003  9.94403062785  9.97186650110 10.00000000000
 10.00000000000  9.96983082754  9.93998051838  9.91076378663  9.88248717625  9.85544528588  9.82991733783  9.80616416263  9.78442564083  9.76491861282  9.74783523935  9.73334177224  9.72157767809  9.71265504838  9.70665822769  9.70364359646  9.70363945541  9.70664597403  9.71263518365  9.72155101539  9.73330940294  9.74779848843  9.76487898472  9.78438475782  9.80612369845  9.82987894915  9.85541054447  9.88245750461  9.91074039974  9.93996437389  9.96982258656 10.00000000000
 10.00000000000  9.96809734353  9.93653182650  9.90563620566  9.87573460741  9.84713853920  9.82014326332  9.79502460879  9.77203626522  9.75140757019  9.73334177224  9.71801472689  9.70557396555  9.69613806748  9.68979626277  9.68660819940  9.68660381883  9.68978330036  9.69611705380  9.70554576070  9.71798048537  9.73330289569  9.75136565003  9.77199301758  9.79498180420  9.82010265427  9.84710178837  9.87570321959  9.90561146609  9.93651474823  9.96808862590 10.00000000000
 10.00000000000  9.96669036809  9.93373270390  9.90147440355  9.87025386043  9.84039630369  9.81221001395  9.78598299509  9.76198014784  9.74044095768  9.72157767809  9.70557396555  9.69258390344  9.68273134251  9.67610948289  9.67278062804  9.67277605289  9.67609594470  9.68270939540  9.69255444574  9.70553820303  9.72153707465  9.74039717544  9.76193497915  9.78593828912  9.81216760106  9.84035792040  9.87022107837  9.90144856505  9.93371486702  9.96668126322 10.00000000000
 10.00000000000  9.96562326876  9.93160974814  9.89831793420  9.86609703858  9.83528269606  9.80619306052  9.77912537051  9.75435303164  9.73212322870  9.71265504838  9.69613806748  9.68273134251  9.67256272587  9.66572843163  9.66229277941  9.66228805657  9.66571445643  9.67254007032  9.68270093393  9.69610115056  9.71261313428  9.73207803320  9.75430640492  9.77907922146  9.80614927856  9.83524307378  9.86606319834  9.89829126165  9.93159133549  9.96561387000 10.00000000000
 10.00000000000  9.96490610065  9.93018296622  9.89619655124  9.86330333680  9.83184595031  9.80214918104  9.77451647436  9.74922695274  9.72653297690  9.70665822769  9.68979626277  9.67610948289  9.66572843163  9.65875135019  9.65524391421  9.65523909209  9.65873708118  9.66570529978  9.67607843500  9.68975856972  9.70661543240  9.72648683122  9.74917934575  9.77446935508  9.80210447862  9.83180549502  9.86326878511  9.89616931794  9.93016416647  9.96489650428 10.00000000000
 10.00000000000  9.96454558336  9.92946572859  9.89513013904  9.86189894972  9.83011830296  9.80011632359  9.77219957724  9.74665006056  9.72372273667  9.70364359646  9.68660819940  9.67278062804  9.66229277941  9.65524391421  9.65170039016  9.65169551813  9.65522949756  9.66226940820  9.67274925888  9.68657011631  9.70360035834  9.72367611349  9.74660196096  9.77215197040  9.80007115861  9.83007742906  9.86186404050  9.89510262393  9.92944673430  9.96453588770 10.00000000000
 10.00000000000  9.96454508935  9.92946474568  9.89512867736  9.86189702435  9.83011593375  9.80011353495  9.77219639788  9.74664652318  9.72371887764  9.70363945541  9.68660381883  9.67277605289  9.66228805657  9.65523909209  9.65169551813  9.65169064611  9.65522467543  9.66226468536  9.67274468373  9.68656573575  9.70359621728  9.72367225445  9.74659842358  9.77214879104  9.80006836997  9.83007505985  9.86186211513  9.89510116226  9.92944575139  9.96453539369 10.00000000000
 10.00000000000  9.96490463885  9.93018005771  9.89619222604  9.86329763951  9.83183893966  9.80214092926  9.77450706640  9.74921648538  9.72652155775  9.70664597403  9.68978330036  9.67609594470  9.66571445643  9.65873708118  9.65522949756  9.65522467543  9.65872281217  9.66569132458  9.67606489681  9.68974560731  9.70660317873  9.72647541206  9.74916887840  9.77445994712  9.80209622684  9.83179848437  9.86326308782  9.89616499273  9.93016125796  9.96489504249 10.00000000000
 10.00000000000  9.96562089901  9.93160503309  9.89831092250  9.86608780255  9.83527133091  9.80617968335  9.77911011902  9.75433606275  9.73210471682  9.71263518365  9.69611705380  9.68270939540  9.67254007032  9.66570529978  9.66226940820  9.66226468536  9.66569132458  9.67251741477  9.68267898682  9.69608013688  9.71259326955  9.73205952132  9.75428943603  9.77906396997  9.80613590138  9.83523170863  9.86605396231  9.89828424995  9.93158662044  9.96561150024 10.00000000000
