
 10.00000000000 10.00000000000 10.00000000000 10.00000000000 10.00000000000 10.00000000000 10.00000000000 10.00000000000 10.00000000000 10.00000000000 10.00000000000 10.00000000000 10.00000000000 10.00000000000 10.00000000000 10.00000000000 10.00000000000 10.00000000000 10.00000000000 10.00000000000 10.00000000000 10.00000000000 10.00000000000 10.00000000000 10.00000000000 10.00000000000 10.00000000000 10.00000000000 10.00000000000 10.00000000000 10.00000000000 10.00000000000
 10.00000000000 10.00000000000 10.00000000000 10.00000000000 10.00000000000 10.00000000000 10.00000000000 10.00000000000 10.00000000000 10.00000000000 10.00000000000 10.00000000000 10.00000000000 10.00000000000 10.00000000000 10.00000000000 10.00000000000 10.00000000000 10.00000000000 10.00000000000 10.00000000000 10.00000000000 10.00000000000 10.00000000000 10.00000000000 10.00000000000 10.00000000000 10.00000000000 10.00000000000 10.00000000000 10.00000000000 10.00000000000
 10.00000000000 10.00000000000 10.00000000000 10.00000000000 10.00000000000 10.00000000000 10.00000000000 10.00000000000 10.00000000000 10.00000000000 10.00000000000 10.00000000000 10.00000000000 10.00000000000 10.00000000000 10.00000000000 10.00000000000 10.00000000000 10.00000000000 10.00000000000 10.00000000000 10.00000000000 10.00000000000 10.00000000000 10.00000000000 10.00000000000 10.00000000000 10.00000000000 10.00000000000 10.00000000000 10.00000000000 10.00000000000
 10.00000000000 10.00000000000 10.00000000000 10.00000000000 10.00000000000 10.00000000000 10.00000000000 10.00000000000 10.00000000000 10.00000000000 10.00000000000 10.00000000000 10.00000000000 10.00000000000 10.00000000000 10.00000000000 10.00000000000 10.00000000000 10.00000000000 10.00000000000 10.00000000000 10.00000000000 10.00000000000 10.00000000000 10.00000000000 10.00000000000 10.00000000000 10.00000000000 10.00000000000 10.00000000000 10.00000000000 10.00000000000
 10.00000000000 10.00000000000 10.00000000000 10.00000000000 10.00000000000 10.00000000000 10.00000000000 10.00000000000 10.00000000000 10.00000000000 10.00000000000 10.00000000000 10.00000000000 10.00000000000 10.00000000000 10.00000000000 10.00000000000 10.00000000000 10.00000000000 10.00000000000 10.00000000000 10.00000000000 10.00000000000 10.00000000000 10.00000000000 10.00000000000 10.00000000000 10.00000000000 10.00000000000 10.00000000000 10.00000000000 10.00000000000
 10.00000000000 10.00000000000 10.00000000000 10.00000000000 10.00000000000 10.00000000000 10.00000000000 10.00000000000 10.00000000000 10.00000000000 10.00000000000 10.00000000000 10.00000000000 10.00000000000 10.00000000000 10.00000000000 10.00000000000 10.00000000000 10.00000000000 10.00000000000 10.00000000000 10.00000000000 10.00000000000 10.00000000000 10.00000000000 10.00000000000 10.00000000000 10.00000000000 10.00000000000 10.00000000000 10.00000000000 10.00000000000
 10.00000000000 10.00000000000 10.00000000000 10.00000000000 10.00000000000 10.00000000000 10.00000000000 10.00000000000 10.00000000000 10.00000000000 10.00000000000 10.00000000000 10.00000000000 10.00000000000 10.00000000000 10.00000000000 10.00000000000 10.00000000000 10.00000000000 10.00000000000 10.00000000000 10.00000000000 10.00000000000 10.00000000000 10.00000000000 10.00000000000 10.00000000000 10.00000000000 10.00000000000 10.00000000000 10.00000000000 10.00000000000
 10.00000000000 10.00000000000 10.00000000000 10.00000000000 10.00000000000 10.00000000000 10.00000000000 10.00000000000 10.00000000000 10.00000000000 10.00000000000 10.00000000000 10.00000000000 10.00000000000 10.00000000000 10.00000000000 10.00000000000 10.00000000000 10.00000000000 10.00000000000 10.00000000000 10.00000000000 10.00000000000 10.00000000000 10.00000000000 10.00000000000 10.00000000000 10.00000000000 10.00000000000 10.00000000000 10.00000000000 10.00000000000
 10.00000000000 10.00000000000 10.00000000000 10.00000000000 10.00000000000 10.00000000000 10.00000000000 10.00000000000 10.00000000000 10.00000000000 10.00000000000 10.00000000000 10.00000000000 10.00000000000 10.00000000000 10.00000000000 10.00000000000 10.00000000000 10.00000000000 10.00000000000 10.00000000000 10.00000000000 10.00000000000 10.00000000000 10.00000000000 10.00000000000 10.00000000000 10.00000000000 10.00000000000 10.00000000000 10.00000000000 10.00000000000
 10.00000000000 10.00000000000 10.00000000000 10.00000000000 10.00000000000 10.00000000000 10.00000000000 10.00000000000 10.00000000000 10.00000000000 10.00000000000 10.00000000000 10.00000000000 10.00000000000 10.00000000000 10.00000000000 10.00000000000 10.00000000000 10.00000000000 10.00000000000 10.00000000000 10.00000000000 10.00000000000 10.00000000000 10.00000000000 10.00000000000 10.00000000000 10.00000000000 10.00000000000 10.00000000000 10.00000000000 10.00000000000
 10.00000000000 10.00000000000 10.00000000000 10.00000000000 10.00000000000 10.00000000000 10.00000000000 10.00000000000 10.00000000000 10.00000000000 10.00000000000 10.00000000000 10.00000000000 10.00000000000 10.00000000000 10.00000000000 10.00000000000 10.00000000000 10.00000000000 10.00000000000 10.00000000000 10.00000000000 10.00000000000 10.00000000000 10.00000000000 10.00000000000 10.00000000000 10.00000000000 10.00000000000 10.00000000000 10.00000000000 10.00000000000
 10.00000000000 10.00000000000 10.00000000000 10.00000000000 10.00000000000 10.00000000000 10.00000000000 10.00000000000 10.00000000000 10.00000000000 10.00000000000 10.00000000000 10.00000000000 10.00000000000 10.00000000000 10.00000000000 10.00000000000 10.00000000000 10.00000000000 10.00000000000 10.00000000000 10.00000000000 10.00000000000 10.00000000000 10.00000000000 10.00000000000 10.00000000000 10.00000000000 10.00000000000 10.00000000000 10.00000000000 10.00000000000
 10.00000000000 10.00000000000 10.00000000000 10.00000000000 10.00000000000 10.00000000000 10.00000000000 10.00000000000 10.00000000000 10.00000000000 10.00000000000 10.00000000000 10.00000000000 10.00000000000 10.00000000000 10.00000000000 10.00000000000 10.00000000000 10.00000000000 10.00000000000 10.00000000000 10.00000000000 10.00000000000 10.00000000000 10.00000000000 10.00000000000 10.00000000000 10.00000000000 10.00000000000 10.00000000000 10.00000000000 10.00000000000
 10.00000000000 10.00000000000 10.00000000000 10.00000000000 10.00000000000 10.00000000000 10.00000000000 10.00000000000 10.00000000000 10.00000000000 10.00000000000 10.00000000000 10.00000000000 10.00000000000 10.00000000000 10.00000000000 10.00000000000 10.00000000000 10.00000000000 10.00000000000 10.00000000000 10.00000000000 10.00000000000 10.00000000000 10.00000000000 10.00000000000 10.00000000000 10.00000000000 10.00000000000 10.00000000000 10.00000000000 10.00000000000
 10.00000000000 10.00000000000 10.00000000000 10.00000000000 10.00000000000 10.00000000000 10.00000000000 10.00000000000 10.00000000000 10.00000000000 10.00000000000 10.00000000000 10.00000000000 10.00000000000 10.00000000000 10.00000000000 10.00000000000 10.00000000000 10.00000000000 10.00000000000 10.00000000000 10.00000000000 10.00000000000 10.00000000000 10.00000000000 10.00000000000 10.00000000000 10.00000000000 10.00000000000 10.00000000000 10.00000000000 10.00000000000
 10.00000000000 10.00000000000 10.00000000000 10.00000000000 10.00000000000 10.00000000000 10.00000000000 10.00000000000 10.00000000000 10.00000000000 10.00000000000 10.00000000000 10.00000000000 10.00000000000 10.00000000000 10.00000000000 10.00000000000 10.00000000000 10.00000000000 10.00000000000 10.00000000000 10.00000000000 10.00000000000 10.00000000000 10.00000000000 10.00000000000 10.00000000000 10.00000000000 10.00000000000 10.00000000000 10.00000000000 10.00000000000
 10.00000000000 10.00000000000 10.00000000000 10.00000000000 10.00000000000 10.00000000000 10.00000000000 10.00000000000 10.00000000000 10.00000000000 10.00000000000 10.00000000000 10.00000000000 10.00000000000 10.00000000000 10.00000000000 10.00000000000 10.00000000000 10.00000000000 10.00000000000 10.00000000000 10.00000000000 10.00000000000 10.00000000000 10.00000000000 10.00000000000 10.00000000000 10.00000000000 10.00000000000 10.00000000000 10.00000000000 10.00000000000
 10.00000000000 10.00000000000 10.00000000000 10.00000000000 10.00000000000 10.00000000000 10.00000000000 10.00000000000 10.00000000000 10.00000000000 10.00000000000 10.00000000000 10.00000000000 10.00000000000 10.00000000000 10.00000000000 10.00000000000 10.00000000000 10.00000000000 10.00000000000 10.00000000000 10.00000000000 10.00000000000 10.00000000000 10.00000000000 10.00000000000 10.00000000000 10.00000000000 10.00000000000 10.00000000000 10.00000000000 10.00000000000
 10.00000000000 10.00000000000 10.00000000000 10.00000000000 10.00000000000 10.00000000000 10.00000000000 10.00000000000 10.00000000000 10.00000000000 10.00000000000 10.00000000000 10.00000000000 10.00000000000 10.00000000000 10.00000000000 10.00000000000 10.00000000000 10.00000000000 10.00000000000 10.00000000000 10.00000000000 10.00000000000 10.00000000000 10.00000000000 10.00000000000 10.00000000000 10.00000000000 10.00000000000 10.00000000000 10.00000000000 10.00000000000
 10.00000000000 10.00000000000 10.00000000000 10.00000000000 10.00000000000 10.00000000000 10.00000000000 10.00000000000 10.00000000000 10.00000000000 10.00000000000 10.00000000000 10.00000000000 10.00000000000 10.00000000000 10.00000000000 10.00000000000 10.00000000000 10.00000000000 10.00000000000 10.00000000000 10.00000000000 10.00000000000 10.00000000000 10.00000000000 10.00000000000 10.00000000000 10.00000000000 10.00000000000 10.00000000000 10.00000000000 10.00000000000
 10.00000000000 10.00000000000 10.00000000000 10.00000000000 10.00000000000 10.00000000000 10.00000000000 10.00000000000 10.00000000000 10.00000000000 10.00000000000 10.00000000000 10.00000000000 10.00000000000 10.00000000000 10.00000000000 10.00000000000 10.00000000000 10.00000000000 10.00000000000 10.00000000000 10.00000000000 10.00000000000 10.00000000000 10.00000000000 10.00000000000 10.00000000000 10.00000000000 10.00000000000 10.00000000000 10.00000000000 10.00000000000
 10.00000000000 10.00000000000 10.00000000000 10.00000000000 10.00000000000 10.00000000000 10.00000000000 10.00000000000 10.00000000000 10.00000000000 10.00000000000 10.00000000000 10.00000000000 10.00000000000 10.00000000000 10.00000000000 10.00000000000 10.00000000000 10.00000000000 10.00000000000 10.00000000000 10.00000000000 10.00000000000 10.00000000000 10.00000000000 10.00000000000 10.00000000000 10.00000000000 10.00000000000 10.00000000000 10.00000000000 10.00000000000
 10.00000000000 10.00000000000 10.00000000000 10.00000000000 10.00000000000 10.00000000000 10.00000000000 10.00000000000 10.00000000000 10.00000000000 10.00000000000 10.00000000000 10.00000000000 10.00000000000 10.00000000000 10.00000000000 10.00000000000 10.00000000000 10.00000000000 10.00000000000 10.00000000000 10.00000000000 10.00000000000 10.00000000000 10.00000000000 10.00000000000 10.00000000000 10.00000000000 10.00000000000 10.00000000000 10.00000000000 10.00000000000
 10.00000000000 10.00000000000 10.00000000000 10.00000000000 10.00000000000 10.00000000000 10.00000000000 10.00000000000 10.00000000000 10.00000000000 10.00000000000 10.00000000000 10.00000000000 10.00000000000 10.00000000000 10.00000000000 10.00000000000 10.00000000000 10.00000000000 10.00000000000 10.00000000000 10.00000000000 10.00000000000 10.00000000000 10.00000000000 10.00000000000 10.00000000000 10.00000000000 10.00000000000 10.00000000000 10.00000000000 10.00000000000
 10.00000000000 10.00000000000 10.00000000000 10.00000000000 10.00000000000 10.00000000000 10.00000000000 10.00000000000 10.00000000000 10.00000000000 10.00000000000 10.00000000000 10.00000000000 10.00000000000 10.00000000000 10.00000000000 10.00000000000 10.00000000000 10.00000000000 10.00000000000 10.00000000000 10.00000000000 10.00000000000 10.00000000000 10.00000000000 10.00000000000 10.00000000000 10.00000000000 10.00000000000 10.00000000000 10.00000000000 10.00000000000
 10.00000000000 10.00000000000 10.00000000000 10.00000000000 10.00000000000 10.00000000000 10.00000000000 10.00000000000 10.00000000000 10.00000000000 10.00000000000 10.00000000000 10.00000000000 10.00000000000 10.00000000000 10.00000000000 10.00000000000 10.00000000000 10.00000000000 10.00000000000 10.00000000000 10.00000000000 10.00000000000 10.00000000000 10.00000000000 10.00000000000 10.00000000000 10.00000000000 10.00000000000 10.00000000000 10.00000000000 10.00000000000
 10.00000000000 10.00000000000 10.00000000000 10.00000000000 10.00000000000 10.00000000000 10.00000000000 10.00000000000 10.00000000000 10.00000000000 10.00000000000 10.00000000000 10.00000000000 10.00000000000 10.00000000000 10.00000000000 10.00000000000 10.00000000000 10.00000000000 10.00000000000 10.00000000000 10.00000000000 10.00000000000 10.00000000000 10.00000000000 10.00000000000 10.00000000000 10.00000000000 10.00000000000 10.00000000000 10.00000000000 10.00000000000
 10.00000000000 10.00000000000 10.00000000000 10.00000000000 10.00000000000 10.00000000000 10.00000000000 10.00000000000 10.00000000000 10.00000000000 10.00000000000 10.00000000000 10.00000000000 10.00000000000 10.00000000000 10.00000000000 10.00000000000 10.00000000000 10.00000000000 10.00000000000 10.00000000000 10.00000000000 10.00000000000 10.00000000000 10.00000000000 10.00000000000 10.00000000000 10.00000000000 10.00000000000 10.00000000000 10.00000000000 10.00000000000
 10.00000000000 10.00000000000 10.00000000000 10.00000000000 10.00000000000 10.00000000000 10.00000000000 10.00000000000 10.00000000000 10.00000000000 10.00000000000 10.00000000000 10.00000000000 10.00000000000 10.00000000000 10.00000000000 10.00000000000 10.00000000000 10.00000000000 10.00000000000 10.00000000000 10.00000000000 10.00000000000 10.00000000000 10.00000000000 10.00000000000 10.00000000000 10.00000000000 10.00000000000 10.00000000000 10.00000000000 10.00000000000
 10.00000000000 10.00000000000 10.00000000000 10.00000000000 10.00000000000 10.00000000000 10.00000000000 10.00000000000 10.00000000000 10.00000000000 10.00000000000 10.00000000000 10.00000000000 10.00000000000 10.00000000000 10.00000000000 10.00000000000 10.00000000000 10.00000000000 10.00000000000 10.00000000000 10.00000000000 10.00000000000 10.00000000000 10.00000000000 10.00000000000 10.00000000000 10.00000000000 10.00000000000 10.00000000000 10.00000000000 10.00000000000
 10.00000000000 10.00000000000 10.00000000000 10.00000000000 10.00000000000 10.00000000000 10.00000000000 10.00000000000 10.00000000000 10.00000000000 10.00000000000 10.00000000000 10.00000000000 10.00000000000 10.00000000000 10.00000000000 10.00000000000 10.00000000000 10.00000000000 10.00000000000 10.00000000000 10.00000000000 10.00000000000 10.00000000000 10.00000000000 10.00000000000 10.00000000000 10.00000000000 10.00000000000 10.00000000000 10.00000000000 10.00000000000
 10.00000000000 10.00000000000 10.00000000000 10.00000000000 10.00000000000 10.00000000000 10.00000000000 10.00000000000 10.00000000000 10.00000000000 10.00000000000 10.00000000000 10.00000000000 10.00000000000 10.00000000000 10.00000000000 10.00000000000 10.00000000000 10.00000000000 10.00000000000 10.00000000000 10.00000000000 10.00000000000 10.00000000000 10.00000000000 10.00000000000 10.00000000000 10.00000000000 10.00000000000 10.00000000000 10.00000000000 10.00000000000

 10.00000000000 10.00000000000 10.00000000000 10.00000000000 10.00000000000 10.00000000000 10.00000000000 10.00000000000 10.00000000000 10.00000000000 10.00000000000 10.00000000000 10.00000000000 10.00000000000 10.00000000000 10.00000000000 10.00000000000 10.00000000000 10.00000000000 10.00000000000 10.00000000000 10.00000000000 10.00000000000 10.00000000000 10.00000000000 10.00000000000 10.00000000000 10.00000000000 10.00000000000 10.00000000000 10.00000000000 10.00000000000
 10.00000000000  9.99942037090  9.99884716549  9.99828669677  9.99774506190  9.99722804754  9.99674104976  9.99628901112  9.99587637602  9.99550706405  9.99518445947  9.99491141415  9.99469026013  9.99452282820  9.99441046829  9.99435406828  9.99435406828  9.99441046828  9.99452282818  9.99469026010  9.99491141411  9.99518445943  9.99550706400  9.99587637597  9.99628901107  9.99674104971  9.99722804749  9.99774506186  9.99828669675  9.99884716547  9.99942037089 10.00000000000
 10.00000000000  9.99884716549  9.99770710569  9.99659237530  9.99551510004  9.99448678852  9.99351817296  9.99261908406  9.99179836224  9.99106380446  9.99042214330  9.98987905250  9.98943917202  9.98910614466  9.98888265659  9.98877047464  9.98877047463  9.98888265656  9.98910614461  9.98943917195  9.98987905242  9.99042214321  9.99106380437  9.99179836214  9.99261908396  9.99351817286  9.99448678843  9.99551509997  9.99659237524  9.99770710565  9.99884716547 10.00000000000
 10.00000000000  9.99828669677  9.99659237530  9.99493569078  9.99333466157  9.99180638992  9.99036682541  9.98903057902  9.98781079111  9.98671905224  9.98576537180  9.98495818592  9.98430439438  9.98380941467  9.98347724194  9.98331050420  9.98331050419  9.98347724190  9.98380941460  9.98430439428  9.98495818581  9.98576537167  9.98671905210  9.98781079096  9.98903057888  9.99036682527  9.99180638979  9.99333466146  9.99493569069  9.99659237524  9.99828669674 10.00000000000
 10.00000000000  9.99774506190  9.99551510004  9.99333466157  9.99122745675  9.98921599189  9.98732125830  9.98556248760  9.98395697786  9.98251998911  9.98126470149  9.98020222516  9.97934164824  9.97869010740  9.97825286619  9.97803338729  9.97803338727  9.97825286614  9.97869010730  9.97934164811  9.98020222501  9.98126470131  9.98251998892  9.98395697766  9.98556248740  9.98732125812  9.98921599173  9.99122745661  9.99333466146  9.99551509997  9.99774506186 10.00000000000
 10.00000000000  9.99722804754  9.99448678852  9.99180638992  9.98921599189  9.98674325721  9.98441398933  9.98225183173  9.98027805395  9.97851142266  9.97696814956  9.97566190270  9.97460386444  9.97380281747  9.97326524022  9.97299539500  9.97299539498  9.97326524015  9.97380281736  9.97460386429  9.97566190251  9.97696814935  9.97851142243  9.98027805371  9.98225183149  9.98441398911  9.98674325701  9.98921599172  9.99180638978  9.99448678842  9.99722804749 10.00000000000
 10.00000000000  9.99674104976  9.99351817296  9.99036682541  9.98732125830  9.98441398933  9.98167535431  9.97913315377  9.97681240116  9.97473517063  9.97292053483  9.97138457711  9.97014045849  9.96919851754  9.96856638157  9.96824906938  9.96824906935  9.96856638148  9.96919851740  9.97014045831  9.97138457689  9.97292053458  9.97473517036  9.97681240087  9.97913315349  9.98167535405  9.98441398909  9.98732125809  9.99036682525  9.99351817285  9.99674104970 10.00000000000
 10.00000000000  9.99628901112  9.99261908406  9.98903057902  9.98556248760  9.98225183173  9.97913315377  9.97623811426  9.97359520490  9.97122957440  9.96916295650  9.96741368256  9.96599675628  9.96492396605  9.96420401022  9.96384261309  9.96384261306  9.96420401013  9.96492396589  9.96599675607  9.96741368231  9.96916295621  9.97122957409  9.97359520458  9.97623811394  9.97913315346  9.98225183146  9.98556248736  9.98903057884  9.99261908394  9.99628901106 10.00000000000
 10.00000000000  9.99587637602  9.99179836224  9.98781079111  9.98395697786  9.98027805395  9.97681240116  9.97359520490  9.97065813487  9.96802915065  9.96573242043  9.96378833343  9.96221358126  9.96102128112  9.96022111351  9.95981944989  9.95981944986  9.96022111340  9.96102128094  9.96221358103  9.96378833314  9.96573242011  9.96802915030  9.97065813451  9.97359520454  9.97681240082  9.98027805364  9.98395697760  9.98781079090  9.99179836210  9.99587637595 10.00000000000
 10.00000000000  9.99550706405  9.99106380446  9.98671905224  9.98251998911  9.97851142266  9.97473517063  9.97122957440  9.96802915065  9.96516437860  9.96266161010  9.96054308141  9.95882700012  9.95752767755  9.95665567727  9.95621795285  9.95621795281  9.95665567715  9.95752767736  9.95882699987  9.96054308110  9.96266160975  9.96516437822  9.96802915026  9.97122957401  9.97473517027  9.97851142233  9.98251998883  9.98671905202  9.99106380431  9.99550706397 10.00000000000
 10.00000000000  9.99518445947  9.99042214330  9.98576537180  9.98126470149  9.97696814956  9.97292053483  9.96916295650  9.96573242043  9.96266161010  9.95997878886  9.95770781088  9.95586821242  9.95447535202  9.95354056801  9.95307132489  9.95307132485  9.95354056789  9.95447535181  9.95586821214  9.95770781054  9.95997878849  9.96266160969  9.96573242001  9.96916295609  9.97292053444  9.97696814921  9.98126470118  9.98576537156  9.99042214313  9.99518445939 10.00000000000
 10.00000000000  9.99491141415  9.98987905250  9.98495818592  9.98020222516  9.97566190270  9.97138457711  9.96741368256  9.96378833343  9.96054308141  9.95770781088  9.95530774880  9.95336355952  9.95189149110  9.95090354030  9.95040760594  9.95040760589  9.95090354017  9.95189149088  9.95336355923  9.95530774845  9.95770781048  9.96054308098  9.96378833298  9.96741368212  9.97138457670  9.97566190232  9.98020222484  9.98495818567  9.98987905233  9.99491141406 10.00000000000
 10.00000000000  9.99469026013  9.98943917202  9.98430439438  9.97934164824  9.97460386444  9.97014045849  9.96599675628  9.96221358126  9.95882700012  9.95586821242  9.95336355952  9.95133462192  9.94979837045  9.94876733705  9.94824977369  9.94824977364  9.94876733692  9.94979837022  9.95133462161  9.95336355915  9.95586821200  9.95882699967  9.96221358080  9.96599675583  9.97014045805  9.97460386405  9.97934164790  9.98430439411  9.98943917184  9.99469026004 10.00000000000
 10.00000000000  9.99452282820  9.98910614466  9.98380941467  9.97869010740  9.97380281747  9.96919851754  9.96492396605  9.96102128112  9.95752767755  9.95447535202  9.95189149110  9.94979837045  9.94821350952  9.94714984660  9.94661590186  9.94661590181  9.94714984646  9.94821350929  9.94979837014  9.95189149072  9.95447535158  9.95752767709  9.96102128064  9.96492396558  9.96919851709  9.97380281706  9.97869010705  9.98380941439  9.98910614447  9.99452282811 10.00000000000
 10.00000000000  9.99441046829  9.98888265659  9.98347724194  9.97825286619  9.97326524022  9.96856638157  9.96420401022  9.96022111351  9.95665567727  9.95354056801  9.95090354030  9.94876733705  9.94714984660  9.94606428052  9.94551933938  9.94551933933  9.94606428037  9.94714984636  9.94876733674  9.95090353991  9.95354056757  9.95665567680  9.96022111302  9.96420400974  9.96856638111  9.97326523980  9.97825286584  9.98347724166  9.98888265640  9.99441046819 10.00000000000
 10.00000000000  9.99435406828  9.98877047464  9.98331050420  9.97803338729  9.97299539500  9.96824906938  9.96384261309  9.95981944989  9.95621795285  9.95307132489  9.95040760594  9.94824977369  9.94661590186  9.94551933938  9.94496887750  9.94496887745  9.94551933923  9.94661590162  9.94824977337  9.95040760555  9.95307132445  9.95621795237  9.95981944940  9.96384261260  9.96824906891  9.97299539458  9.97803338693  9.98331050392  9.98877047445  9.99435406818 10.00000000000
 10.00000000000  9.99435406828  9.98877047463  9.98331050419  9.97803338727  9.97299539498  9.96824906935  9.96384261306  9.95981944986  9.95621795281  9.95307132485  9.95040760589  9.94824977364  9.94661590181  9.94551933933  9.94496887745  9.94496887740  9.94551933918  9.94661590157  9.94824977332  9.95040760550  9.95307132441  9.95621795233  9.95981944936  9.96384261257  9.96824906888  9.97299539456  9.97803338691  9.98331050391  9.98877047444  9.99435406818 10.00000000000
 10.00000000000  9.99441046828  9.98888265656  9.98347724190  9.97825286614  9.97326524015  9.96856638148  9.96420401013  9.96022111340  9.95665567715  9.95354056789  9.95090354017  9.94876733692  9.94714984646  9.94606428037  9.94551933923  9.94551933918  9.94606428023  9.94714984622  9.94876733660  9.95090353978  9.95354056745  9.95665567668  9.96022111291  9.96420400964  9.96856638102  9.97326523973  9.97825286578  9.98347724162  9.98888265637  9.99441046818 10.00000000000
 10.00000000000  9.99452282818  9.98910614461  9.98380941460  9.97869010730  9.97380281736  9.96919851740  9.96492396589  9.96102128094  9.95752767736  9.95447535181  9.95189149088  9.94979837022  9.94821350929  9.94714984636  9.94661590162  9.94661590157  9.94714984622  9.94821350905  9.94979836991  9.95189149050  9.95447535138  9.95752767690  9.96102128046  9.96492396542  9.96919851695  9.97380281695  9.97869010695  9.98380941432  9.98910614442  9.99452282808 10.00000000000
 10.00000000000  9.99469026010  9.98943917195  9.98430439428  9.97934164811  9.97460386429  9.97014045831  9.96599675607  9.96221358103  9.95882699987  9.95586821214  9.95336355923  9.95133462161  9.94979837014  9.94876733674  9.94824977337  9.94824977332  9.94876733660  9.94979836991  9.95133462131  9.95336355886  9.95586821173  9.95882699942  9.96221358056  9.96599675561  9.97014045787  9.97460386389  9.97934164777  9.98430439402  9.98943917177  9.99469026001 10.00000000000
 10.00000000000  9.99491141411  9.98987905242  9.98495818581  9.98020222501  9.97566190251  9.97138457689  9.96741368231  9.96378833314  9.96054308110  9.95770781054  9.95530774845  9.95336355915  9.95189149072  9.95090353991  9.95040760555  9.95040760550  9.95090353978  9.95189149050  9.95336355886  9.95530774810  9.95770781014  9.96054308067  9.96378833270  9.96741368187  9.97138457647  9.97566190213  9.98020222468  9.98495818555  9.98987905225  9.99491141402 10.00000000000
 10.00000000000  9.99518445943  9.99042214321  9.98576537167  9.98126470131  9.97696814935  9.97292053458  9.96916295621  9.96573242011  9.96266160975  9.95997878849  9.95770781048  9.95586821200  9.95447535158  9.95354056757  9.95307132445  9.95307132441  9.95354056745  9.95447535138  9.95586821173  9.95770781014  9.95997878811  9.96266160934  9.96573241969  9.96916295580  9.97292053418  9.97696814899  9.98126470101  9.98576537143  9.99042214304  9.99518445934 10.00000000000
 10.00000000000  9.99550706400  9.99106380437  9.98671905210  9.98251998892  9.97851142243  9.97473517036  9.97122957409  9.96802915030  9.96516437822  9.96266160969  9.96054308098  9.95882699967  9.95752767709  9.95665567680  9.95621795237  9.95621795233  9.95665567668  9.95752767690  9.95882699942  9.96054308067  9.96266160934  9.96516437784  9.96802914991  9.97122957370  9.97473516999  9.97851142210  9.98251998864  9.98671905188  9.99106380421  9.99550706392 10.00000000000
 10.00000000000  9.99587637597  9.99179836214  9.98781079096  9.98395697766  9.98027805371  9.97681240087  9.97359520458  9.97065813451  9.96802915026  9.96573242001  9.96378833298  9.96221358080  9.96102128064  9.96022111302  9.95981944940  9.95981944936  9.96022111291  9.96102128046  9.96221358056  9.96378833270  9.96573241969  9.96802914991  9.97065813415  9.97359520422  9.97681240054  9.98027805340  9.98395697740  9.98781079076  9.99179836200  9.99587637590 10.00000000000
 10.00000000000  9.99628901107  9.99261908396  9.98903057888  9.98556248740  9.98225183149  9.97913315349  9.97623811394  9.97359520454  9.97122957401  9.96916295609  9.96741368212  9.96599675583  9.96492396558  9.96420400974  9.96384261260  9.96384261257  9.96420400964  9.96492396542  9.96599675561  9.96741368187  9.96916295580  9.97122957370  9.97359520422  9.97623811362  9.97913315318  9.98225183122  9.98556248717  9.98903057869  9.99261908384  9.99628901101 10.00000000000
 10.00000000000  9.99674104971  9.99351817286  9.99036682527  9.98732125812  9.98441398911  9.98167535405  9.97913315346  9.97681240082  9.97473517027  9.97292053444  9.97138457670  9.97014045805  9.96919851709  9.96856638111  9.96824906891  9.96824906888  9.96856638102  9.96919851695  9.97014045787  9.97138457647  9.97292053418  9.97473516999  9.97681240054  9.97913315318  9.98167535378  9.98441398887  9.98732125791  9.99036682511  9.99351817275  9.99674104966 10.00000000000
 10.00000000000  9.99722804749  9.99448678843  9.99180638979  9.98921599173  9.98674325701  9.98441398909  9.98225183146  9.98027805364  9.97851142233  9.97696814921  9.97566190232  9.97460386405  9.97380281706  9.97326523980  9.97299539458  9.97299539456  9.97326523973  9.97380281695  9.97460386389  9.97566190213  9.97696814899  9.97851142210  9.98027805340  9.98225183122  9.98441398887  9.98674325681  9.98921599155  9.99180638965  9.99448678834  9.99722804745 10.00000000000
 10.00000000000  9.99774506186  9.99551509997  9.99333466146  9.99122745661  9.98921599172  9.98732125809  9.98556248736  9.98395697760  9.98251998883  9.98126470118  9.98020222484  9.97934164790  9.97869010705  9.97825286584  9.97803338693  9.97803338691  9.97825286578  9.97869010695  9.97934164777  9.98020222468  9.98126470101  9.98251998864  9.98395697740  9.98556248717  9.98732125791  9.98921599155  9.99122745647  9.99333466135  9.99551509989  9.99774506182 10.00000000000
 10.00000000000  9.99828669675  9.99659237524  9.99493569069  9.99333466146  9.99180638978  9.99036682525  9.98903057884  9.98781079090  9.98671905202  9.98576537156  9.98495818567  9.98430439411  9.98380941439  9.98347724166  9.98331050392  9.98331050391  9.98347724162  9.98380941432  9.98430439402  9.98495818555  9.98576537143  9.98671905188  9.98781079076  9.98903057869  9.99036682511  9.99180638965  9.99333466135  9.99493569061  9.99659237519  9.99828669672 10.00000000000
 10.00000000000  9.99884716547  9.99770710565  9.99659237524  9.99551509997  9.99448678842  9.99351817285  9.99261908394  9.99179836210  9.99106380431  9.99042214313  9.98987905233  9.98943917184  9.98910614447  9.98888265640  9.98877047445  9.98877047444  9.98888265637  9.98910614442  9.98943917177  9.98987905225  9.99042214304  9.99106380421  9.99179836200  9.99261908384  9.99351817275  9.99448678834  9.99551509989  9.99659237519  9.99770710561  9.99884716545 10.00000000000
 10.00000000000  9.99942037089  9.99884716547  9.99828669674  9.99774506186  9.99722804749  9.99674104970  9.99628901106  9.99587637595  9.99550706397  9.99518445939  9.99491141406  9.99469026004  9.99452282811  9.99441046819  9.99435406818  9.99435406818  9.99441046818  9.99452282808  9.99469026001  9.99491141402  9.99518445934  9.99550706392  9.99587637590  9.99628901101  9.99674104966  9.99722804745  9.99774506182  9.99828669672  9.99884716545  9.99942037088 10.00000000000
 10.00000000000 10.00000000000 10.00000000000 10.00000000000 10.00000000000 10.00000000000 10.00000000000 10.00000000000 10.00000000000 10.00000000000 10.00000000000 10.00000000000 10.00000000000 10.00000000000 10.00000000000 10.00000000000 10.00000000000 10.00000000000 10.00000000000 10.00000000000 10.00000000000 10.00000000000 10.00000000000 10.00000000000 10.00000000000 10.00000000000 10.00000000000 10.00000000000 10.00000000000 10.00000000000 10.00000000000 10.00000000000

 10.00000000000 10.00000000000 10.00000000000 10.00000000000 10.00000000000 10.00000000000 10.00000000000 10.00000000000 10.00000000000 10.00000000000 10.00000000000 10.00000000000 10.00000000000 10.00000000000 10.00000000000 10.00000000000 10.00000000000 10.00000000000 10.00000000000 10.00000000000 10.00000000000 10.00000000000 10.00000000000 10.00000000000 10.00000000000 10.00000000000 10.00000000000 10.00000000000 10.00000000000 10.00000000000 10.00000000000 10.00000000000
 10.00000000000  9.99882806131  9.99766915166  9.99653607180  9.99544117760  9.99439618563  9.99341200936  9.99249863143  9.99166501439  9.99091904884  9.99026753534  9.98971619387  9.98926969341  9.98893169316  9.98870488734  9.98859104604  9.98859104603  9.98870488731  9.98893169311  9.98926969334  9.98971619379  9.99026753525  9.99091904874  9.99166501429  9.99249863133  9.99341200926  9.99439618555  9.99544117753  9.99653607175  9.99766915162  9.99882806129 10.00000000000
 10.00000000000  9.99766915166  9.99536421328  9.99311064116  9.99093300742  9.98885461363  9.98689716513  9.98508051711  9.98342249687  9.98193880061  9.98064295717  9.97954634659  9.97865825854  9.97798597412  9.97753485457  9.97730842236  9.97730842234  9.97753485451  9.97798597402  9.97865825842  9.97954634643  9.98064295699  9.98193880042  9.98342249667  9.98508051692  9.98689716495  9.98885461346  9.99093300727  9.99311064105  9.99536421320  9.99766915162 10.00000000000
 10.00000000000  9.99653607180  9.99311064116  9.98976153227  9.98652525697  9.98343644111  9.98052734091  9.97782746564  9.97536331336  9.97315821714  9.97123229049  9.96960245433  9.96828252305  9.96728332529  9.96661283520  9.96627629239  9.96627629236  9.96661283512  9.96728332514  9.96828252286  9.96960245410  9.97123229022  9.97315821685  9.97536331306  9.97782746534  9.98052734063  9.98343644086  9.98652525675  9.98976153210  9.99311064104  9.99653607174 10.00000000000
 10.00000000000  9.99544117760  9.99093300742  9.98652525697  9.98226596947  9.97820070989  9.97437192908  9.97081846729  9.96757520615  9.96467286547  9.96213793046  9.95999268592  9.95825532824  9.95694012299  9.95605757663  9.95561459329  9.95561459325  9.95605757652  9.95694012280  9.95825532798  9.95999268562  9.96213793011  9.96467286509  9.96757520576  9.97081846690  9.97437192871  9.97820070956  9.98226596919  9.98652525674  9.99093300726  9.99544117753 10.00000000000
 10.00000000000  9.99439618563  9.98885461363  9.98343644111  9.97820070989  9.97320342124  9.96849675515  9.96412846034  9.96014142589  9.95657343050  9.95345705141  9.95081970465  9.94868378062  9.94706683608  9.94598180329  9.94543718147  9.94543718142  9.94598180314  9.94706683584  9.94868378031  9.95081970427  9.95345705098  9.95657343004  9.96014142541  9.96412845987  9.96849675471  9.97320342084  9.97820070955  9.98343644084  9.98885461344  9.99439618554 10.00000000000
 10.00000000000  9.99341200936  9.98689716513  9.98052734091  9.97437192908  9.96849675515  9.96296316118  9.95782728884  9.95313957531  9.94894445701  9.94528026051  9.94217924737  9.93966777096  9.93776649953  9.93649065989  9.93585026055  9.93585026049  9.93649065972  9.93776649925  9.93966777059  9.94217924692  9.94528026001  9.94894445647  9.95313957475  9.95782728828  9.96296316065  9.96849675468  9.97437192867  9.98052734059  9.98689716491  9.99341200924 10.00000000000
 10.00000000000  9.99249863143  9.98508051711  9.97782746564  9.97081846729  9.96412846034  9.95782728884  9.95197888673  9.94664070306  9.94186336289  9.93769054063  9.93415900804  9.93129880963  9.92913351352  9.92768048610  9.92695114382  9.92695114375  9.92768048591  9.92913351321  9.93129880921  9.93415900753  9.93769054005  9.94186336227  9.94664070242  9.95197888609  9.95782728823  9.96412845979  9.97081846682  9.97782746527  9.98508051686  9.99249863130 10.00000000000
 10.00000000000  9.99166501439  9.98342249687  9.97536331336  9.96757520615  9.96014142589  9.95313957531  9.94664070306  9.94070866420  9.93539974149  9.93076250173  9.92683784574  9.92365919959  9.92125278971  9.91963794491  9.91882737356  9.91882737349  9.91963794469  9.92125278936  9.92365919912  9.92683784518  9.93076250109  9.93539974080  9.94070866349  9.94664070235  9.95313957464  9.96014142529  9.96757520563  9.97536331295  9.98342249658  9.99166501424 10.00000000000
 10.00000000000  9.99091904884  9.98193880061  9.97315821714  9.96467286547  9.95657343050  9.94894445701  9.94186336289  9.93539974149  9.92961494685  9.92456193423  9.92028531078  9.91682154003  9.91419923776  9.91243949762  9.91155619028  9.91155619020  9.91243949738  9.91419923738  9.91682153952  9.92028531016  9.92456193353  9.92961494610  9.93539974071  9.94186336212  9.94894445628  9.95657342984  9.96467286490  9.97315821669  9.98193880030  9.99091904868 10.00000000000
 10.00000000000  9.99026753534  9.98064295717  9.97123229049  9.96213793046  9.95345705141  9.94528026051  9.93769054063  9.93076250173  9.92456193423  9.91914563495  9.91456145778  9.91084852879  9.90803755948  9.90615119224  9.90520431818  9.90520431809  9.90615119199  9.90803755907  9.91084852825  9.91456145712  9.91914563420  9.92456193342  9.93076250089  9.93769053980  9.94528025973  9.95345705070  9.96213792985  9.97123229001  9.98064295684  9.99026753517 10.00000000000
 10.00000000000  9.98971619387  9.97954634659  9.96960245433  9.95999268592  9.95081970465  9.94217924737  9.93415900804  9.92683784574  9.92028531078  9.91456145778  9.90971689572  9.90579301142  9.90282229682  9.90082871073  9.89982801191  9.89982801182  9.90082871047  9.90282229639  9.90579301084  9.90971689502  9.91456145699  9.92028530992  9.92683784486  9.93415900716  9.94217924654  9.95081970389  9.95999268528  9.96960245383  9.97954634624  9.98971619369 10.00000000000
 10.00000000000  9.98926969341  9.97865825854  9.96828252305  9.95825532824  9.94868378062  9.93966777096  9.93129880963  9.92365919959  9.91682154003  9.91084852879  9.90579301142  9.90169821096  9.89859806622  9.89651760620  9.89547329527  9.89547329518  9.89651760593  9.89859806577  9.90169821036  9.90579301069  9.91084852796  9.91682153913  9.92365919867  9.93129880872  9.93966777009  9.94868377984  9.95825532757  9.96828252253  9.97865825818  9.98926969322 10.00000000000
 10.00000000000  9.98893169316  9.97798597412  9.96728332529  9.95694012299  9.94706683608  9.93776649953  9.92913351352  9.92125278971  9.91419923776  9.90803755948  9.90282229682  9.89859806622  9.89539990483  9.89325365436  9.89217631515  9.89217631505  9.89325365408  9.89539990437  9.89859806560  9.90282229606  9.90803755862  9.91419923684  9.92125278875  9.92913351258  9.93776649863  9.94706683527  9.95694012230  9.96728332474  9.97798597374  9.98893169297 10.00000000000
 10.00000000000  9.98870488734  9.97753485457  9.96661283520  9.95605757663  9.94598180329  9.93649065989  9.92768048610  9.91963794491  9.91243949762  9.90615119224  9.90082871073  9.89651760620  9.89325365436  9.89106324354  9.88996373461  9.88996373452  9.89106324324  9.89325365389  9.89651760557  9.90082870996  9.90615119137  9.91243949667  9.91963794394  9.92768048514  9.93649065897  9.94598180246  9.95605757593  9.96661283465  9.97753485418  9.98870488714 10.00000000000
 10.00000000000  9.98859104604  9.97730842236  9.96627629239  9.95561459329  9.94543718147  9.93585026055  9.92695114382  9.91882737356  9.91155619028  9.90520431818  9.89982801191  9.89547329527  9.89217631515  9.88996373461  9.88885309583  9.88885309573  9.88996373432  9.89217631467  9.89547329463  9.89982801113  9.90520431729  9.91155618933  9.91882737258  9.92695114284  9.93585025962  9.94543718063  9.95561459257  9.96627629182  9.97730842198  9.98859104584 10.00000000000
 10.00000000000  9.98859104603  9.97730842234  9.96627629236  9.95561459325  9.94543718142  9.93585026049  9.92695114375  9.91882737349  9.91155619020  9.90520431809  9.89982801182  9.89547329518  9.89217631505  9.88996373452  9.88885309573  9.88885309563  9.88996373422  9.89217631457  9.89547329454  9.89982801104  9.90520431721  9.91155618925  9.91882737250  9.92695114278  9.93585025957  9.94543718058  9.95561459253  9.96627629179  9.97730842196  9.98859104583 10.00000000000
 10.00000000000  9.98870488731  9.97753485451  9.96661283512  9.95605757652  9.94598180314  9.93649065972  9.92768048591  9.91963794469  9.91243949738  9.90615119199  9.90082871047  9.89651760593  9.89325365408  9.89106324324  9.88996373432  9.88996373422  9.89106324295  9.89325365360  9.89651760529  9.90082870969  9.90615119112  9.91243949644  9.91963794372  9.92768048495  9.93649065880  9.94598180232  9.95605757581  9.96661283456  9.97753485412  9.98870488711 10.00000000000
 10.00000000000  9.98893169311  9.97798597402  9.96728332514  9.95694012280  9.94706683584  9.93776649925  9.92913351321  9.92125278936  9.91419923738  9.90803755907  9.90282229639  9.89859806577  9.89539990437  9.89325365389  9.89217631467  9.89217631457  9.89325365360  9.89539990390  9.89859806515  9.90282229563  9.90803755822  9.91419923646  9.92125278841  9.92913351227  9.93776649836  9.94706683503  9.95694012211  9.96728332460  9.97798597364  9.98893169292 10.00000000000
