
 10.00000000000 10.00000000000 10.00000000000 10.00000000000 10.00000000000 10.00000000000 10.00000000000 10.00000000000 10.00000000000 10.00000000000 10.00000000000 10.00000000000 10.00000000000 10.00000000000 10.00000000000 10.00000000000 10.00000000000 10.00000000000 10.00000000000 10.00000000000 10.00000000000 10.00000000000 10.00000000000 10.00000000000 10.00000000000 10.00000000000 10.00000000000 10.00000000000 10.00000000000 10.00000000000 10.00000000000 10.00000000000
 10.00000000000 10.00000000000 10.00000000000 10.00000000000 10.00000000000 10.00000000000 10.00000000000 10.00000000000 10.00000000000 10.00000000000 10.00000000000 10.00000000000 10.00000000000 10.00000000000 10.00000000000 10.00000000000 10.00000000000 10.00000000000 10.00000000000 10.00000000000 10.00000000000 10.00000000000 10.00000000000 10.00000000000 10.00000000000 10.00000000000 10.00000000000 10.00000000000 10.00000000000 10.00000000000 10.00000000000 10.00000000000
 10.00000000000 10.00000000000 10.00000000000 10.00000000000 10.00000000000 10.00000000000 10.00000000000 10.00000000000 10.00000000000 10.00000000000 10.00000000000 10.00000000000 10.00000000000 10.00000000000 10.00000000000 10.00000000000 10.00000000000 10.00000000000 10.00000000000 10.00000000000 10.00000000000 10.00000000000 10.00000000000 10.00000000000 10.00000000000 10.00000000000 10.00000000000 10.00000000000 10.00000000000 10.00000000000 10.00000000000 10.00000000000
 10.00000000000 10.00000000000 10.00000000000 10.00000000000 10.00000000000 10.00000000000 10.00000000000 10.00000000000 10.00000000000 10.00000000000 10.00000000000 10.00000000000 10.00000000000 10.00000000000 10.00000000000 10.00000000000 10.00000000000 10.00000000000 10.00000000000 10.00000000000 10.00000000000 10.00000000000 10.00000000000 10.00000000000 10.00000000000 10.00000000000 10.00000000000 10.00000000000 10.00000000000 10.00000000000 10.00000000000 10.00000000000
 10.00000000000 10.00000000000 10.00000000000 10.00000000000 10.00000000000 10.00000000000 10.00000000000 10.00000000000 10.00000000000 10.00000000000 10.00000000000 10.00000000000 10.00000000000 10.00000000000 10.00000000000 10.00000000000 10.00000000000 10.00000000000 10.00000000000 10.00000000000 10.00000000000 10.00000000000 10.00000000000 10.00000000000 10.00000000000 10.00000000000 10.00000000000 10.00000000000 10.00000000000 10.00000000000 10.00000000000 10.00000000000
 10.00000000000 10.00000000000 10.00000000000 10.00000000000 10.00000000000 10.00000000000 10.00000000000 10.00000000000 10.00000000000 10.00000000000 10.00000000000 10.00000000000 10.00000000000 10.00000000000 10.00000000000 10.00000000000 10.00000000000 10.00000000000 10.00000000000 10.00000000000 10.00000000000 10.00000000000 10.00000000000 10.00000000000 10.00000000000 10.00000000000 10.00000000000 10.00000000000 10.00000000000 10.00000000000 10.00000000000 10.00000000000
 10.00000000000 10.00000000000 10.00000000000 10.00000000000 10.00000000000 10.00000000000 10.00000000000 10.00000000000 10.00000000000 10.00000000000 10.00000000000 10.00000000000 10.00000000000 10.00000000000 10.00000000000 10.00000000000 10.00000000000 10.00000000000 10.00000000000 10.00000000000 10.00000000000 10.00000000000 10.00000000000 10.00000000000 10.00000000000 10.00000000000 10.00000000000 10.00000000000 10.00000000000 10.00000000000 10.00000000000 10.00000000000
 10.00000000000 10.00000000000 10.00000000000 10.00000000000 10.00000000000 10.00000000000 10.00000000000 10.00000000000 10.00000000000 10.00000000000 10.00000000000 10.00000000000 10.00000000000 10.00000000000 10.00000000000 10.00000000000 10.00000000000 10.00000000000 10.00000000000 10.00000000000 10.00000000000 10.00000000000 10.00000000000 10.00000000000 10.00000000000 10.00000000000 10.00000000000 10.00000000000 10.00000000000 10.00000000000 10.00000000000 10.00000000000
 10.00000000000 10.00000000000 10.00000000000 10.00000000000 10.00000000000 10.00000000000 10.00000000000 10.00000000000 10.00000000000 10.00000000000 10.00000000000 10.00000000000 10.00000000000 10.00000000000 10.00000000000 10.00000000000 10.00000000000 10.00000000000 10.00000000000 10.00000000000 10.00000000000 10.00000000000 10.00000000000 10.00000000000 10.00000000000 10.00000000000 10.00000000000 10.00000000000 10.00000000000 10.00000000000 10.00000000000 10.00000000000
 10.00000000000 10.00000000000 10.00000000000 10.00000000000 10.00000000000 10.00000000000 10.00000000000 10.00000000000 10.00000000000 10.00000000000 10.00000000000 10.00000000000 10.00000000000 10.00000000000 10.00000000000 10.00000000000 10.00000000000 10.00000000000 10.00000000000 10.00000000000 10.00000000000 10.00000000000 10.00000000000 10.00000000000 10.00000000000 10.00000000000 10.00000000000 10.00000000000 10.00000000000 10.00000000000 10.00000000000 10.00000000000
 10.00000000000 10.00000000000 10.00000000000 10.00000000000 10.00000000000 10.00000000000 10.00000000000 10.00000000000 10.00000000000 10.00000000000 10.00000000000 10.00000000000 10.00000000000 10.00000000000 10.00000000000 10.00000000000 10.00000000000 10.00000000000 10.00000000000 10.00000000000 10.00000000000 10.00000000000 10.00000000000 10.00000000000 10.00000000000 10.00000000000 10.00000000000 10.00000000000 10.00000000000 10.00000000000 10.00000000000 10.00000000000
 10.00000000000 10.00000000000 10.00000000000 10.00000000000 10.00000000000 10.00000000000 10.00000000000 10.00000000000 10.00000000000 10.00000000000 10.00000000000 10.00000000000 10.00000000000 10.00000000000 10.00000000000 10.00000000000 10.00000000000 10.00000000000 10.00000000000 10.00000000000 10.00000000000 10.00000000000 10.00000000000 10.00000000000 10.00000000000 10.00000000000 10.00000000000 10.00000000000 10.00000000000 10.00000000000 10.00000000000 10.00000000000
 10.00000000000 10.00000000000 10.00000000000 10.00000000000 10.00000000000 10.00000000000 10.00000000000 10.00000000000 10.00000000000 10.00000000000 10.00000000000 10.00000000000 10.00000000000 10.00000000000 10.00000000000 10.00000000000 10.00000000000 10.00000000000 10.00000000000 10.00000000000 10.00000000000 10.00000000000 10.00000000000 10.00000000000 10.00000000000 10.00000000000 10.00000000000 10.00000000000 10.00000000000 10.00000000000 10.00000000000 10.00000000000
 10.00000000000 10.00000000000 10.00000000000 10.00000000000 10.00000000000 10.00000000000 10.00000000000 10.00000000000 10.00000000000 10.00000000000 10.00000000000 10.00000000000 10.00000000000 10.00000000000 10.00000000000 10.00000000000 10.00000000000 10.00000000000 10.00000000000 10.00000000000 10.00000000000 10.00000000000 10.00000000000 10.00000000000 10.00000000000 10.00000000000 10.00000000000 10.00000000000 10.00000000000 10.00000000000 10.00000000000 10.00000000000
 10.00000000000 10.00000000000 10.00000000000 10.00000000000 10.00000000000 10.00000000000 10.00000000000 10.00000000000 10.00000000000 10.00000000000 10.00000000000 10.00000000000 10.00000000000 10.00000000000 10.00000000000 10.00000000000 10.00000000000 10.00000000000 10.00000000000 10.00000000000 10.00000000000 10.00000000000 10.00000000000 10.00000000000 10.00000000000 10.00000000000 10.00000000000 10.00000000000 10.00000000000 10.00000000000 10.00000000000 10.00000000000
 10.00000000000 10.00000000000 10.00000000000 10.00000000000 10.00000000000 10.00000000000 10.00000000000 10.00000000000 10.00000000000 10.00000000000 10.00000000000 10.00000000000 10.00000000000 10.00000000000 10.00000000000 10.00000000000 10.00000000000 10.00000000000 10.00000000000 10.00000000000 10.00000000000 10.00000000000 10.00000000000 10.00000000000 10.00000000000 10.00000000000 10.00000000000 10.00000000000 10.00000000000 10.00000000000 10.00000000000 10.00000000000
 10.00000000000 10.00000000000 10.00000000000 10.00000000000 10.00000000000 10.00000000000 10.00000000000 10.00000000000 10.00000000000 10.00000000000 10.00000000000 10.00000000000 10.00000000000 10.00000000000 10.00000000000 10.00000000000 10.00000000000 10.00000000000 10.00000000000 10.00000000000 10.00000000000 10.00000000000 10.00000000000 10.00000000000 10.00000000000 10.00000000000 10.00000000000 10.00000000000 10.00000000000 10.00000000000 10.00000000000 10.00000000000
 10.00000000000 10.00000000000 10.00000000000 10.00000000000 10.00000000000 10.00000000000 10.00000000000 10.00000000000 10.00000000000 10.00000000000 10.00000000000 10.00000000000 10.00000000000 10.00000000000 10.00000000000 10.00000000000 10.00000000000 10.00000000000 10.00000000000 10.00000000000 10.00000000000 10.00000000000 10.00000000000 10.00000000000 10.00000000000 10.00000000000 10.00000000000 10.00000000000 10.00000000000 10.00000000000 10.00000000000 10.00000000000
 10.00000000000 10.00000000000 10.00000000000 10.00000000000 10.00000000000 10.00000000000 10.00000000000 10.00000000000 10.00000000000 10.00000000000 10.00000000000 10.00000000000 10.00000000000 10.00000000000 10.00000000000 10.00000000000 10.00000000000 10.00000000000 10.00000000000 10.00000000000 10.00000000000 10.00000000000 10.00000000000 10.00000000000 10.00000000000 10.00000000000 10.00000000000 10.00000000000 10.00000000000 10.00000000000 10.00000000000 10.00000000000
 10.00000000000 10.00000000000 10.00000000000 10.00000000000 10.00000000000 10.00000000000 10.00000000000 10.00000000000 10.00000000000 10.00000000000 10.00000000000 10.00000000000 10.00000000000 10.00000000000 10.00000000000 10.00000000000 10.00000000000 10.00000000000 10.00000000000 10.00000000000 10.00000000000 10.00000000000 10.00000000000 10.00000000000 10.00000000000 10.00000000000 10.00000000000 10.00000000000 10.00000000000 10.00000000000 10.00000000000 10.00000000000
 10.00000000000 10.00000000000 10.00000000000 10.00000000000 10.00000000000 10.00000000000 10.00000000000 10.00000000000 10.00000000000 10.00000000000 10.00000000000 10.00000000000 10.00000000000 10.00000000000 10.00000000000 10.00000000000 10.00000000000 10.00000000000 10.00000000000 10.00000000000 10.00000000000 10.00000000000 10.00000000000 10.00000000000 10.00000000000 10.00000000000 10.00000000000 10.00000000000 10.00000000000 10.00000000000 10.00000000000 10.00000000000
 10.00000000000 10.00000000000 10.00000000000 10.00000000000 10.00000000000 10.00000000000 10.00000000000 10.00000000000 10.00000000000 10.00000000000 10.00000000000 10.00000000000 10.00000000000 10.00000000000 10.00000000000 10.00000000000 10.00000000000 10.00000000000 10.00000000000 10.00000000000 10.00000000000 10.00000000000 10.00000000000 10.00000000000 10.00000000000 10.00000000000 10.00000000000 10.00000000000 10.00000000000 10.00000000000 10.00000000000 10.00000000000
 10.00000000000 10.00000000000 10.00000000000 10.00000000000 10.00000000000 10.00000000000 10.00000000000 10.00000000000 10.00000000000 10.00000000000 10.00000000000 10.00000000000 10.00000000000 10.00000000000 10.00000000000 10.00000000000 10.00000000000 10.00000000000 10.00000000000 10.00000000000 10.00000000000 10.00000000000 10.00000000000 10.00000000000 10.00000000000 10.00000000000 10.00000000000 10.00000000000 10.00000000000 10.00000000000 10.00000000000 10.00000000000
 10.00000000000 10.00000000000 10.00000000000 10.00000000000 10.00000000000 10.00000000000 10.00000000000 10.00000000000 10.00000000000 10.00000000000 10.00000000000 10.00000000000 10.00000000000 10.00000000000 10.00000000000 10.00000000000 10.00000000000 10.00000000000 10.00000000000 10.00000000000 10.00000000000 10.00000000000 10.00000000000 10.00000000000 10.00000000000 10.00000000000 10.00000000000 10.00000000000 10.00000000000 10.00000000000 10.00000000000 10.00000000000
 10.00000000000 10.00000000000 10.00000000000 10.00000000000 10.00000000000 10.00000000000 10.00000000000 10.00000000000 10.00000000000 10.00000000000 10.00000000000 10.00000000000 10.00000000000 10.00000000000 10.00000000000 10.00000000000 10.00000000000 10.00000000000 10.00000000000 10.00000000000 10.00000000000 10.00000000000 10.00000000000 10.00000000000 10.00000000000 10.00000000000 10.00000000000 10.00000000000 10.00000000000 10.00000000000 10.00000000000 10.00000000000
 10.00000000000 10.00000000000 10.00000000000 10.00000000000 10.00000000000 10.00000000000 10.00000000000 10.00000000000 10.00000000000 10.00000000000 10.00000000000 10.00000000000 10.00000000000 10.00000000000 10.00000000000 10.00000000000 10.00000000000 10.00000000000 10.00000000000 10.00000000000 10.00000000000 10.00000000000 10.00000000000 10.00000000000 10.00000000000 10.00000000000 10.00000000000 10.00000000000 10.00000000000 10.00000000000 10.00000000000 10.00000000000
 10.00000000000 10.00000000000 10.00000000000 10.00000000000 10.00000000000 10.00000000000 10.00000000000 10.00000000000 10.00000000000 10.00000000000 10.00000000000 10.00000000000 10.00000000000 10.00000000000 10.00000000000 10.00000000000 10.00000000000 10.00000000000 10.00000000000 10.00000000000 10.00000000000 10.00000000000 10.00000000000 10.00000000000 10.00000000000 10.00000000000 10.00000000000 10.00000000000 10.00000000000 10.00000000000 10.00000000000 10.00000000000
 10.00000000000 10.00000000000 10.00000000000 10.00000000000 10.00000000000 10.00000000000 10.00000000000 10.00000000000 10.00000000000 10.00000000000 10.00000000000 10.00000000000 10.00000000000 10.00000000000 10.00000000000 10.00000000000 10.00000000000 10.00000000000 10.00000000000 10.00000000000 10.00000000000 10.00000000000 10.00000000000 10.00000000000 10.00000000000 10.00000000000 10.00000000000 10.00000000000 10.00000000000 10.00000000000 10.00000000000 10.00000000000
 10.00000000000 10.00000000000 10.00000000000 10.00000000000 10.00000000000 10.00000000000 10.00000000000 10.00000000000 10.00000000000 10.00000000000 10.00000000000 10.00000000000 10.00000000000 10.00000000000 10.00000000000 10.00000000000 10.00000000000 10.00000000000 10.00000000000 10.00000000000 10.00000000000 10.00000000000 10.00000000000 10.00000000000 10.00000000000 10.00000000000 10.00000000000 10.00000000000 10.00000000000 10.00000000000 10.00000000000 10.00000000000
 10.00000000000 10.00000000000 10.00000000000 10.00000000000 10.00000000000 10.00000000000 10.00000000000 10.00000000000 10.00000000000 10.00000000000 10.00000000000 10.00000000000 10.00000000000 10.00000000000 10.00000000000 10.00000000000 10.00000000000 10.00000000000 10.00000000000 10.00000000000 10.00000000000 10.00000000000 10.00000000000 10.00000000000 10.00000000000 10.00000000000 10.00000000000 10.00000000000 10.00000000000 10.00000000000 10.00000000000 10.00000000000
 10.00000000000 10.00000000000 10.00000000000 10.00000000000 10.00000000000 10.00000000000 10.00000000000 10.00000000000 10.00000000000 10.00000000000 10.00000000000 10.00000000000 10.00000000000 10.00000000000 10.00000000000 10.00000000000 10.00000000000 10.00000000000 10.00000000000 10.00000000000 10.00000000000 10.00000000000 10.00000000000 10.00000000000 10.00000000000 10.00000000000 10.00000000000 10.00000000000 10.00000000000 10.00000000000 10.00000000000 10.00000000000
 10.00000000000 10.00000000000 10.00000000000 10.00000000000 10.00000000000 10.00000000000 10.00000000000 10.00000000000 10.00000000000 10.00000000000 10.00000000000 10.00000000000 10.00000000000 10.00000000000 10.00000000000 10.00000000000 10.00000000000 10.00000000000 10.00000000000 10.00000000000 10.00000000000 10.00000000000 10.00000000000 10.00000000000 10.00000000000 10.00000000000 10.00000000000 10.00000000000 10.00000000000 10.00000000000 10.00000000000 10.00000000000

 10.00000000000 10.00000000000 10.00000000000 10.00000000000 10.00000000000 10.00000000000 10.00000000000 10.00000000000 10.00000000000 10.00000000000 10.00000000000 10.00000000000 10.00000000000 10.00000000000 10.00000000000 10.00000000000 10.00000000000 10.00000000000 10.00000000000 10.00000000000 10.00000000000 10.00000000000 10.00000000000 10.00000000000 10.00000000000 10.00000000000 10.00000000000 10.00000000000 10.00000000000 10.00000000000 10.00000000000 10.00000000000
 10.00000000000  9.99942562305  9.99885761590  9.99830223820  9.99776553487  9.99725324197  9.99677070713  9.99632282710  9.99591400362  9.99554811715  9.99522851683  9.99495802366  9.99473894353  9.99457308592  9.99446178463  9.99440591666  9.99440591666  9.99446178463  9.99457308592  9.99473894353  9.99495802366  9.99522851683  9.99554811715  9.99591400362  9.99632282710  9.99677070713  9.99725324197  9.99776553487  9.99830223820  9.99885761590  9.99942562305 10.00000000000
 10.00000000000  9.99885761590  9.99772789926  9.99662329868  9.99555583590  9.99453691886  9.99357718338  9.99268636903  9.99187323133  9.99114548941  9.99050980592  9.98997179325  9.98953603925  9.98920614439  9.98898476268  9.98887363936  9.98887363936  9.98898476268  9.98920614439  9.98953603925  9.98997179325  9.99050980592  9.99114548941  9.99187323133  9.99268636903  9.99357718338  9.99453691886  9.99555583590  9.99662329868  9.99772789926  9.99885761590 10.00000000000
 10.00000000000  9.99830223820  9.99662329868  9.99498167879  9.99339524231  9.99188094176  9.99045458335  9.98913064255  9.98792213343  9.98684053084  9.98589574015  9.98509610626  9.98444845146  9.98395813028  9.98362909006  9.98346392665  9.98346392665  9.98362909006  9.98395813028  9.98444845146  9.98509610626  9.98589574015  9.98684053084  9.98792213343  9.98913064255  9.99045458335  9.99188094176  9.99339524231  9.99498167879  9.99662329868  9.99830223820 10.00000000000
 10.00000000000  9.99776553487  9.99555583590  9.99339524231  9.99130726074  9.98931420024  9.98743686325  9.98569430289  9.98410365090  9.98268001483  9.98143643781  9.98038390985  9.97953141696  9.97888601287  9.97845289816  9.97823549316  9.97823549316  9.97845289816  9.97888601287  9.97953141696  9.98038390985  9.98143643781  9.98268001483  9.98410365090  9.98569430289  9.98743686325  9.98931420024  9.99130726074  9.99339524231  9.99555583590  9.99776553487 10.00000000000
 10.00000000000  9.99725324197  9.99453691886  9.99188094176  9.98931420024  9.98686411431  9.98455625503  9.98241404619  9.98045855264  9.97870835343  9.97717949163  9.97588548741  9.97483739752  9.97404390255  9.97351140345  9.97324411041  9.97324411041  9.97351140345  9.97404390255  9.97483739752  9.97588548741  9.97717949163  9.97870835343  9.98045855264  9.98241404619  9.98455625503  9.98686411431  9.98931420024  9.99188094176  9.99453691886  9.99725324197 10.00000000000
 10.00000000000  9.99677070713  9.99357718338  9.99045458335  9.98743686325  9.98455625503  9.98184282093  9.97932410286  9.97702487335  9.97496698567  9.97316931398  9.97164776757  9.97041535956  9.96948230838  9.96885615010  9.96854184218  9.96854184218  9.96885615010  9.96948230838  9.97041535956  9.97164776757  9.97316931398  9.97496698567  9.97702487335  9.97932410286  9.98184282093  9.98455625503  9.98743686325  9.99045458335  9.99357718338  9.99677070713 10.00000000000
 10.00000000000  9.99632282710  9.99268636903  9.98913064255  9.98569430289  9.98241404619  9.97932410286  9.97645583860  9.97383747034  9.97149389498  9.96944661993  9.96771377808  9.96631020450  9.96524755058  9.96453441064  9.96417643905  9.96417643905  9.96453441064  9.96524755058  9.96631020450  9.96771377808  9.96944661993  9.97149389498  9.97383747034  9.97645583860  9.97932410286  9.98241404619  9.98569430289  9.98913064255  9.99268636903  9.99632282710 10.00000000000
 10.00000000000  9.99591400362  9.99187323133  9.98792213343  9.98410365090  9.98045855264  9.97702487335  9.97383747034  9.97092770760  9.96832326448  9.96604805737  9.96412225462  9.96256236023  9.96138133892  9.96058875546  9.96019090350  9.96019090350  9.96058875546  9.96138133892  9.96256236023  9.96412225462  9.96604805737  9.96832326448  9.97092770760  9.97383747034  9.97702487335  9.98045855264  9.98410365090  9.98792213343  9.99187323133  9.99591400362 10.00000000000
 10.00000000000  9.99554811715  9.99114548941  9.98684053084  9.98268001483  9.97870835343  9.97496698567  9.97149389498  9.96832326448  9.96548526770  9.96300598171  9.96090740182  9.95920753091  9.95792051396  9.95705678827  9.95662322251  9.95662322251  9.95705678827  9.95792051396  9.95920753091  9.96090740182  9.96300598171  9.96548526770  9.96832326448  9.97149389498  9.97496698567  9.97870835343  9.98268001483  9.98684053084  9.99114548941  9.99554811715 10.00000000000
 10.00000000000  9.99522851683  9.99050980592  9.98589574015  9.98143643781  9.97717949163  9.97316931398  9.96944661993  9.96604805737  9.96300598171  9.96034836142  9.95809879207  9.95627659026  9.95489693601  9.95397103213  9.95350625199  9.95350625199  9.95397103213  9.95489693601  9.95627659026  9.95809879207  9.96034836142  9.96300598171  9.96604805737  9.96944661993  9.97316931398  9.97717949163  9.98143643781  9.98589574015  9.99050980592  9.99522851683 10.00000000000
 10.00000000000  9.99495802366  9.98997179325  9.98509610626  9.98038390985  9.97588548741  9.97164776757  9.96771377808  9.96412225462  9.96090740182  9.95809879207  9.95572137880  9.95379559392  9.95233749665  9.95135894039  9.95086772754  9.95086772754  9.95135894039  9.95233749665  9.95379559392  9.95572137880  9.95809879207  9.96090740182  9.96412225462  9.96771377808  9.97164776757  9.97588548741  9.98038390985  9.98509610626  9.98997179325  9.99495802366 10.00000000000
 10.00000000000  9.99473894353  9.98953603925  9.98444845146  9.97953141696  9.97483739752  9.97041535956  9.96631020450  9.96256236023  9.95920753091  9.95627659026  9.95379559392  9.95178587962  9.95026422095  9.94924300010  9.94873036833  9.94873036833  9.94924300010  9.95026422095  9.95178587962  9.95379559392  9.95627659026  9.95920753091  9.96256236023  9.96631020450  9.97041535956  9.97483739752  9.97953141696  9.98444845146  9.98953603925  9.99473894353 10.00000000000
 10.00000000000  9.99457308592  9.98920614439  9.98395813028  9.97888601287  9.97404390255  9.96948230838  9.96524755058  9.96138133892  9.95792051396  9.95489693601  9.95233749665  9.95026422095  9.94869442472  9.94764089166  9.94711203799  9.94711203799  9.94764089166  9.94869442472  9.95026422095  9.95233749665  9.95489693600  9.95792051396  9.96138133892  9.96524755058  9.96948230838  9.97404390255  9.97888601287  9.98395813028  9.98920614439  9.99457308592 10.00000000000
 10.00000000000  9.99446178463  9.98898476268  9.98362909006  9.97845289816  9.97351140345  9.96885615010  9.96453441064  9.96058875546  9.95705678827  9.95397103213  9.95135894039  9.94924300010  9.94764089166  9.94656566881  9.94602592598  9.94602592598  9.94656566881  9.94764089166  9.94924300010  9.95135894039  9.95397103213  9.95705678827  9.96058875546  9.96453441064  9.96885615010  9.97351140345  9.97845289816  9.98362909006  9.98898476268  9.99446178463 10.00000000000
 10.00000000000  9.99440591666  9.98887363936  9.98346392665  9.97823549316  9.97324411041  9.96854184218  9.96417643905  9.96019090350  9.95662322251  9.95350625199  9.95086772754  9.94873036833  9.94711203799  9.94602592598  9.94548071632  9.94548071632  9.94602592598  9.94711203799  9.94873036833  9.95086772754  9.95350625199  9.95662322251  9.96019090350  9.96417643905  9.96854184218  9.97324411041  9.97823549316  9.98346392665  9.98887363936  9.99440591666 10.00000000000
 10.00000000000  9.99440591666  9.98887363936  9.98346392665  9.97823549316  9.97324411041  9.96854184218  9.96417643905  9.96019090350  9.95662322251  9.95350625199  9.95086772754  9.94873036833  9.94711203799  9.94602592598  9.94548071632  9.94548071632  9.94602592598  9.94711203799  9.94873036833  9.95086772754  9.95350625199  9.95662322251  9.96019090350  9.96417643905  9.96854184218  9.97324411041  9.97823549316  9.98346392665  9.98887363936  9.99440591666 10.00000000000
 10.00000000000  9.99446178463  9.98898476268  9.98362909006  9.97845289816  9.97351140345  9.96885615010  9.96453441064  9.96058875546  9.95705678827  9.95397103213  9.95135894039  9.94924300010  9.94764089166  9.94656566881  9.94602592598  9.94602592598  9.94656566881  9.94764089166  9.94924300010  9.95135894039  9.95397103213  9.95705678827  9.96058875546  9.96453441064  9.96885615010  9.97351140345  9.97845289816  9.98362909006  9.98898476268  9.99446178463 10.00000000000
 10.00000000000  9.99457308592  9.98920614439  9.98395813028  9.97888601287  9.97404390255  9.96948230838  9.96524755058  9.96138133892  9.95792051396  9.95489693601  9.95233749665  9.95026422095  9.94869442472  9.94764089166  9.94711203799  9.94711203799  9.94764089166  9.94869442472  9.95026422095  9.95233749665  9.95489693600  9.95792051396  9.96138133892  9.96524755057  9.96948230838  9.97404390255  9.97888601287  9.98395813028  9.98920614439  9.99457308592 10.00000000000
 10.00000000000  9.99473894353  9.98953603925  9.98444845146  9.97953141696  9.97483739752  9.97041535956  9.96631020450  9.96256236023  9.95920753091  9.95627659026  9.95379559392  9.95178587962  9.95026422095  9.94924300010  9.94873036833  9.94873036833  9.94924300010  9.95026422095  9.95178587962  9.95379559392  9.95627659026  9.95920753091  9.96256236023  9.96631020450  9.97041535956  9.97483739752  9.97953141696  9.98444845146  9.98953603925  9.99473894353 10.00000000000
 10.00000000000  9.99495802366  9.98997179325  9.98509610626  9.98038390985  9.97588548741  9.97164776757  9.96771377808  9.96412225462  9.96090740182  9.95809879207  9.95572137880  9.95379559392  9.95233749665  9.95135894039  9.95086772754  9.95086772754  9.95135894039  9.95233749665  9.95379559392  9.95572137880  9.95809879207  9.96090740182  9.96412225462  9.96771377808  9.97164776757  9.97588548741  9.98038390985  9.98509610626  9.98997179325  9.99495802366 10.00000000000
 10.00000000000  9.99522851683  9.99050980592  9.98589574015  9.98143643781  9.97717949163  9.97316931398  9.96944661993  9.96604805737  9.96300598171  9.96034836142  9.95809879207  9.95627659026  9.95489693600  9.95397103213  9.95350625199  9.95350625199  9.95397103213  9.95489693600  9.95627659026  9.95809879207  9.96034836142  9.96300598171  9.96604805737  9.96944661993  9.97316931398  9.97717949163  9.98143643781  9.98589574015  9.99050980592  9.99522851682 10.00000000000
 10.00000000000  9.99554811715  9.99114548941  9.98684053084  9.98268001483  9.97870835343  9.97496698567  9.97149389498  9.96832326448  9.96548526770  9.96300598171  9.96090740182  9.95920753091  9.95792051396  9.95705678827  9.95662322251  9.95662322251  9.95705678827  9.95792051396  9.95920753091  9.96090740182  9.96300598171  9.96548526770  9.96832326448  9.97149389498  9.97496698567  9.97870835343  9.98268001483  9.98684053084  9.99114548941  9.99554811715 10.00000000000
 10.00000000000  9.99591400362  9.99187323133  9.98792213343  9.98410365090  9.98045855264  9.97702487335  9.97383747034  9.97092770760  9.96832326448  9.96604805737  9.96412225462  9.96256236023  9.96138133892  9.96058875546  9.96019090350  9.96019090350  9.96058875546  9.96138133892  9.96256236023  9.96412225462  9.96604805737  9.96832326448  9.97092770760  9.97383747034  9.97702487335  9.98045855264  9.98410365090  9.98792213343  9.99187323133  9.99591400362 10.00000000000
 10.00000000000  9.99632282710  9.99268636903  9.98913064255  9.98569430289  9.98241404619  9.97932410286  9.97645583860  9.97383747034  9.97149389498  9.96944661993  9.96771377808  9.96631020450  9.96524755058  9.96453441064  9.96417643905  9.96417643905  9.96453441064  9.96524755057  9.96631020450  9.96771377808  9.96944661993  9.97149389498  9.97383747034  9.97645583860  9.97932410286  9.98241404619  9.98569430289  9.98913064255  9.99268636903  9.99632282710 10.00000000000
 10.00000000000  9.99677070713  9.99357718338  9.99045458335  9.98743686325  9.98455625503  9.98184282093  9.97932410286  9.97702487335  9.97496698567  9.97316931398  9.97164776757  9.97041535956  9.96948230838  9.96885615010  9.96854184218  9.96854184218  9.96885615010  9.96948230838  9.97041535956  9.97164776757  9.97316931398  9.97496698567  9.97702487335  9.97932410286  9.98184282093  9.98455625503  9.98743686325  9.99045458335  9.99357718338  9.99677070713 10.00000000000
 10.00000000000  9.99725324197  9.99453691886  9.99188094176  9.98931420024  9.98686411431  9.98455625503  9.98241404619  9.98045855264  9.97870835343  9.97717949163  9.97588548741  9.97483739752  9.97404390255  9.97351140345  9.97324411041  9.97324411041  9.97351140345  9.97404390255  9.97483739752  9.97588548741  9.97717949163  9.97870835343  9.98045855264  9.98241404619  9.98455625503  9.98686411431  9.98931420024  9.99188094176  9.99453691886  9.99725324197 10.00000000000
 10.00000000000  9.99776553487  9.99555583590  9.99339524231  9.99130726074  9.98931420024  9.98743686325  9.98569430289  9.98410365090  9.98268001483  9.98143643781  9.98038390985  9.97953141696  9.97888601287  9.97845289816  9.97823549316  9.97823549316  9.97845289816  9.97888601287  9.97953141696  9.98038390985  9.98143643781  9.98268001483  9.98410365090  9.98569430289  9.98743686325  9.98931420024  9.99130726074  9.99339524231  9.99555583590  9.99776553487 10.00000000000
 10.00000000000  9.99830223820  9.99662329868  9.99498167879  9.99339524231  9.99188094176  9.99045458335  9.98913064255  9.98792213343  9.98684053084  9.98589574015  9.98509610626  9.98444845146  9.98395813028  9.98362909006  9.98346392665  9.98346392665  9.98362909006  9.98395813028  9.98444845146  9.98509610626  9.98589574015  9.98684053084  9.98792213343  9.98913064255  9.99045458335  9.99188094176  9.99339524231  9.99498167879  9.99662329868  9.99830223820 10.00000000000
 10.00000000000  9.99885761590  9.99772789926  9.99662329868  9.99555583590  9.99453691886  9.99357718338  9.99268636903  9.99187323133  9.99114548941  9.99050980592  9.98997179325  9.98953603925  9.98920614439  9.98898476268  9.98887363936  9.98887363936  9.98898476268  9.98920614439  9.98953603925  9.98997179325  9.99050980592  9.99114548941  9.99187323133  9.99268636903  9.99357718338  9.99453691886  9.99555583590  9.99662329868  9.99772789926  9.99885761590 10.00000000000
 10.00000000000  9.99942562305  9.99885761590  9.99830223820  9.99776553487  9.99725324197  9.99677070713  9.99632282710  9.99591400362  9.99554811715  9.99522851683  9.99495802366  9.99473894353  9.99457308592  9.99446178463  9.99440591666  9.99440591666  9.99446178463  9.99457308592  9.99473894353  9.99495802366  9.99522851682  9.99554811715  9.99591400362  9.99632282710  9.99677070713  9.99725324197  9.99776553487  9.99830223820  9.99885761590  9.99942562305 10.00000000000
 10.00000000000 10.00000000000 10.00000000000 10.00000000000 10.00000000000 10.00000000000 10.00000000000 10.00000000000 10.00000000000 10.00000000000 10.00000000000 10.00000000000 10.00000000000 10.00000000000 10.00000000000 10.00000000000 10.00000000000 10.00000000000 10.00000000000 10.00000000000 10.00000000000 10.00000000000 10.00000000000 10.00000000000 10.00000000000 10.00000000000 10.00000000000 10.00000000000 10.00000000000 10.00000000000 10.00000000000 10.00000000000

 10.00000000000 10.00000000000 10.00000000000 10.00000000000 10.00000000000 10.00000000000 10.00000000000 10.00000000000 10.00000000000 10.00000000000 10.00000000000 10.00000000000 10.00000000000 10.00000000000 10.00000000000 10.00000000000 10.00000000000 10.00000000000 10.00000000000 10.00000000000 10.00000000000 10.00000000000 10.00000000000 10.00000000000 10.00000000000 10.00000000000 10.00000000000 10.00000000000 10.00000000000 10.00000000000 10.00000000000 10.00000000000
 10.00000000000  9.99883851170  9.99768994519  9.99656699512  9.99548191338  9.99444631588  9.99347101966  9.99256591627  9.99173988333  9.99100073363  9.99035519778  9.98980893444  9.98936656045  9.98903169269  9.98880699324  9.98869421055  9.98869421055  9.98880699324  9.98903169269  9.98936656045  9.98980893444  9.99035519778  9.99100073363  9.99173988333  9.99256591627  9.99347101966  9.99444631588  9.99548191338  9.99656699512  9.99768994519  9.99883851170 10.00000000000
 10.00000000000  9.99768994519  9.99540558698  9.99317217047  9.99101406098  9.98895435971  9.98701458022  9.98521439636  9.98357146650  9.98210133200  9.98081738253  9.97973087608  9.97885099865  9.97818494706  9.97773801862  9.97751369279  9.97751369279  9.97773801862  9.97818494706  9.97885099865  9.97973087608  9.98081738253  9.98210133200  9.98357146650  9.98521439636  9.98701458022  9.98895435971  9.99101406098  9.99317217047  9.99540558698  9.99768994519 10.00000000000
 10.00000000000  9.99656699512  9.99317217047  9.98985303621  9.98664579659  9.98358477951  9.98070195594  9.97802656552  9.97558485506  9.97339992734  9.97149168893  9.96987687924  9.96856915845  9.96757922992  9.96691497269  9.96658156238  9.96658156238  9.96691497269  9.96757922992  9.96856915845  9.96987687924  9.97149168893  9.97339992734  9.97558485506  9.97802656552  9.98070195594  9.98358477951  9.98664579659  9.98985303621  9.99317217047  9.99656699512 10.00000000000
 10.00000000000  9.99548191338  9.99101406098  9.98664579659  9.98242475826  9.97839611846  9.97460195227  9.97108074477  9.96786704660  9.96499127422  9.96247964021  9.96035419028  9.95863291767  9.95732992293  9.95645558721  9.95601673037  9.95601673037  9.95645558721  9.95732992293  9.95863291767  9.96035419028  9.96247964021  9.96499127422  9.96786704660  9.97108074477  9.97460195227  9.97839611846  9.98242475826  9.98664579659  9.99101406098  9.99548191338 10.00000000000
 10.00000000000  9.99444631588  9.98895435971  9.98358477951  9.97839611846  9.97344389483  9.96877982617  9.96445122411  9.96050057043  9.95696527050  9.95387756608  9.95126457893  9.94914844952  9.94754653146  9.94647160284  9.94593205918  9.94593205918  9.94647160284  9.94754653146  9.94914844952  9.95126457893  9.95387756608  9.95696527050  9.96050057043  9.96445122411  9.96877982617  9.97344389482  9.97839611846  9.98358477951  9.98895435971  9.99444631588 10.00000000000
 10.00000000000  9.99347101966  9.98701458022  9.98070195594  9.97460195227  9.96877982617  9.96329637533  9.95820722691  9.95356233863  9.94940570747  9.94577526505  9.94270292659  9.94021475120  9.93833116805  9.93706722242  9.93643280079  9.93643280079  9.93706722242  9.93833116805  9.94021475120  9.94270292659  9.94577526505  9.94940570746  9.95356233863  9.95820722691  9.96329637533  9.96877982617  9.97460195227  9.98070195594  9.98701458022  9.99347101966 10.00000000000
 10.00000000000  9.99256591627  9.98521439636  9.97802656552  9.97108074477  9.96445122411  9.95820722691  9.95241210043  9.94712274705  9.94238929076  9.93825495564  9.93475611854  9.93192248848  9.92977736093  9.92833789533  9.92761536895  9.92761536895  9.92833789533  9.92977736093  9.93192248848  9.93475611854  9.93825495564  9.94238929076  9.94712274705  9.95241210043  9.95820722691  9.96445122411  9.97108074477  9.97802656552  9.98521439636  9.99256591627 10.00000000000
 10.00000000000  9.99173988333  9.98357146650  9.97558485506  9.96786704660  9.96050057043  9.95356233863  9.94712274705  9.94124504245  9.93598495004  9.93139053556  9.92750226038  9.92435317726  9.92196920927  9.92036945492  9.91956646775  9.91956646775  9.92036945492  9.92196920927  9.92435317726  9.92750226038  9.93139053556  9.93598495004  9.94124504245  9.94712274705  9.95356233863  9.96050057043  9.96786704660  9.97558485506  9.98357146650  9.99173988333 10.00000000000
 10.00000000000  9.99100073363  9.98210133200  9.97339992734  9.96499127422  9.95696527050  9.94940570747  9.94238929076  9.93598495004  9.93025343107  9.92524714241  9.92101021178  9.91757869539  9.91498087805  9.91323760216  9.91236256944  9.91236256944  9.91323760216  9.91498087805  9.91757869539  9.92101021178  9.92524714241  9.93025343107  9.93598495004  9.94238929075  9.94940570746  9.95696527050  9.96499127422  9.97339992734  9.98210133200  9.99100073363 10.00000000000
 10.00000000000  9.99035519778  9.98081738253  9.97149168893  9.96247964021  9.95387756608  9.94577526505  9.93825495564  9.93139053556  9.92524714241  9.91988098634  9.91533940669  9.91166109242  9.90887639984  9.90700770169  9.90606970777  9.90606970777  9.90700770169  9.90887639983  9.91166109242  9.91533940669  9.91988098634  9.92524714241  9.93139053556  9.93825495564  9.94577526505  9.95387756608  9.96247964021  9.97149168893  9.98081738253  9.99035519778 10.00000000000
 10.00000000000  9.98980893444  9.97973087608  9.96987687924  9.96035419028  9.95126457893  9.94270292659  9.93475611854  9.92750226038  9.92101021178  9.91533940669  9.91053990975  9.90665264532  9.90370972961  9.90173483615  9.90074353190  9.90074353190  9.90173483615  9.90370972961  9.90665264532  9.91053990974  9.91533940669  9.92101021178  9.92750226038  9.93475611854  9.94270292659  9.95126457893  9.96035419028  9.96987687924  9.97973087608  9.98980893444 10.00000000000
 10.00000000000  9.98936656045  9.97885099865  9.96856915845  9.95863291767  9.94914844952  9.94021475120  9.93192248848  9.92435317726  9.91757869539  9.91166109242  9.90665264532  9.90259609414  9.89952498520  9.89746404954  9.89642955118  9.89642955118  9.89746404954  9.89952498520  9.90259609414  9.90665264532  9.91166109242  9.91757869539  9.92435317726  9.93192248848  9.94021475120  9.94914844952  9.95863291767  9.96856915845  9.97885099865  9.98936656045 10.00000000000
 10.00000000000  9.98903169269  9.97818494706  9.96757922992  9.95732992293  9.94754653146  9.93833116805  9.92977736093  9.92196920927  9.91498087805  9.90887639984  9.90370972961  9.89952498520  9.89635679856  9.89423070383  9.89316349451  9.89316349451  9.89423070383  9.89635679856  9.89952498520  9.90370972961  9.90887639983  9.91498087805  9.92196920927  9.92977736093  9.93833116805  9.94754653146  9.95732992293  9.96757922992  9.97818494706  9.98903169269 10.00000000000
 10.00000000000  9.98880699324  9.97773801862  9.96691497269  9.95645558721  9.94647160284  9.93706722242  9.92833789533  9.92036945492  9.91323760216  9.90700770169  9.90173483615  9.89746404954  9.89423070383  9.89206087330  9.89097170764  9.89097170764  9.89206087330  9.89423070383  9.89746404954  9.90173483615  9.90700770169  9.91323760216  9.92036945492  9.92833789532  9.93706722242  9.94647160284  9.95645558721  9.96691497269  9.97773801862  9.98880699324 10.00000000000
 10.00000000000  9.98869421055  9.97751369279  9.96658156238  9.95601673037  9.94593205918  9.93643280079  9.92761536895  9.91956646775  9.91236256944  9.90606970777  9.90074353190  9.89642955118  9.89316349451  9.89097170764  9.88987151936  9.88987151936  9.89097170764  9.89316349451  9.89642955118  9.90074353190  9.90606970777  9.91236256944  9.91956646775  9.92761536895  9.93643280079  9.94593205918  9.95601673037  9.96658156238  9.97751369279  9.98869421055 10.00000000000
 10.00000000000  9.98869421055  9.97751369279  9.96658156238  9.95601673037  9.94593205918  9.93643280079  9.92761536895  9.91956646775  9.91236256944  9.90606970777  9.90074353190  9.89642955118  9.89316349451  9.89097170764  9.88987151936  9.88987151936  9.89097170764  9.89316349451  9.89642955118  9.90074353190  9.90606970777  9.91236256944  9.91956646775  9.92761536895  9.93643280079  9.94593205918  9.95601673037  9.96658156238  9.97751369279  9.98869421055 10.00000000000
 10.00000000000  9.98880699324  9.97773801862  9.96691497269  9.95645558721  9.94647160284  9.93706722242  9.92833789533  9.92036945492  9.91323760216  9.90700770169  9.90173483615  9.89746404954  9.89423070383  9.89206087330  9.89097170764  9.89097170764  9.89206087330  9.89423070383  9.89746404954  9.90173483615  9.90700770169  9.91323760216  9.92036945492  9.92833789532  9.93706722242  9.94647160284  9.95645558721  9.96691497269  9.97773801862  9.98880699324 10.00000000000
 10.00000000000  9.98903169269  9.97818494706  9.96757922992  9.95732992293  9.94754653146  9.93833116805  9.92977736093  9.92196920927  9.91498087805  9.90887639983  9.90370972961  9.89952498520  9.89635679856  9.89423070383  9.89316349451  9.89316349451  9.89423070383  9.89635679856  9.89952498519  9.90370972961  9.90887639983  9.91498087805  9.92196920926  9.92977736093  9.93833116805  9.94754653146  9.95732992293  9.96757922992  9.97818494706  9.98903169269 10.00000000000
