
 10.00000000000 10.00000000000 10.00000000000 10.00000000000 10.00000000000 10.00000000000 10.00000000000 10.00000000000 10.00000000000 10.00000000000 10.00000000000 10.00000000000 10.00000000000 10.00000000000 10.00000000000 10.00000000000 10.00000000000 10.00000000000 10.00000000000 10.00000000000 10.00000000000 10.00000000000 10.00000000000 10.00000000000 10.00000000000 10.00000000000 10.00000000000 10.00000000000 10.00000000000 10.00000000000 10.00000000000 10.00000000000
 10.00000000000 10.00000000000 10.00000000000 10.00000000000 10.00000000000 10.00000000000 10.00000000000 10.00000000000 10.00000000000 10.00000000000 10.00000000000 10.00000000000 10.00000000000 10.00000000000 10.00000000000 10.00000000000 10.00000000000 10.00000000000 10.00000000000 10.00000000000 10.00000000000 10.00000000000 10.00000000000 10.00000000000 10.00000000000 10.00000000000 10.00000000000 10.00000000000 10.00000000000 10.00000000000 10.00000000000 10.00000000000
 10.00000000000 10.00000000000 10.00000000000 10.00000000000 10.00000000000 10.00000000000 10.00000000000 10.00000000000 10.00000000000 10.00000000000 10.00000000000 10.00000000000 10.00000000000 10.00000000000 10.00000000000 10.00000000000 10.00000000000 10.00000000000 10.00000000000 10.00000000000 10.00000000000 10.00000000000 10.00000000000 10.00000000000 10.00000000000 10.00000000000 10.00000000000 10.00000000000 10.00000000000 10.00000000000 10.00000000000 10.00000000000
 10.00000000000 10.00000000000 10.00000000000 10.00000000000 10.00000000000 10.00000000000 10.00000000000 10.00000000000 10.00000000000 10.00000000000 10.00000000000 10.00000000000 10.00000000000 10.00000000000 10.00000000000 10.00000000000 10.00000000000 10.00000000000 10.00000000000 10.00000000000 10.00000000000 10.00000000000 10.00000000000 10.00000000000 10.00000000000 10.00000000000 10.00000000000 10.00000000000 10.00000000000 10.00000000000 10.00000000000 10.00000000000
 10.00000000000 10.00000000000 10.00000000000 10.00000000000 10.00000000000 10.00000000000 10.00000000000 10.00000000000 10.00000000000 10.00000000000 10.00000000000 10.00000000000 10.00000000000 10.00000000000 10.00000000000 10.00000000000 10.00000000000 10.00000000000 10.00000000000 10.00000000000 10.00000000000 10.00000000000 10.00000000000 10.00000000000 10.00000000000 10.00000000000 10.00000000000 10.00000000000 10.00000000000 10.00000000000 10.00000000000 10.00000000000
 10.00000000000 10.00000000000 10.00000000000 10.00000000000 10.00000000000 10.00000000000 10.00000000000 10.00000000000 10.00000000000 10.00000000000 10.00000000000 10.00000000000 10.00000000000 10.00000000000 10.00000000000 10.00000000000 10.00000000000 10.00000000000 10.00000000000 10.00000000000 10.00000000000 10.00000000000 10.00000000000 10.00000000000 10.00000000000 10.00000000000 10.00000000000 10.00000000000 10.00000000000 10.00000000000 10.00000000000 10.00000000000
 10.00000000000 10.00000000000 10.00000000000 10.00000000000 10.00000000000 10.00000000000 10.00000000000 10.00000000000 10.00000000000 10.00000000000 10.00000000000 10.00000000000 10.00000000000 10.00000000000 10.00000000000 10.00000000000 10.00000000000 10.00000000000 10.00000000000 10.00000000000 10.00000000000 10.00000000000 10.00000000000 10.00000000000 10.00000000000 10.00000000000 10.00000000000 10.00000000000 10.00000000000 10.00000000000 10.00000000000 10.00000000000
 10.00000000000 10.00000000000 10.00000000000 10.00000000000 10.00000000000 10.00000000000 10.00000000000 10.00000000000 10.00000000000 10.00000000000 10.00000000000 10.00000000000 10.00000000000 10.00000000000 10.00000000000 10.00000000000 10.00000000000 10.00000000000 10.00000000000 10.00000000000 10.00000000000 10.00000000000 10.00000000000 10.00000000000 10.00000000000 10.00000000000 10.00000000000 10.00000000000 10.00000000000 10.00000000000 10.00000000000 10.00000000000
 10.00000000000 10.00000000000 10.00000000000 10.00000000000 10.00000000000 10.00000000000 10.00000000000 10.00000000000 10.00000000000 10.00000000000 10.00000000000 10.00000000000 10.00000000000 10.00000000000 10.00000000000 10.00000000000 10.00000000000 10.00000000000 10.00000000000 10.00000000000 10.00000000000 10.00000000000 10.00000000000 10.00000000000 10.00000000000 10.00000000000 10.00000000000 10.00000000000 10.00000000000 10.00000000000 10.00000000000 10.00000000000
 10.00000000000 10.00000000000 10.00000000000 10.00000000000 10.00000000000 10.00000000000 10.00000000000 10.00000000000 10.00000000000 10.00000000000 10.00000000000 10.00000000000 10.00000000000 10.00000000000 10.00000000000 10.00000000000 10.00000000000 10.00000000000 10.00000000000 10.00000000000 10.00000000000 10.00000000000 10.00000000000 10.00000000000 10.00000000000 10.00000000000 10.00000000000 10.00000000000 10.00000000000 10.00000000000 10.00000000000 10.00000000000
 10.00000000000 10.00000000000 10.00000000000 10.00000000000 10.00000000000 10.00000000000 10.00000000000 10.00000000000 10.00000000000 10.00000000000 10.00000000000 10.00000000000 10.00000000000 10.00000000000 10.00000000000 10.00000000000 10.00000000000 10.00000000000 10.00000000000 10.00000000000 10.00000000000 10.00000000000 10.00000000000 10.00000000000 10.00000000000 10.00000000000 10.00000000000 10.00000000000 10.00000000000 10.00000000000 10.00000000000 10.00000000000
 10.00000000000 10.00000000000 10.00000000000 10.00000000000 10.00000000000 10.00000000000 10.00000000000 10.00000000000 10.00000000000 10.00000000000 10.00000000000 10.00000000000 10.00000000000 10.00000000000 10.00000000000 10.00000000000 10.00000000000 10.00000000000 10.00000000000 10.00000000000 10.00000000000 10.00000000000 10.00000000000 10.00000000000 10.00000000000 10.00000000000 10.00000000000 10.00000000000 10.00000000000 10.00000000000 10.00000000000 10.00000000000
 10.00000000000 10.00000000000 10.00000000000 10.00000000000 10.00000000000 10.00000000000 10.00000000000 10.00000000000 10.00000000000 10.00000000000 10.00000000000 10.00000000000 10.00000000000 10.00000000000 10.00000000000 10.00000000000 10.00000000000 10.00000000000 10.00000000000 10.00000000000 10.00000000000 10.00000000000 10.00000000000 10.00000000000 10.00000000000 10.00000000000 10.00000000000 10.00000000000 10.00000000000 10.00000000000 10.00000000000 10.00000000000
 10.00000000000 10.00000000000 10.00000000000 10.00000000000 10.00000000000 10.00000000000 10.00000000000 10.00000000000 10.00000000000 10.00000000000 10.00000000000 10.00000000000 10.00000000000 10.00000000000 10.00000000000 10.00000000000 10.00000000000 10.00000000000 10.00000000000 10.00000000000 10.00000000000 10.00000000000 10.00000000000 10.00000000000 10.00000000000 10.00000000000 10.00000000000 10.00000000000 10.00000000000 10.00000000000 10.00000000000 10.00000000000
 10.00000000000 10.00000000000 10.00000000000 10.00000000000 10.00000000000 10.00000000000 10.00000000000 10.00000000000 10.00000000000 10.00000000000 10.00000000000 10.00000000000 10.00000000000 10.00000000000 10.00000000000 10.00000000000 10.00000000000 10.00000000000 10.00000000000 10.00000000000 10.00000000000 10.00000000000 10.00000000000 10.00000000000 10.00000000000 10.00000000000 10.00000000000 10.00000000000 10.00000000000 10.00000000000 10.00000000000 10.00000000000
 10.00000000000 10.00000000000 10.00000000000 10.00000000000 10.00000000000 10.00000000000 10.00000000000 10.00000000000 10.00000000000 10.00000000000 10.00000000000 10.00000000000 10.00000000000 10.00000000000 10.00000000000 10.00000000000 10.00000000000 10.00000000000 10.00000000000 10.00000000000 10.00000000000 10.00000000000 10.00000000000 10.00000000000 10.00000000000 10.00000000000 10.00000000000 10.00000000000 10.00000000000 10.00000000000 10.00000000000 10.00000000000
 10.00000000000 10.00000000000 10.00000000000 10.00000000000 10.00000000000 10.00000000000 10.00000000000 10.00000000000 10.00000000000 10.00000000000 10.00000000000 10.00000000000 10.00000000000 10.00000000000 10.00000000000 10.00000000000 10.00000000000 10.00000000000 10.00000000000 10.00000000000 10.00000000000 10.00000000000 10.00000000000 10.00000000000 10.00000000000 10.00000000000 10.00000000000 10.00000000000 10.00000000000 10.00000000000 10.00000000000 10.00000000000
 10.00000000000 10.00000000000 10.00000000000 10.00000000000 10.00000000000 10.00000000000 10.00000000000 10.00000000000 10.00000000000 10.00000000000 10.00000000000 10.00000000000 10.00000000000 10.00000000000 10.00000000000 10.00000000000 10.00000000000 10.00000000000 10.00000000000 10.00000000000 10.00000000000 10.00000000000 10.00000000000 10.00000000000 10.00000000000 10.00000000000 10.00000000000 10.00000000000 10.00000000000 10.00000000000 10.00000000000 10.00000000000
 10.00000000000 10.00000000000 10.00000000000 10.00000000000 10.00000000000 10.00000000000 10.00000000000 10.00000000000 10.00000000000 10.00000000000 10.00000000000 10.00000000000 10.00000000000 10.00000000000 10.00000000000 10.00000000000 10.00000000000 10.00000000000 10.00000000000 10.00000000000 10.00000000000 10.00000000000 10.00000000000 10.00000000000 10.00000000000 10.00000000000 10.00000000000 10.00000000000 10.00000000000 10.00000000000 10.00000000000 10.00000000000
 10.00000000000 10.00000000000 10.00000000000 10.00000000000 10.00000000000 10.00000000000 10.00000000000 10.00000000000 10.00000000000 10.00000000000 10.00000000000 10.00000000000 10.00000000000 10.00000000000 10.00000000000 10.00000000000 10.00000000000 10.00000000000 10.00000000000 10.00000000000 10.00000000000 10.00000000000 10.00000000000 10.00000000000 10.00000000000 10.00000000000 10.00000000000 10.00000000000 10.00000000000 10.00000000000 10.00000000000 10.00000000000
 10.00000000000 10.00000000000 10.00000000000 10.00000000000 10.00000000000 10.00000000000 10.00000000000 10.00000000000 10.00000000000 10.00000000000 10.00000000000 10.00000000000 10.00000000000 10.00000000000 10.00000000000 10.00000000000 10.00000000000 10.00000000000 10.00000000000 10.00000000000 10.00000000000 10.00000000000 10.00000000000 10.00000000000 10.00000000000 10.00000000000 10.00000000000 10.00000000000 10.00000000000 10.00000000000 10.00000000000 10.00000000000
 10.00000000000 10.00000000000 10.00000000000 10.00000000000 10.00000000000 10.00000000000 10.00000000000 10.00000000000 10.00000000000 10.00000000000 10.00000000000 10.00000000000 10.00000000000 10.00000000000 10.00000000000 10.00000000000 10.00000000000 10.00000000000 10.00000000000 10.00000000000 10.00000000000 10.00000000000 10.00000000000 10.00000000000 10.00000000000 10.00000000000 10.00000000000 10.00000000000 10.00000000000 10.00000000000 10.00000000000 10.00000000000
 10.00000000000 10.00000000000 10.00000000000 10.00000000000 10.00000000000 10.00000000000 10.00000000000 10.00000000000 10.00000000000 10.00000000000 10.00000000000 10.00000000000 10.00000000000 10.00000000000 10.00000000000 10.00000000000 10.00000000000 10.00000000000 10.00000000000 10.00000000000 10.00000000000 10.00000000000 10.00000000000 10.00000000000 10.00000000000 10.00000000000 10.00000000000 10.00000000000 10.00000000000 10.00000000000 10.00000000000 10.00000000000
 10.00000000000 10.00000000000 10.00000000000 10.00000000000 10.00000000000 10.00000000000 10.00000000000 10.00000000000 10.00000000000 10.00000000000 10.00000000000 10.00000000000 10.00000000000 10.00000000000 10.00000000000 10.00000000000 10.00000000000 10.00000000000 10.00000000000 10.00000000000 10.00000000000 10.00000000000 10.00000000000 10.00000000000 10.00000000000 10.00000000000 10.00000000000 10.00000000000 10.00000000000 10.00000000000 10.00000000000 10.00000000000
 10.00000000000 10.00000000000 10.00000000000 10.00000000000 10.00000000000 10.00000000000 10.00000000000 10.00000000000 10.00000000000 10.00000000000 10.00000000000 10.00000000000 10.00000000000 10.00000000000 10.00000000000 10.00000000000 10.00000000000 10.00000000000 10.00000000000 10.00000000000 10.00000000000 10.00000000000 10.00000000000 10.00000000000 10.00000000000 10.00000000000 10.00000000000 10.00000000000 10.00000000000 10.00000000000 10.00000000000 10.00000000000
 10.00000000000 10.00000000000 10.00000000000 10.00000000000 10.00000000000 10.00000000000 10.00000000000 10.00000000000 10.00000000000 10.00000000000 10.00000000000 10.00000000000 10.00000000000 10.00000000000 10.00000000000 10.00000000000 10.00000000000 10.00000000000 10.00000000000 10.00000000000 10.00000000000 10.00000000000 10.00000000000 10.00000000000 10.00000000000 10.00000000000 10.00000000000 10.00000000000 10.00000000000 10.00000000000 10.00000000000 10.00000000000
 10.00000000000 10.00000000000 10.00000000000 10.00000000000 10.00000000000 10.00000000000 10.00000000000 10.00000000000 10.00000000000 10.00000000000 10.00000000000 10.00000000000 10.00000000000 10.00000000000 10.00000000000 10.00000000000 10.00000000000 10.00000000000 10.00000000000 10.00000000000 10.00000000000 10.00000000000 10.00000000000 10.00000000000 10.00000000000 10.00000000000 10.00000000000 10.00000000000 10.00000000000 10.00000000000 10.00000000000 10.00000000000
 10.00000000000 10.00000000000 10.00000000000 10.00000000000 10.00000000000 10.00000000000 10.00000000000 10.00000000000 10.00000000000 10.00000000000 10.00000000000 10.00000000000 10.00000000000 10.00000000000 10.00000000000 10.00000000000 10.00000000000 10.00000000000 10.00000000000 10.00000000000 10.00000000000 10.00000000000 10.00000000000 10.00000000000 10.00000000000 10.00000000000 10.00000000000 10.00000000000 10.00000000000 10.00000000000 10.00000000000 10.00000000000
 10.00000000000 10.00000000000 10.00000000000 10.00000000000 10.00000000000 10.00000000000 10.00000000000 10.00000000000 10.00000000000 10.00000000000 10.00000000000 10.00000000000 10.00000000000 10.00000000000 10.00000000000 10.00000000000 10.00000000000 10.00000000000 10.00000000000 10.00000000000 10.00000000000 10.00000000000 10.00000000000 10.00000000000 10.00000000000 10.00000000000 10.00000000000 10.00000000000 10.00000000000 10.00000000000 10.00000000000 10.00000000000
 10.00000000000 10.00000000000 10.00000000000 10.00000000000 10.00000000000 10.00000000000 10.00000000000 10.00000000000 10.00000000000 10.00000000000 10.00000000000 10.00000000000 10.00000000000 10.00000000000 10.00000000000 10.00000000000 10.00000000000 10.00000000000 10.00000000000 10.00000000000 10.00000000000 10.00000000000 10.00000000000 10.00000000000 10.00000000000 10.00000000000 10.00000000000 10.00000000000 10.00000000000 10.00000000000 10.00000000000 10.00000000000
 10.00000000000 10.00000000000 10.00000000000 10.00000000000 10.00000000000 10.00000000000 10.00000000000 10.00000000000 10.00000000000 10.00000000000 10.00000000000 10.00000000000 10.00000000000 10.00000000000 10.00000000000 10.00000000000 10.00000000000 10.00000000000 10.00000000000 10.00000000000 10.00000000000 10.00000000000 10.00000000000 10.00000000000 10.00000000000 10.00000000000 10.00000000000 10.00000000000 10.00000000000 10.00000000000 10.00000000000 10.00000000000
 10.00000000000 10.00000000000 10.00000000000 10.00000000000 10.00000000000 10.00000000000 10.00000000000 10.00000000000 10.00000000000 10.00000000000 10.00000000000 10.00000000000 10.00000000000 10.00000000000 10.00000000000 10.00000000000 10.00000000000 10.00000000000 10.00000000000 10.00000000000 10.00000000000 10.00000000000 10.00000000000 10.00000000000 10.00000000000 10.00000000000 10.00000000000 10.00000000000 10.00000000000 10.00000000000 10.00000000000 10.00000000000

 10.00000000000 10.00000000000 10.00000000000 10.00000000000 10.00000000000 10.00000000000 10.00000000000 10.00000000000 10.00000000000 10.00000000000 10.00000000000 10.00000000000 10.00000000000 10.00000000000 10.00000000000 10.00000000000 10.00000000000 10.00000000000 10.00000000000 10.00000000000 10.00000000000 10.00000000000 10.00000000000 10.00000000000 10.00000000000 10.00000000000 10.00000000000 10.00000000000 10.00000000000 10.00000000000 10.00000000000 10.00000000000
 10.00000000000  9.99942408677  9.99885455911  9.99829769227  9.99775954644  9.99724587250  9.99676203223  9.99631293579  9.99590299740  9.99553610895  9.99521562987  9.99494439019  9.99472470344  9.99455838534  9.99444677440  9.99439075080  9.99439075080  9.99444677440  9.99455838534  9.99472470344  9.99494439019  9.99521562987  9.99553610895  9.99590299739  9.99631293579  9.99676203223  9.99724587249  9.99775954644  9.99829769227  9.99885455911  9.99942408677 10.00000000000
 10.00000000000  9.99885455911  9.99772181706  9.99661425346  9.99554392050  9.99452225553  9.99355992259  9.99266668791  9.99185133182  9.99112159624  9.99048416425  9.98994466621  9.98950770520  9.98917689408  9.98895489625  9.98884346328  9.98884346328  9.98895489625  9.98917689407  9.98950770520  9.98994466620  9.99048416424  9.99112159623  9.99185133181  9.99266668790  9.99355992258  9.99452225552  9.99554392049  9.99661425346  9.99772181705  9.99885455911 10.00000000000
 10.00000000000  9.99829769227  9.99661425346  9.99496822711  9.99337752220  9.99185913505  9.99042891380  9.98910137357  9.98788956536  9.98680499787  9.98585760689  9.98505576402  9.98440631420  9.98391463038  9.98358467389  9.98341904999  9.98341904999  9.98358467389  9.98391463037  9.98440631419  9.98505576401  9.98585760687  9.98680499785  9.98788956534  9.98910137355  9.99042891379  9.99185913503  9.99337752219  9.99496822710  9.99661425346  9.99829769227 10.00000000000
 10.00000000000  9.99775954644  9.99554392050  9.99337752220  9.99128391775  9.98928547390  9.98740304834  9.98565574639  9.98406074845  9.98263320667  9.98138620426  9.98033076636  9.97947590886  9.97882870975  9.97839438803  9.97817637641  9.97817637641  9.97839438803  9.97882870974  9.97947590885  9.98033076635  9.98138620424  9.98263320665  9.98406074843  9.98565574637  9.98740304832  9.98928547389  9.99128391774  9.99337752219  9.99554392049  9.99775954644 10.00000000000
 10.00000000000  9.99724587250  9.99452225553  9.99185913505  9.98928547390  9.98682876313  9.98451464175  9.98236659781  9.98040575605  9.97865075040  9.97711767324  9.97582008800  9.97476908818  9.97397338423  9.97343939975  9.97317136019  9.97317136019  9.97343939974  9.97397338421  9.97476908816  9.97582008798  9.97711767322  9.97865075038  9.98040575603  9.98236659779  9.98451464172  9.98682876311  9.98928547388  9.99185913503  9.99452225552  9.99724587249 10.00000000000
 10.00000000000  9.99676203223  9.99355992259  9.99042891380  9.98740304834  9.98451464175  9.98179383627  9.97926824949  9.97696272439  9.97489917885  9.97309654510  9.97157078333  9.97033494993  9.96939929845  9.96877139168  9.96845620501  9.96845620500  9.96877139167  9.96939929844  9.97033494991  9.97157078330  9.97309654507  9.97489917883  9.97696272436  9.97926824946  9.98179383625  9.98451464172  9.98740304832  9.99042891379  9.99355992258  9.99676203223 10.00000000000
 10.00000000000  9.99631293579  9.99266668791  9.98910137357  9.98565574639  9.98236659781  9.97926824949  9.97639215336  9.97376660674  9.97141658016  9.96936364726  9.96762599897  9.96621851968  9.96515290085  9.96443776724  9.96407879367  9.96407879367  9.96443776723  9.96515290083  9.96621851966  9.96762599894  9.96936364724  9.97141658013  9.97376660671  9.97639215333  9.97926824946  9.98236659779  9.98565574636  9.98910137355  9.99266668790  9.99631293579 10.00000000000
 10.00000000000  9.99590299740  9.99185133182  9.98788956536  9.98406074845  9.98040575605  9.97696272439  9.97376660674  9.97084885651  9.96823723503  9.96595573233  9.96402458137  9.96246034103  9.96127602062  9.96048121878  9.96008225190  9.96008225190  9.96048121877  9.96127602060  9.96246034100  9.96402458134  9.96595573230  9.96823723500  9.97084885647  9.97376660670  9.97696272435  9.98040575602  9.98406074842  9.98788956534  9.99185133181  9.99590299739 10.00000000000
 10.00000000000  9.99553610895  9.99112159624  9.98680499787  9.98263320667  9.97865075040  9.97489917885  9.97141658016  9.96823723503  9.96539140638  9.96290525167  9.96080083668  9.95909622418  9.95780560780  9.95693946177  9.95650467958  9.95650467958  9.95693946176  9.95780560778  9.95909622415  9.96080083665  9.96290525163  9.96539140634  9.96823723499  9.97141658013  9.97489917882  9.97865075037  9.98263320664  9.98680499785  9.99112159622  9.99553610895 10.00000000000
 10.00000000000  9.99521562987  9.99048416425  9.98585760689  9.98138620426  9.97711767324  9.97309654510  9.96936364726  9.96595573233  9.96290525167  9.96024026001  9.95798442856  9.95615713817  9.95477362107  9.95384511973  9.95337903416  9.95337903416  9.95384511972  9.95477362105  9.95615713814  9.95798442853  9.96024025997  9.96290525163  9.96595573229  9.96936364722  9.97309654506  9.97711767320  9.98138620423  9.98585760686  9.99048416424  9.99521562987 10.00000000000
 10.00000000000  9.99494439019  9.98994466621  9.98505576402  9.98033076636  9.97582008800  9.97157078333  9.96762599897  9.96402458137  9.96080083668  9.95798442856  9.95560039043  9.95366922220  9.95220703832  9.95122573413  9.95073314023  9.95073314023  9.95122573412  9.95220703830  9.95366922217  9.95560039039  9.95798442852  9.96080083664  9.96402458133  9.96762599892  9.97157078329  9.97582008796  9.98033076633  9.98505576399  9.98994466619  9.99494439018 10.00000000000
 10.00000000000  9.99472470344  9.98950770520  9.98440631420  9.97947590886  9.97476908818  9.97033494993  9.96621851968  9.96246034103  9.95909622418  9.95615713817  9.95366922220  9.95165388502  9.95012795791  9.94910386686  9.94858979259  9.94858979258  9.94910386685  9.95012795789  9.95165388499  9.95366922216  9.95615713813  9.95909622414  9.96246034098  9.96621851963  9.97033494988  9.97476908814  9.97947590883  9.98440631417  9.98950770519  9.99472470343 10.00000000000
 10.00000000000  9.99455838534  9.98917689408  9.98391463038  9.97882870975  9.97397338423  9.96939929845  9.96515290085  9.96127602062  9.95780560780  9.95477362107  9.95220703832  9.95012795791  9.94855375520  9.94749725913  9.94696691631  9.94696691631  9.94749725912  9.94855375518  9.95012795788  9.95220703829  9.95477362103  9.95780560775  9.96127602057  9.96515290080  9.96939929841  9.97397338419  9.97882870972  9.98391463035  9.98917689406  9.99455838533 10.00000000000
 10.00000000000  9.99444677440  9.98895489625  9.98358467389  9.97839438803  9.97343939975  9.96877139168  9.96443776724  9.96048121878  9.95693946177  9.95384511973  9.95122573413  9.94910386686  9.94749725913  9.94641901086  9.94587774751  9.94587774751  9.94641901084  9.94749725911  9.94910386683  9.95122573409  9.95384511969  9.95693946172  9.96048121873  9.96443776720  9.96877139163  9.97343939971  9.97839438800  9.98358467386  9.98895489623  9.99444677439 10.00000000000
 10.00000000000  9.99439075080  9.98884346328  9.98341904999  9.97817637641  9.97317136019  9.96845620501  9.96407879367  9.96008225190  9.95650467958  9.95337903416  9.95073314023  9.94858979259  9.94696691631  9.94587774751  9.94533100157  9.94533100156  9.94587774750  9.94696691629  9.94858979256  9.95073314019  9.95337903412  9.95650467954  9.96008225185  9.96407879362  9.96845620496  9.97317136015  9.97817637637  9.98341904996  9.98884346326  9.99439075079 10.00000000000
 10.00000000000  9.99439075080  9.98884346328  9.98341904999  9.97817637641  9.97317136019  9.96845620500  9.96407879367  9.96008225190  9.95650467958  9.95337903416  9.95073314023  9.94858979258  9.94696691631  9.94587774751  9.94533100156  9.94533100156  9.94587774749  9.94696691629  9.94858979255  9.95073314019  9.95337903411  9.95650467953  9.96008225185  9.96407879362  9.96845620496  9.97317136015  9.97817637637  9.98341904996  9.98884346326  9.99439075079 10.00000000000
 10.00000000000  9.99444677440  9.98895489625  9.98358467389  9.97839438803  9.97343939974  9.96877139167  9.96443776723  9.96048121877  9.95693946176  9.95384511972  9.95122573412  9.94910386685  9.94749725912  9.94641901084  9.94587774750  9.94587774749  9.94641901083  9.94749725909  9.94910386681  9.95122573408  9.95384511967  9.95693946171  9.96048121872  9.96443776719  9.96877139163  9.97343939970  9.97839438799  9.98358467386  9.98895489623  9.99444677439 10.00000000000
 10.00000000000  9.99455838534  9.98917689407  9.98391463037  9.97882870974  9.97397338421  9.96939929844  9.96515290083  9.96127602060  9.95780560778  9.95477362105  9.95220703830  9.95012795789  9.94855375518  9.94749725911  9.94696691629  9.94696691629  9.94749725909  9.94855375516  9.95012795786  9.95220703827  9.95477362101  9.95780560773  9.96127602056  9.96515290078  9.96939929839  9.97397338417  9.97882870971  9.98391463034  9.98917689405  9.99455838533 10.00000000000
 10.00000000000  9.99472470344  9.98950770520  9.98440631419  9.97947590885  9.97476908816  9.97033494991  9.96621851966  9.96246034100  9.95909622415  9.95615713814  9.95366922217  9.95165388499  9.95012795788  9.94910386683  9.94858979256  9.94858979255  9.94910386681  9.95012795786  9.95165388496  9.95366922213  9.95615713810  9.95909622411  9.96246034096  9.96621851961  9.97033494986  9.97476908812  9.97947590882  9.98440631416  9.98950770518  9.99472470343 10.00000000000
 10.00000000000  9.99494439019  9.98994466620  9.98505576401  9.98033076635  9.97582008798  9.97157078330  9.96762599894  9.96402458134  9.96080083665  9.95798442853  9.95560039039  9.95366922216  9.95220703829  9.95122573409  9.95073314019  9.95073314019  9.95122573408  9.95220703827  9.95366922213  9.95560039036  9.95798442849  9.96080083661  9.96402458130  9.96762599890  9.97157078326  9.97582008794  9.98033076631  9.98505576398  9.98994466619  9.99494439018 10.00000000000
 10.00000000000  9.99521562987  9.99048416424  9.98585760687  9.98138620424  9.97711767322  9.97309654507  9.96936364724  9.96595573230  9.96290525163  9.96024025997  9.95798442852  9.95615713813  9.95477362103  9.95384511969  9.95337903412  9.95337903411  9.95384511967  9.95477362101  9.95615713810  9.95798442849  9.96024025993  9.96290525159  9.96595573226  9.96936364720  9.97309654504  9.97711767318  9.98138620421  9.98585760685  9.99048416423  9.99521562986 10.00000000000
 10.00000000000  9.99553610895  9.99112159623  9.98680499785  9.98263320665  9.97865075038  9.97489917883  9.97141658013  9.96823723500  9.96539140634  9.96290525163  9.96080083664  9.95909622414  9.95780560775  9.95693946172  9.95650467954  9.95650467953  9.95693946171  9.95780560773  9.95909622411  9.96080083661  9.96290525159  9.96539140631  9.96823723496  9.97141658009  9.97489917879  9.97865075034  9.98263320662  9.98680499783  9.99112159621  9.99553610894 10.00000000000
 10.00000000000  9.99590299739  9.99185133181  9.98788956534  9.98406074843  9.98040575603  9.97696272436  9.97376660671  9.97084885647  9.96823723499  9.96595573229  9.96402458133  9.96246034098  9.96127602057  9.96048121873  9.96008225185  9.96008225185  9.96048121872  9.96127602056  9.96246034096  9.96402458130  9.96595573226  9.96823723496  9.97084885644  9.97376660667  9.97696272433  9.98040575600  9.98406074840  9.98788956532  9.99185133180  9.99590299738 10.00000000000
 10.00000000000  9.99631293579  9.99266668790  9.98910137355  9.98565574637  9.98236659779  9.97926824946  9.97639215333  9.97376660670  9.97141658013  9.96936364722  9.96762599892  9.96621851963  9.96515290080  9.96443776720  9.96407879362  9.96407879362  9.96443776719  9.96515290078  9.96621851961  9.96762599890  9.96936364720  9.97141658009  9.97376660667  9.97639215330  9.97926824943  9.98236659776  9.98565574635  9.98910137353  9.99266668789  9.99631293578 10.00000000000
 10.00000000000  9.99676203223  9.99355992258  9.99042891379  9.98740304832  9.98451464172  9.98179383625  9.97926824946  9.97696272435  9.97489917882  9.97309654506  9.97157078329  9.97033494988  9.96939929841  9.96877139163  9.96845620496  9.96845620496  9.96877139163  9.96939929839  9.97033494986  9.97157078326  9.97309654504  9.97489917879  9.97696272433  9.97926824943  9.98179383622  9.98451464170  9.98740304830  9.99042891377  9.99355992257  9.99676203222 10.00000000000
 10.00000000000  9.99724587249  9.99452225552  9.99185913503  9.98928547389  9.98682876311  9.98451464172  9.98236659779  9.98040575602  9.97865075037  9.97711767320  9.97582008796  9.97476908814  9.97397338419  9.97343939971  9.97317136015  9.97317136015  9.97343939970  9.97397338417  9.97476908812  9.97582008794  9.97711767318  9.97865075034  9.98040575600  9.98236659776  9.98451464170  9.98682876309  9.98928547387  9.99185913502  9.99452225552  9.99724587249 10.00000000000
 10.00000000000  9.99775954644  9.99554392049  9.99337752219  9.99128391774  9.98928547388  9.98740304832  9.98565574636  9.98406074842  9.98263320664  9.98138620423  9.98033076633  9.97947590883  9.97882870972  9.97839438800  9.97817637637  9.97817637637  9.97839438799  9.97882870971  9.97947590882  9.98033076631  9.98138620421  9.98263320662  9.98406074840  9.98565574635  9.98740304830  9.98928547387  9.99128391773  9.99337752218  9.99554392049  9.99775954644 10.00000000000
 10.00000000000  9.99829769227  9.99661425346  9.99496822710  9.99337752219  9.99185913503  9.99042891379  9.98910137355  9.98788956534  9.98680499785  9.98585760686  9.98505576399  9.98440631417  9.98391463035  9.98358467386  9.98341904996  9.98341904996  9.98358467386  9.98391463034  9.98440631416  9.98505576398  9.98585760685  9.98680499783  9.98788956532  9.98910137353  9.99042891377  9.99185913502  9.99337752218  9.99496822709  9.99661425345  9.99829769226 10.00000000000
 10.00000000000  9.99885455911  9.99772181705  9.99661425346  9.99554392049  9.99452225552  9.99355992258  9.99266668790  9.99185133181  9.99112159622  9.99048416424  9.98994466619  9.98950770519  9.98917689406  9.98895489623  9.98884346326  9.98884346326  9.98895489623  9.98917689405  9.98950770518  9.98994466619  9.99048416423  9.99112159621  9.99185133180  9.99266668789  9.99355992257  9.99452225552  9.99554392049  9.99661425345  9.99772181705  9.99885455911 10.00000000000
 10.00000000000  9.99942408677  9.99885455911  9.99829769227  9.99775954644  9.99724587249  9.99676203223  9.99631293579  9.99590299739  9.99553610895  9.99521562987  9.99494439018  9.99472470343  9.99455838533  9.99444677439  9.99439075079  9.99439075079  9.99444677439  9.99455838533  9.99472470343  9.99494439018  9.99521562986  9.99553610894  9.99590299738  9.99631293578  9.99676203222  9.99724587249  9.99775954644  9.99829769226  9.99885455911  9.99942408677 10.00000000000
 10.00000000000 10.00000000000 10.00000000000 10.00000000000 10.00000000000 10.00000000000 10.00000000000 10.00000000000 10.00000000000 10.00000000000 10.00000000000 10.00000000000 10.00000000000 10.00000000000 10.00000000000 10.00000000000 10.00000000000 10.00000000000 10.00000000000 10.00000000000 10.00000000000 10.00000000000 10.00000000000 10.00000000000 10.00000000000 10.00000000000 10.00000000000 10.00000000000 10.00000000000 10.00000000000 10.00000000000 10.00000000000

 10.00000000000 10.00000000000 10.00000000000 10.00000000000 10.00000000000 10.00000000000 10.00000000000 10.00000000000 10.00000000000 10.00000000000 10.00000000000 10.00000000000 10.00000000000 10.00000000000 10.00000000000 10.00000000000 10.00000000000 10.00000000000 10.00000000000 10.00000000000 10.00000000000 10.00000000000 10.00000000000 10.00000000000 10.00000000000 10.00000000000 10.00000000000 10.00000000000 10.00000000000 10.00000000000 10.00000000000 10.00000000000
 10.00000000000  9.99883545491  9.99768386299  9.99655794991  9.99546999799  9.99443165256  9.99345375889  9.99254623516  9.99171798384  9.99097684048  9.99032955614  9.98978180742  9.98933822642  9.98900244240  9.98877712683  9.98866403449  9.98866403449  9.98877712682  9.98900244240  9.98933822642  9.98978180741  9.99032955613  9.99097684047  9.99171798383  9.99254623515  9.99345375888  9.99443165255  9.99546999798  9.99655794991  9.99768386299  9.99883545491 10.00000000000
 10.00000000000  9.99768386299  9.99539348499  9.99315417288  9.99099035245  9.98892518354  9.98698023579  9.98517523609  9.98352789223  9.98205379086  9.98076636236  9.97967690041  9.97879462134  9.97812674662  9.97767859227  9.97745365032  9.97745365032  9.97767859226  9.97812674661  9.97879462133  9.97967690039  9.98076636234  9.98205379084  9.98352789221  9.98517523607  9.98698023577  9.98892518353  9.99099035244  9.99315417287  9.99539348498  9.99768386299 10.00000000000
 10.00000000000  9.99655794991  9.99315417288  9.98982627090  9.98661053822  9.98354138987  9.98065088028  9.97796832793  9.97552005314  9.97332922605  9.97141581376  9.96979660877  9.96848531637  9.96749267654  9.96682659618  9.96649226961  9.96649226961  9.96682659617  9.96749267653  9.96848531635  9.96979660874  9.97141581374  9.97332922603  9.97552005311  9.97796832790  9.98065088025  9.98354138985  9.98661053820  9.98982627088  9.99315417287  9.99655794991 10.00000000000
 10.00000000000  9.99546999799  9.99099035245  9.98661053822  9.98237831184  9.97833896059  9.97453466948  9.97100402746  9.96778168199  9.96489813828  9.96237968863  9.96024844869  9.95852247114  9.95721590478  9.95633916742  9.95589910357  9.95589910356  9.95633916741  9.95721590476  9.95852247111  9.96024844866  9.96237968859  9.96489813824  9.96778168196  9.97100402742  9.97453466944  9.97833896056  9.98237831181  9.98661053819  9.99099035244  9.99546999798 10.00000000000
 10.00000000000  9.99443165256  9.98892518354  9.98354138987  9.97833896059  9.97337355525  9.96869702666  9.96435681430  9.96039551909  9.95685065560  9.95375456372  9.95113445128  9.94901253187  9.94740621851  9.94632833439  9.94578730535  9.94578730535  9.94632833437  9.94740621849  9.94901253184  9.95113445125  9.95375456368  9.95685065556  9.96039551904  9.96435681425  9.96869702662  9.97337355521  9.97833896056  9.98354138985  9.98892518352  9.99443165255 10.00000000000
 10.00000000000  9.99345375889  9.98698023579  9.98065088028  9.97453466948  9.96869702666  9.96319890874  9.95809609337  9.95343867852  9.94927078971  9.94563047409  9.94254974816  9.94005475714  9.93816600010  9.93689857543  9.93626240531  9.93626240530  9.93689857542  9.93816600007  9.94005475710  9.94254974812  9.94563047404  9.94927078966  9.95343867847  9.95809609331  9.96319890868  9.96869702661  9.97453466944  9.98065088025  9.98698023577  9.99345375888 10.00000000000
 10.00000000000  9.99254623516  9.98517523609  9.97796832793  9.97100402746  9.96435681430  9.95809609337  9.95228538354  9.94698174709  9.94223545458  9.93808986182  9.93458146116  9.93174005975  9.92958903283  9.92814560034  9.92742108030  9.92742108029  9.92814560033  9.92958903279  9.93174005971  9.93458146111  9.93808986176  9.94223545452  9.94698174703  9.95228538348  9.95809609331  9.96435681424  9.97100402741  9.97796832789  9.98517523607  9.99254623515 10.00000000000
 10.00000000000  9.99171798384  9.98352789223  9.97552005314  9.96778168199  9.96039551909  9.95343867852  9.94698174709  9.94108814950  9.93581377402  9.93120683297  9.92730791626  9.92415018584  9.92175965351  9.92015548516  9.91935027959  9.91935027959  9.92015548514  9.92175965347  9.92415018579  9.92730791620  9.93120683290  9.93581377395  9.94108814943  9.94698174702  9.95343867846  9.96039551903  9.96778168194  9.97552005310  9.98352789220  9.99171798382 10.00000000000
 10.00000000000  9.99097684048  9.98205379086  9.97332922605  9.96489813828  9.95685065560  9.94927078971  9.94223545458  9.93581377402  9.93006667170  9.92504671609  9.92079817515  9.91735722424  9.91475224496  9.91300415322  9.91212670016  9.91212670015  9.91300415320  9.91475224493  9.91735722419  9.92079817509  9.92504671602  9.93006667162  9.93581377394  9.94223545451  9.94927078964  9.95685065554  9.96489813822  9.97332922601  9.98205379083  9.99097684046 10.00000000000
 10.00000000000  9.99032955614  9.98076636236  9.97141581376  9.96237968863  9.95375456372  9.94563047409  9.93808986182  9.93120683297  9.92504671609  9.91966589292  9.91511185333  9.91142341413  9.90863103550  9.90675716909  9.90581657771  9.90581657770  9.90675716906  9.90863103546  9.91142341407  9.91511185327  9.91966589285  9.92504671601  9.93120683289  9.93808986174  9.94563047401  9.95375456365  9.96237968857  9.97141581372  9.98076636232  9.99032955612 10.00000000000
 10.00000000000  9.98978180742  9.97967690041  9.96979660877  9.96024844869  9.95113445128  9.94254974816  9.93458146116  9.92730791626  9.92079817515  9.91511185333  9.91029917466  9.90640119879  9.90345015180  9.90146979068  9.90047573850  9.90047573849  9.90146979066  9.90345015175  9.90640119873  9.91029917459  9.91511185326  9.92079817506  9.92730791617  9.93458146107  9.94254974808  9.95113445121  9.96024844863  9.96979660872  9.97967690037  9.98978180740 10.00000000000
 10.00000000000  9.98933822642  9.97879462134  9.96848531637  9.95852247114  9.94901253187  9.94005475714  9.93174005975  9.92415018584  9.91735722424  9.91142341413  9.90640119879  9.90233345955  9.89925385752  9.89718721093  9.89614984237  9.89614984236  9.89718721090  9.89925385748  9.90233345949  9.90640119871  9.91142341405  9.91735722415  9.92415018575  9.93174005966  9.94005475705  9.94901253180  9.95852247107  9.96848531631  9.97879462130  9.98933822641 10.00000000000
 10.00000000000  9.98900244240  9.97812674662  9.96749267654  9.95721590478  9.94740621851  9.93816600010  9.92958903283  9.92175965351  9.91475224496  9.90863103550  9.90345015180  9.89925385752  9.89607690317  9.89394491282  9.89287474048  9.89287474047  9.89394491279  9.89607690312  9.89925385746  9.90345015172  9.90863103542  9.91475224487  9.92175965341  9.92958903273  9.93816600001  9.94740621843  9.95721590471  9.96749267649  9.97812674659  9.98900244238 10.00000000000
 10.00000000000  9.98877712683  9.97767859227  9.96682659618  9.95633916742  9.94632833439  9.93689857543  9.92814560034  9.92015548516  9.91300415322  9.90675716909  9.90146979068  9.89718721093  9.89394491282  9.89176906248  9.89067687139  9.89067687139  9.89176906245  9.89394491277  9.89718721087  9.90146979061  9.90675716900  9.91300415313  9.92015548506  9.92814560025  9.93689857534  9.94632833430  9.95633916735  9.96682659613  9.97767859223  9.98877712681 10.00000000000
 10.00000000000  9.98866403449  9.97745365032  9.96649226961  9.95589910357  9.94578730535  9.93626240531  9.92742108030  9.91935027959  9.91212670016  9.90581657771  9.90047573850  9.89614984237  9.89287474048  9.89067687139  9.88957362632  9.88957362631  9.89067687137  9.89287474043  9.89614984231  9.90047573842  9.90581657762  9.91212670006  9.91935027950  9.92742108020  9.93626240522  9.94578730527  9.95589910350  9.96649226955  9.97745365028  9.98866403447 10.00000000000
 10.00000000000  9.98866403449  9.97745365032  9.96649226961  9.95589910356  9.94578730535  9.93626240530  9.92742108029  9.91935027959  9.91212670015  9.90581657770  9.90047573849  9.89614984236  9.89287474047  9.89067687139  9.88957362631  9.88957362630  9.89067687136  9.89287474042  9.89614984230  9.90047573841  9.90581657761  9.91212670006  9.91935027949  9.92742108020  9.93626240521  9.94578730527  9.95589910349  9.96649226955  9.97745365028  9.98866403447 10.00000000000
 10.00000000000  9.98877712682  9.97767859226  9.96682659617  9.95633916741  9.94632833437  9.93689857542  9.92814560033  9.92015548514  9.91300415320  9.90675716906  9.90146979066  9.89718721090  9.89394491279  9.89176906245  9.89067687137  9.89067687136  9.89176906242  9.89394491274  9.89718721084  9.90146979058  9.90675716898  9.91300415311  9.92015548504  9.92814560023  9.93689857533  9.94632833429  9.95633916734  9.96682659612  9.97767859223  9.98877712680 10.00000000000
 10.00000000000  9.98900244240  9.97812674661  9.96749267653  9.95721590476  9.94740621849  9.93816600007  9.92958903279  9.92175965347  9.91475224493  9.90863103546  9.90345015175  9.89925385748  9.89607690312  9.89394491277  9.89287474043  9.89287474042  9.89394491274  9.89607690308  9.89925385742  9.90345015168  9.90863103538  9.91475224484  9.92175965338  9.92958903270  9.93816599998  9.94740621841  9.95721590469  9.96749267648  9.97812674658  9.98900244238 10.00000000000
