
 10.00000000000 10.00000000000 10.00000000000 10.00000000000 10.00000000000 10.00000000000 10.00000000000 10.00000000000 10.00000000000 10.00000000000 10.00000000000 10.00000000000 10.00000000000 10.00000000000 10.00000000000 10.00000000000 10.00000000000 10.00000000000 10.00000000000 10.00000000000 10.00000000000 10.00000000000 10.00000000000 10.00000000000 10.00000000000 10.00000000000 10.00000000000 10.00000000000 10.00000000000 10.00000000000 10.00000000000 10.00000000000
 10.00000000000 10.00000000000 10.00000000000 10.00000000000 10.00000000000 10.00000000000 10.00000000000 10.00000000000 10.00000000000 10.00000000000 10.00000000000 10.00000000000 10.00000000000 10.00000000000 10.00000000000 10.00000000000 10.00000000000 10.00000000000 10.00000000000 10.00000000000 10.00000000000 10.00000000000 10.00000000000 10.00000000000 10.00000000000 10.00000000000 10.00000000000 10.00000000000 10.00000000000 10.00000000000 10.00000000000 10.00000000000
 10.00000000000 10.00000000000 10.00000000000 10.00000000000 10.00000000000 10.00000000000 10.00000000000 10.00000000000 10.00000000000 10.00000000000 10.00000000000 10.00000000000 10.00000000000 10.00000000000 10.00000000000 10.00000000000 10.00000000000 10.00000000000 10.00000000000 10.00000000000 10.00000000000 10.00000000000 10.00000000000 10.00000000000 10.00000000000 10.00000000000 10.00000000000 10.00000000000 10.00000000000 10.00000000000 10.00000000000 10.00000000000
 10.00000000000 10.00000000000 10.00000000000 10.00000000000 10.00000000000 10.00000000000 10.00000000000 10.00000000000 10.00000000000 10.00000000000 10.00000000000 10.00000000000 10.00000000000 10.00000000000 10.00000000000 10.00000000000 10.00000000000 10.00000000000 10.00000000000 10.00000000000 10.00000000000 10.00000000000 10.00000000000 10.00000000000 10.00000000000 10.00000000000 10.00000000000 10.00000000000 10.00000000000 10.00000000000 10.00000000000 10.00000000000
 10.00000000000 10.00000000000 10.00000000000 10.00000000000 10.00000000000 10.00000000000 10.00000000000 10.00000000000 10.00000000000 10.00000000000 10.00000000000 10.00000000000 10.00000000000 10.00000000000 10.00000000000 10.00000000000 10.00000000000 10.00000000000 10.00000000000 10.00000000000 10.00000000000 10.00000000000 10.00000000000 10.00000000000 10.00000000000 10.00000000000 10.00000000000 10.00000000000 10.00000000000 10.00000000000 10.00000000000 10.00000000000
 10.00000000000 10.00000000000 10.00000000000 10.00000000000 10.00000000000 10.00000000000 10.00000000000 10.00000000000 10.00000000000 10.00000000000 10.00000000000 10.00000000000 10.00000000000 10.00000000000 10.00000000000 10.00000000000 10.00000000000 10.00000000000 10.00000000000 10.00000000000 10.00000000000 10.00000000000 10.00000000000 10.00000000000 10.00000000000 10.00000000000 10.00000000000 10.00000000000 10.00000000000 10.00000000000 10.00000000000 10.00000000000
 10.00000000000 10.00000000000 10.00000000000 10.00000000000 10.00000000000 10.00000000000 10.00000000000 10.00000000000 10.00000000000 10.00000000000 10.00000000000 10.00000000000 10.00000000000 10.00000000000 10.00000000000 10.00000000000 10.00000000000 10.00000000000 10.00000000000 10.00000000000 10.00000000000 10.00000000000 10.00000000000 10.00000000000 10.00000000000 10.00000000000 10.00000000000 10.00000000000 10.00000000000 10.00000000000 10.00000000000 10.00000000000
 10.00000000000 10.00000000000 10.00000000000 10.00000000000 10.00000000000 10.00000000000 10.00000000000 10.00000000000 10.00000000000 10.00000000000 10.00000000000 10.00000000000 10.00000000000 10.00000000000 10.00000000000 10.00000000000 10.00000000000 10.00000000000 10.00000000000 10.00000000000 10.00000000000 10.00000000000 10.00000000000 10.00000000000 10.00000000000 10.00000000000 10.00000000000 10.00000000000 10.00000000000 10.00000000000 10.00000000000 10.00000000000
 10.00000000000 10.00000000000 10.00000000000 10.00000000000 10.00000000000 10.00000000000 10.00000000000 10.00000000000 10.00000000000 10.00000000000 10.00000000000 10.00000000000 10.00000000000 10.00000000000 10.00000000000 10.00000000000 10.00000000000 10.00000000000 10.00000000000 10.00000000000 10.00000000000 10.00000000000 10.00000000000 10.00000000000 10.00000000000 10.00000000000 10.00000000000 10.00000000000 10.00000000000 10.00000000000 10.00000000000 10.00000000000
 10.00000000000 10.00000000000 10.00000000000 10.00000000000 10.00000000000 10.00000000000 10.00000000000 10.00000000000 10.00000000000 10.00000000000 10.00000000000 10.00000000000 10.00000000000 10.00000000000 10.00000000000 10.00000000000 10.00000000000 10.00000000000 10.00000000000 10.00000000000 10.00000000000 10.00000000000 10.00000000000 10.00000000000 10.00000000000 10.00000000000 10.00000000000 10.00000000000 10.00000000000 10.00000000000 10.00000000000 10.00000000000
 10.00000000000 10.00000000000 10.00000000000 10.00000000000 10.00000000000 10.00000000000 10.00000000000 10.00000000000 10.00000000000 10.00000000000 10.00000000000 10.00000000000 10.00000000000 10.00000000000 10.00000000000 10.00000000000 10.00000000000 10.00000000000 10.00000000000 10.00000000000 10.00000000000 10.00000000000 10.00000000000 10.00000000000 10.00000000000 10.00000000000 10.00000000000 10.00000000000 10.00000000000 10.00000000000 10.00000000000 10.00000000000
 10.00000000000 10.00000000000 10.00000000000 10.00000000000 10.00000000000 10.00000000000 10.00000000000 10.00000000000 10.00000000000 10.00000000000 10.00000000000 10.00000000000 10.00000000000 10.00000000000 10.00000000000 10.00000000000 10.00000000000 10.00000000000 10.00000000000 10.00000000000 10.00000000000 10.00000000000 10.00000000000 10.00000000000 10.00000000000 10.00000000000 10.00000000000 10.00000000000 10.00000000000 10.00000000000 10.00000000000 10.00000000000
 10.00000000000 10.00000000000 10.00000000000 10.00000000000 10.00000000000 10.00000000000 10.00000000000 10.00000000000 10.00000000000 10.00000000000 10.00000000000 10.00000000000 10.00000000000 10.00000000000 10.00000000000 10.00000000000 10.00000000000 10.00000000000 10.00000000000 10.00000000000 10.00000000000 10.00000000000 10.00000000000 10.00000000000 10.00000000000 10.00000000000 10.00000000000 10.00000000000 10.00000000000 10.00000000000 10.00000000000 10.00000000000
 10.00000000000 10.00000000000 10.00000000000 10.00000000000 10.00000000000 10.00000000000 10.00000000000 10.00000000000 10.00000000000 10.00000000000 10.00000000000 10.00000000000 10.00000000000 10.00000000000 10.00000000000 10.00000000000 10.00000000000 10.00000000000 10.00000000000 10.00000000000 10.00000000000 10.00000000000 10.00000000000 10.00000000000 10.00000000000 10.00000000000 10.00000000000 10.00000000000 10.00000000000 10.00000000000 10.00000000000 10.00000000000
 10.00000000000 10.00000000000 10.00000000000 10.00000000000 10.00000000000 10.00000000000 10.00000000000 10.00000000000 10.00000000000 10.00000000000 10.00000000000 10.00000000000 10.00000000000 10.00000000000 10.00000000000 10.00000000000 10.00000000000 10.00000000000 10.00000000000 10.00000000000 10.00000000000 10.00000000000 10.00000000000 10.00000000000 10.00000000000 10.00000000000 10.00000000000 10.00000000000 10.00000000000 10.00000000000 10.00000000000 10.00000000000
 10.00000000000 10.00000000000 10.00000000000 10.00000000000 10.00000000000 10.00000000000 10.00000000000 10.00000000000 10.00000000000 10.00000000000 10.00000000000 10.00000000000 10.00000000000 10.00000000000 10.00000000000 10.00000000000 10.00000000000 10.00000000000 10.00000000000 10.00000000000 10.00000000000 10.00000000000 10.00000000000 10.00000000000 10.00000000000 10.00000000000 10.00000000000 10.00000000000 10.00000000000 10.00000000000 10.00000000000 10.00000000000
 10.00000000000 10.00000000000 10.00000000000 10.00000000000 10.00000000000 10.00000000000 10.00000000000 10.00000000000 10.00000000000 10.00000000000 10.00000000000 10.00000000000 10.00000000000 10.00000000000 10.00000000000 10.00000000000 10.00000000000 10.00000000000 10.00000000000 10.00000000000 10.00000000000 10.00000000000 10.00000000000 10.00000000000 10.00000000000 10.00000000000 10.00000000000 10.00000000000 10.00000000000 10.00000000000 10.00000000000 10.00000000000
 10.00000000000 10.00000000000 10.00000000000 10.00000000000 10.00000000000 10.00000000000 10.00000000000 10.00000000000 10.00000000000 10.00000000000 10.00000000000 10.00000000000 10.00000000000 10.00000000000 10.00000000000 10.00000000000 10.00000000000 10.00000000000 10.00000000000 10.00000000000 10.00000000000 10.00000000000 10.00000000000 10.00000000000 10.00000000000 10.00000000000 10.00000000000 10.00000000000 10.00000000000 10.00000000000 10.00000000000 10.00000000000
 10.00000000000 10.00000000000 10.00000000000 10.00000000000 10.00000000000 10.00000000000 10.00000000000 10.00000000000 10.00000000000 10.00000000000 10.00000000000 10.00000000000 10.00000000000 10.00000000000 10.00000000000 10.00000000000 10.00000000000 10.00000000000 10.00000000000 10.00000000000 10.00000000000 10.00000000000 10.00000000000 10.00000000000 10.00000000000 10.00000000000 10.00000000000 10.00000000000 10.00000000000 10.00000000000 10.00000000000 10.00000000000
 10.00000000000 10.00000000000 10.00000000000 10.00000000000 10.00000000000 10.00000000000 10.00000000000 10.00000000000 10.00000000000 10.00000000000 10.00000000000 10.00000000000 10.00000000000 10.00000000000 10.00000000000 10.00000000000 10.00000000000 10.00000000000 10.00000000000 10.00000000000 10.00000000000 10.00000000000 10.00000000000 10.00000000000 10.00000000000 10.00000000000 10.00000000000 10.00000000000 10.00000000000 10.00000000000 10.00000000000 10.00000000000
 10.00000000000 10.00000000000 10.00000000000 10.00000000000 10.00000000000 10.00000000000 10.00000000000 10.00000000000 10.00000000000 10.00000000000 10.00000000000 10.00000000000 10.00000000000 10.00000000000 10.00000000000 10.00000000000 10.00000000000 10.00000000000 10.00000000000 10.00000000000 10.00000000000 10.00000000000 10.00000000000 10.00000000000 10.00000000000 10.00000000000 10.00000000000 10.00000000000 10.00000000000 10.00000000000 10.00000000000 10.00000000000
 10.00000000000 10.00000000000 10.00000000000 10.00000000000 10.00000000000 10.00000000000 10.00000000000 10.00000000000 10.00000000000 10.00000000000 10.00000000000 10.00000000000 10.00000000000 10.00000000000 10.00000000000 10.00000000000 10.00000000000 10.00000000000 10.00000000000 10.00000000000 10.00000000000 10.00000000000 10.00000000000 10.00000000000 10.00000000000 10.00000000000 10.00000000000 10.00000000000 10.00000000000 10.00000000000 10.00000000000 10.00000000000
 10.00000000000 10.00000000000 10.00000000000 10.00000000000 10.00000000000 10.00000000000 10.00000000000 10.00000000000 10.00000000000 10.00000000000 10.00000000000 10.00000000000 10.00000000000 10.00000000000 10.00000000000 10.00000000000 10.00000000000 10.00000000000 10.00000000000 10.00000000000 10.00000000000 10.00000000000 10.00000000000 10.00000000000 10.00000000000 10.00000000000 10.00000000000 10.00000000000 10.00000000000 10.00000000000 10.00000000000 10.00000000000
 10.00000000000 10.00000000000 10.00000000000 10.00000000000 10.00000000000 10.00000000000 10.00000000000 10.00000000000 10.00000000000 10.00000000000 10.00000000000 10.00000000000 10.00000000000 10.00000000000 10.00000000000 10.00000000000 10.00000000000 10.00000000000 10.00000000000 10.00000000000 10.00000000000 10.00000000000 10.00000000000 10.00000000000 10.00000000000 10.00000000000 10.00000000000 10.00000000000 10.00000000000 10.00000000000 10.00000000000 10.00000000000
 10.00000000000 10.00000000000 10.00000000000 10.00000000000 10.00000000000 10.00000000000 10.00000000000 10.00000000000 10.00000000000 10.00000000000 10.00000000000 10.00000000000 10.00000000000 10.00000000000 10.00000000000 10.00000000000 10.00000000000 10.00000000000 10.00000000000 10.00000000000 10.00000000000 10.00000000000 10.00000000000 10.00000000000 10.00000000000 10.00000000000 10.00000000000 10.00000000000 10.00000000000 10.00000000000 10.00000000000 10.00000000000
 10.00000000000 10.00000000000 10.00000000000 10.00000000000 10.00000000000 10.00000000000 10.00000000000 10.00000000000 10.00000000000 10.00000000000 10.00000000000 10.00000000000 10.00000000000 10.00000000000 10.00000000000 10.00000000000 10.00000000000 10.00000000000 10.00000000000 10.00000000000 10.00000000000 10.00000000000 10.00000000000 10.00000000000 10.00000000000 10.00000000000 10.00000000000 10.00000000000 10.00000000000 10.00000000000 10.00000000000 10.00000000000
 10.00000000000 10.00000000000 10.00000000000 10.00000000000 10.00000000000 10.00000000000 10.00000000000 10.00000000000 10.00000000000 10.00000000000 10.00000000000 10.00000000000 10.00000000000 10.00000000000 10.00000000000 10.00000000000 10.00000000000 10.00000000000 10.00000000000 10.00000000000 10.00000000000 10.00000000000 10.00000000000 10.00000000000 10.00000000000 10.00000000000 10.00000000000 10.00000000000 10.00000000000 10.00000000000 10.00000000000 10.00000000000
 10.00000000000 10.00000000000 10.00000000000 10.00000000000 10.00000000000 10.00000000000 10.00000000000 10.00000000000 10.00000000000 10.00000000000 10.00000000000 10.00000000000 10.00000000000 10.00000000000 10.00000000000 10.00000000000 10.00000000000 10.00000000000 10.00000000000 10.00000000000 10.00000000000 10.00000000000 10.00000000000 10.00000000000 10.00000000000 10.00000000000 10.00000000000 10.00000000000 10.00000000000 10.00000000000 10.00000000000 10.00000000000
 10.00000000000 10.00000000000 10.00000000000 10.00000000000 10.00000000000 10.00000000000 10.00000000000 10.00000000000 10.00000000000 10.00000000000 10.00000000000 10.00000000000 10.00000000000 10.00000000000 10.00000000000 10.00000000000 10.00000000000 10.00000000000 10.00000000000 10.00000000000 10.00000000000 10.00000000000 10.00000000000 10.00000000000 10.00000000000 10.00000000000 10.00000000000 10.00000000000 10.00000000000 10.00000000000 10.00000000000 10.00000000000
 10.00000000000 10.00000000000 10.00000000000 10.00000000000 10.00000000000 10.00000000000 10.00000000000 10.00000000000 10.00000000000 10.00000000000 10.00000000000 10.00000000000 10.00000000000 10.00000000000 10.00000000000 10.00000000000 10.00000000000 10.00000000000 10.00000000000 10.00000000000 10.00000000000 10.00000000000 10.00000000000 10.00000000000 10.00000000000 10.00000000000 10.00000000000 10.00000000000 10.00000000000 10.00000000000 10.00000000000 10.00000000000
 10.00000000000 10.00000000000 10.00000000000 10.00000000000 10.00000000000 10.00000000000 10.00000000000 10.00000000000 10.00000000000 10.00000000000 10.00000000000 10.00000000000 10.00000000000 10.00000000000 10.00000000000 10.00000000000 10.00000000000 10.00000000000 10.00000000000 10.00000000000 10.00000000000 10.00000000000 10.00000000000 10.00000000000 10.00000000000 10.00000000000 10.00000000000 10.00000000000 10.00000000000 10.00000000000 10.00000000000 10.00000000000
 10.00000000000 10.00000000000 10.00000000000 10.00000000000 10.00000000000 10.00000000000 10.00000000000 10.00000000000 10.00000000000 10.00000000000 10.00000000000 10.00000000000 10.00000000000 10.00000000000 10.00000000000 10.00000000000 10.00000000000 10.00000000000 10.00000000000 10.00000000000 10.00000000000 10.00000000000 10.00000000000 10.00000000000 10.00000000000 10.00000000000 10.00000000000 10.00000000000 10.00000000000 10.00000000000 10.00000000000 10.00000000000

 10.00000000000 10.00000000000 10.00000000000 10.00000000000 10.00000000000 10.00000000000 10.00000000000 10.00000000000 10.00000000000 10.00000000000 10.00000000000 10.00000000000 10.00000000000 10.00000000000 10.00000000000 10.00000000000 10.00000000000 10.00000000000 10.00000000000 10.00000000000 10.00000000000 10.00000000000 10.00000000000 10.00000000000 10.00000000000 10.00000000000 10.00000000000 10.00000000000 10.00000000000 10.00000000000 10.00000000000 10.00000000000
 10.00000000000  9.99231581127  9.98473749926  9.97736734096  9.97030068831  9.96362316537  9.95740858627  9.95171772460  9.94659798576  9.94208395228  9.93819869522  9.93495568011  9.93236104886  9.93041603320  9.92911925177  9.92846866160  9.92846297299  9.92910239088  9.93038861094  9.93232406994  9.93491052097  9.93814706993  9.94202786416  9.94653966328  9.95165954113  9.95735296532  9.96357247469  9.97025712827  9.97733283421  9.98471358941  9.99230357840 10.00000000000
 10.00000000000  9.98473749926  9.96968529551  9.95504653566  9.94101061145  9.92774759224  9.91540408954  9.90410081261  9.89393191777  9.88496609160  9.87724915583  9.87080785319  9.86565438005  9.86179118024  9.85921550783  9.85792330344  9.85791200463  9.85918201840  9.86173671359  9.86558093173  9.87071815711  9.87714661647  9.88485468801  9.89381607616  9.90398524704  9.91529361365  9.92764690891  9.94092409117  9.95497799728  9.96963780500  9.98471320193 10.00000000000
 10.00000000000  9.97736734096  9.95504653566  9.93333883442  9.91252508904  9.89285749671  9.87455346730  9.85779199845  9.84271271077  9.82941745431  9.81797417181  9.80842251312  9.80078055728  9.79505192187  9.79123252958  9.78931635692  9.78929960200  9.79118286842  9.79497115374  9.80067164134  9.80828950338  9.81782211671  9.82925225433  9.84254092948  9.85762062632  9.87438964249  9.89270819318  9.91239678783  9.93323719856  9.95497611173  9.97733131031 10.00000000000
 10.00000000000  9.97030068831  9.94101061145  9.91252508904  9.88521267113  9.85940430348  9.83538527955  9.81339048359  9.79360312467  9.77615684527  9.76114079134  9.74860698080  9.73857912537  9.73106196081  9.72605012726  9.72353571361  9.72351372734  9.72598496045  9.73095597450  9.73843620255  9.74843244117  9.76094125954  9.77594006401  9.79337770688  9.81316560240  9.83517030196  9.85920838106  9.88504430866  9.91239171790  9.94091819795  9.97025340722 10.00000000000
 10.00000000000  9.96362316537  9.92774759224  9.89285749671  9.85940430348  9.82779337398  9.79837414812  9.77143431752  9.74719827512  9.72582969850  9.70743776100  9.69208615819  9.67980391486  9.67059681455  9.66445827805  9.66137860529  9.66135167582  9.66437845970  9.67046699908  9.67962885816  9.69187237588  9.70719336703  9.72556417632  9.74692217410  9.77115887328  9.79811083381  9.82755339895  9.85919808491  9.89269413706  9.92763439947  9.96356525305 10.00000000000
 10.00000000000  9.95740858627  9.91540408954  9.87455346730  9.83538527955  9.79837414812  9.76392921316  9.73238731062  9.70401115715  9.67899237574  9.65745876927  9.63948489102  9.62510469985  9.61432494458  9.60713790289  9.60353220377  9.60350067396  9.60704444917  9.61417295261  9.62489973782  9.63923458742  9.65717262401  9.67868149221  9.70368788687  9.73206480870  9.76362091291  9.79809317407  9.83514382879  9.87436219762  9.91527155765  9.95734077952 10.00000000000
 10.00000000000  9.95171772460  9.90410081261  9.85779199845  9.81339048359  9.77143431752  9.73238731062  9.69663129951  9.66446408984  9.63610288719  9.61169254434  9.59131754634  9.57501635927  9.56279660555  9.55464950745  9.55056215759  9.55052641534  9.55454356808  9.56262430694  9.57478401331  9.59103380050  9.61136816754  9.63575046615  9.66409762626  9.69626570617  9.73203781581  9.77111579960  9.81311676964  9.85757517060  9.90395057117  9.95164085714 10.00000000000
 10.00000000000  9.94659798576  9.89393191777  9.84271271077  9.79360312467  9.74719827512  9.70401115715  9.66446408984  9.62888644131  9.59751842472  9.57052022208  9.54798524283  9.52995599705  9.51644088297  9.50743016486  9.50290954707  9.50287001544  9.50731299380  9.51625031707  9.52969901718  9.54767141300  9.57016145271  9.59712863685  9.62848112108  9.66405973123  9.70362460325  9.74684598210  9.79330038605  9.84247289012  9.89376574430  9.94651296700 10.00000000000
 10.00000000000  9.94208395228  9.88496609160  9.82941745431  9.77615684527  9.72582969850  9.67899237574  9.63610288719  9.59751842472  9.56349948005  9.53421974203  9.50978047878  9.49022775594  9.47557064640  9.46579856195  9.46089597724  9.46085310498  9.46567148924  9.47536397637  9.48994905911  9.50944012713  9.53383065221  9.56307674939  9.59707884802  9.63566435241  9.67857314962  9.72544762832  9.77582851746  9.82915736231  9.88478587177  9.94199174698 10.00000000000
 10.00000000000  9.93819869522  9.87724915583  9.81797417181  9.76114079134  9.70743776100  9.65745876927  9.61169254434  9.57052022208  9.53421974203  9.50297641081  9.47689825206  9.45603438300  9.44039444916  9.42996712179  9.42473581226  9.42469006525  9.42983152831  9.44017392081  9.45573699771  9.47653507698  9.50256122849  9.53376866198  9.57005116526  9.61122459833  9.65701142600  9.70703006492  9.76079044164  9.81769663432  9.87705684770  9.93810030516 10.00000000000
 10.00000000000  9.93495568011  9.87080785319  9.80842251312  9.74860698080  9.69208615819  9.63948489102  9.59131754634  9.54798524283  9.50978047878  9.47689825206  9.44945221829  9.42749403488  9.41103381885  9.40005961793  9.39455395204  9.39450580620  9.39991691428  9.41080172638  9.42718105484  9.44906999792  9.47646129640  9.50930574192  9.54749158544  9.59082505708  9.63901408422  9.69165707739  9.74823825380  9.80813041729  9.87060545728  9.93485212881 10.00000000000
 10.00000000000  9.93236104886  9.86565438005  9.80078055728  9.73857912537  9.67980391486  9.62510469985  9.57501635927  9.52995599705  9.49022775594  9.45603438300  9.42749403488  9.40466039627  9.38754395673  9.37613226116  9.37040711341  9.37035704922  9.37598387153  9.38730261645  9.40433494510  9.42709658389  9.45558001498  9.48973410036  9.52944266610  9.57450424215  9.62461512856  9.67935773195  9.73819570133  9.80047681854  9.86544391649  9.93225336988 10.00000000000
 10.00000000000  9.93041603320  9.86179118024  9.79505192187  9.73106196081  9.67059681455  9.61432494458  9.56279660555  9.51644088297  9.47557064640  9.44039444916  9.41103381885  9.38754395673  9.36993562863  9.35819600003  9.35230633619  9.35225483509  9.35804335136  9.36968736132  9.38720916409  9.41062495937  9.43992703833  9.47506281961  9.51591281530  9.56226978586  9.61382131736  9.67013782090  9.73066752756  9.79473946165  9.86157467335  9.93030526225 10.00000000000
 10.00000000000  9.92911925177  9.85921550783  9.79123252958  9.72605012726  9.66445827805  9.60713790289  9.55464950745  9.50743016486  9.46579856195  9.42996712179  9.40005961793  9.37613226116  9.35819600003  9.34623774580  9.34023840372  9.34018594609  9.34608226193  9.35794312146  9.37579124997  9.39964316387  9.42949102840  9.46528130139  9.50689228691  9.55411290018  9.60662491853  9.66399075616  9.72564836503  9.79091426335  9.85899497781  9.92900642244 10.00000000000
 10.00000000000  9.92846866160  9.85792330344  9.78931635692  9.72353571361  9.66137860529  9.60353220377  9.55056215759  9.50290954707  9.46089597724  9.42473581226  9.39455395204  9.37040711341  9.35230633619  9.34023840372  9.33418404038  9.33413110500  9.34008150383  9.35205115455  9.37006299639  9.39413370488  9.42425538238  9.46037400499  9.50236676937  9.55002066189  9.60301454595  9.66090682392  9.72313029089  9.78899519083  9.85770076404  9.92835480419 10.00000000000
 10.00000000000  9.92846297299  9.85791200463  9.78929960200  9.72351372734  9.66135167582  9.60350067396  9.55052641534  9.50287001544  9.46085310498  9.42469006525  9.39450580620  9.37035704922  9.35225483509  9.34018594609  9.33413110500  9.33407816963  9.34002904620  9.35199965346  9.37001293221  9.39408555904  9.42420963537  9.46033113273  9.50232723774  9.54998491964  9.60298301614  9.66087989445  9.72310830462  9.78897843592  9.85768946522  9.92834911559 10.00000000000
 10.00000000000  9.92910239088  9.85918201840  9.79118286842  9.72598496045  9.66437845970  9.60704444917  9.55454356808  9.50731299380  9.46567148924  9.42983152831  9.39991691428  9.37598387153  9.35804335136  9.34608226193  9.34008150383  9.34002904620  9.34592677807  9.35779047280  9.37564286034  9.39950046022  9.42935543492  9.46515422868  9.50677511585  9.55400696082  9.60653146481  9.66391093780  9.72558319823  9.79086460218  9.85896148838  9.92898956155 10.00000000000
 10.00000000000  9.93038861094  9.86173671359  9.79497115374  9.73095597450  9.67046699908  9.61417295261  9.56262430694  9.51625031707  9.47536397637  9.44017392081  9.41080172638  9.38730261645  9.36968736132  9.35794312146  9.35205115455  9.35199965346  9.35779047280  9.36943909402  9.38696782380  9.41039286690  9.43970650998  9.47485614958  9.51572224940  9.56209748725  9.61366932539  9.67000800543  9.73056154125  9.79465869352  9.86152020670  9.93027783999 10.00000000000
 10.00000000000  9.93232406994  9.86558093173  9.80067164134  9.73843620255  9.67962885816  9.62489973782  9.57478401331  9.52969901718  9.48994905911  9.45573699771  9.42718105484  9.40433494510  9.38720916409  9.37579124997  9.37006299639  9.37001293221  9.37564286034  9.38696782380  9.40400949392  9.42678360386  9.45528262968  9.48945540354  9.52918568623  9.57427189619  9.62441016653  9.67918267526  9.73805277851  9.80036790259  9.86537046817  9.93221639096 10.00000000000
 10.00000000000  9.93491052097  9.87071815711  9.80828950338  9.74843244117  9.69187237588  9.63923458742  9.59103380050  9.54767141300  9.50944012713  9.47653507698  9.44906999792  9.42709658389  9.41062495937  9.39964316387  9.39413370488  9.39408555904  9.39950046022  9.41039286690  9.42678360386  9.44868777756  9.47609812132  9.50896539026  9.54717775562  9.59054131124  9.63876378062  9.69144329509  9.74806371417  9.80799740755  9.87051576120  9.93480696967 10.00000000000
 10.00000000000  9.93814706993  9.87714661647  9.81782211671  9.76094125954  9.70719336703  9.65717262401  9.61136816754  9.57016145271  9.53383065221  9.50256122849  9.47646129640  9.45558001498  9.43992703833  9.42949102840  9.42425538238  9.42420963537  9.42935543492  9.43970650998  9.45528262968  9.47609812132  9.50214604618  9.53337957216  9.56969239588  9.61090022152  9.65672528073  9.70678567096  9.76059090984  9.81754457923  9.87695430834  9.93804867986 10.00000000000
 10.00000000000  9.94202786416  9.88485468801  9.82925225433  9.77594006401  9.72556417632  9.67868149221  9.63575046615  9.59712863685  9.56307674939  9.53376866198  9.50930574192  9.48973410036  9.47506281961  9.46528130139  9.46037400499  9.46033113273  9.46515422868  9.47485614958  9.48945540354  9.50896539026  9.53337957216  9.56265401872  9.59668906014  9.63531193137  9.67826226610  9.72518210615  9.77561173620  9.82899216233  9.88467446818  9.94193565886 10.00000000000
 10.00000000000  9.94653966328  9.89381607616  9.84254092948  9.79337770688  9.74692217410  9.70368788687  9.66409762626  9.62848112108  9.59707884802  9.57005116526  9.54749158544  9.52944266610  9.51591281530  9.50689228691  9.50236676937  9.50232723774  9.50677511585  9.51572224940  9.52918568623  9.54717775562  9.56969239588  9.59668906014  9.62807580085  9.66369326765  9.70330133297  9.74656988108  9.79307496825  9.84230110883  9.89364990268  9.94645464452 10.00000000000
 10.00000000000  9.95165954113  9.90398524704  9.85762062632  9.81316560240  9.77115887328  9.73206480870  9.69626570617  9.66405973123  9.63566435241  9.61122459833  9.59082505708  9.57450424215  9.56226978586  9.55411290018  9.55002066189  9.54998491964  9.55400696082  9.56209748725  9.57427189619  9.59054131124  9.61090022152  9.63531193137  9.66369326765  9.69590011283  9.73171531389  9.77084035536  9.81289188845  9.85740379847  9.90383500559  9.95158267367 10.00000000000
 10.00000000000  9.95735296532  9.91529361365  9.87438964249  9.83517030196  9.79811083381  9.76362091291  9.73203781581  9.70362460325  9.67857314962  9.65701142600  9.63901408422  9.62461512856  9.61382131736  9.60662491853  9.60301454595  9.60298301614  9.60653146481  9.61366932539  9.62441016653  9.63876378062  9.65672528073  9.67826226610  9.70330133297  9.73171531389  9.76331261266  9.79782985976  9.83492885121  9.87419837281  9.91516108175  9.95728515857 10.00000000000
 10.00000000000  9.96357247469  9.92764690891  9.89270819318  9.85920838106  9.82755339895  9.79809317407  9.77111579960  9.74684598210  9.72544762832  9.70703006492  9.69165707739  9.67935773195  9.67013782090  9.66399075616  9.66090682392  9.66087989445  9.66391093780  9.67000800543  9.67918267526  9.69144329509  9.70678567096  9.72518210615  9.74656988108  9.77084035536  9.79782985976  9.82731342392  9.85900216249  9.89254483353  9.92753371614  9.96351456236 10.00000000000
 10.00000000000  9.97025712827  9.94092409117  9.91239678783  9.88504430866  9.85919808491  9.83514382879  9.81311676964  9.79330038605  9.77582851746  9.76079044164  9.74823825380  9.73819570133  9.73066752756  9.72564836503  9.72313029089  9.72310830462  9.72558319823  9.73056154125  9.73805277851  9.74806371417  9.76059090984  9.77561173620  9.79307496825  9.81289188845  9.83492885121  9.85900216249  9.88487594620  9.91226341669  9.94083167768  9.97020984718 10.00000000000
 10.00000000000  9.97733283421  9.95497799728  9.93323719856  9.91239171790  9.89269413706  9.87436219762  9.85757517060  9.84247289012  9.82915736231  9.81769663432  9.80813041729  9.80047681854  9.79473946165  9.79091426335  9.78899519083  9.78897843592  9.79086460218  9.79465869352  9.80036790259  9.80799740755  9.81754457923  9.82899216233  9.84230110883  9.85740379847  9.87419837281  9.89254483353  9.91226341669  9.93313556270  9.95490757336  9.97729680356 10.00000000000
 10.00000000000  9.98471358941  9.96963780500  9.95497611173  9.94091819795  9.92763439947  9.91527155765  9.90395057117  9.89376574430  9.88478587177  9.87705684770  9.87060545728  9.86544391649  9.86157467335  9.85899497781  9.85770076404  9.85768946522  9.85896148838  9.86152020670  9.86537046817  9.87051576120  9.87695430834  9.88467446818  9.89364990268  9.90383500559  9.91516108175  9.92753371614  9.94083167768  9.95490757336  9.96959031449  9.98468929207 10.00000000000
 10.00000000000  9.99230357840  9.98471320193  9.97733131031  9.97025340722  9.96356525305  9.95734077952  9.95164085714  9.94651296700  9.94199174698  9.93810030516  9.93485212881  9.93225336988  9.93030526225  9.92900642244  9.92835480419  9.92834911559  9.92898956155  9.93027783999  9.93221639096  9.93480696967  9.93804867986  9.94193565886  9.94645464452  9.95158267367  9.95728515857  9.96351456236  9.97020984718  9.97729680356  9.98468929207  9.99229134552 10.00000000000
 10.00000000000 10.00000000000 10.00000000000 10.00000000000 10.00000000000 10.00000000000 10.00000000000 10.00000000000 10.00000000000 10.00000000000 10.00000000000 10.00000000000 10.00000000000 10.00000000000 10.00000000000 10.00000000000 10.00000000000 10.00000000000 10.00000000000 10.00000000000 10.00000000000 10.00000000000 10.00000000000 10.00000000000 10.00000000000 10.00000000000 10.00000000000 10.00000000000 10.00000000000 10.00000000000 10.00000000000 10.00000000000

 10.00000000000 10.00000000000 10.00000000000 10.00000000000 10.00000000000 10.00000000000 10.00000000000 10.00000000000 10.00000000000 10.00000000000 10.00000000000 10.00000000000 10.00000000000 10.00000000000 10.00000000000 10.00000000000 10.00000000000 10.00000000000 10.00000000000 10.00000000000 10.00000000000 10.00000000000 10.00000000000 10.00000000000 10.00000000000 10.00000000000 10.00000000000 10.00000000000 10.00000000000 10.00000000000 10.00000000000 10.00000000000
 10.00000000000  9.98473175784  9.96967391308  9.95502970788  9.94098861944  9.92772078905  9.91537288429  9.90406565362  9.89389327615  9.88492444660  9.87720498285  9.87076161511  9.86560652219  9.86174212888  9.85916567189  9.85787307871  9.85786177989  9.85913218246  9.86168766223  9.86553307388  9.87067191903  9.87710244349  9.88481304301  9.89377743453  9.90395008804  9.91526240840  9.92762010573  9.94090209916  9.95496116951  9.96962642257  9.98470746051 10.00000000000
 10.00000000000  9.96967391308  9.93976572628  9.91067912732  9.88279046283  9.85643767287  9.83191207200  9.80945349223  9.78924899147  9.77143500871  9.75610254349  9.74330468251  9.73306561005  9.72539013712  9.72027277090  9.71770541940  9.71768297747  9.72020625354  9.72528195436  9.73291972547  9.74312652619  9.75589887745  9.77121373618  9.78901890389  9.80922395278  9.83169264168  9.85623769271  9.88261861365  9.91054299428  9.93967139912  9.96962565294 10.00000000000
 10.00000000000  9.95502970788  9.91067912732  9.86754689333  9.82619109488  9.78711286518  9.75074419340  9.71744072185  9.68747983105  9.66106383590  9.63832766724  9.61935003380  9.60416678493  9.59278504243  9.58519665061  9.58138960240  9.58135632348  9.58509801263  9.59262461917  9.60395045382  9.61908584697  9.63802565194  9.66073571173  9.68713863470  9.71710033798  9.75041880002  9.78681631420  9.82593625918  9.86734502107  9.91053924912  9.95495814266 10.00000000000
 10.00000000000  9.94098861944  9.88279046283  9.82619109488  9.77192287068  9.72064340100  9.67291955740  9.62921802017  9.58990276559  9.55523926105  9.52540454622  9.50050188196  9.48057828726  9.46564308559  9.45568555628  9.45068993000  9.45064626047  9.45555612074  9.46543257351  9.48029441105  9.50015520764  9.52500823169  9.55480868501  9.58945503516  9.62877135527  9.67249256303  9.72025425432  9.77158846420  9.82592618910  9.88260690830  9.94089470827 10.00000000000
 10.00000000000  9.92772078905  9.85643767287  9.78711286518  9.72064340100  9.65783475790  9.59938126354  9.54585451775  9.49770031528  9.45524378528  9.41870174121  9.38820062593  9.36379799456  9.34550523381  9.33330918495  9.32719051313  9.32713702534  9.33315064824  9.34524739185  9.36345029348  9.38777600707  9.41821632057  9.45471639899  9.49715191669  9.54530742333  9.59885826159  9.65735811279  9.72023380371  9.78678839538  9.85621284596  9.92760576182 10.00000000000
 10.00000000000  9.91537288429  9.83191207200  9.75074419340  9.67291955740  9.59938126354  9.53094226037  9.46827178883  9.41189177978  9.36218287318  9.31939888049  9.28368779904  9.25511696898  9.23369967798  9.21942048215  9.21225671677  9.21219409170  9.21923486269  9.23339778873  9.25470986945  9.28319064098  9.31883053266  9.36156538931  9.41124969265  9.46763122742  9.53032990630  9.59882318519  9.67243998106  9.75036428798  9.83164883321  9.91523820448 10.00000000000
 10.00000000000  9.90406565362  9.80945349223  9.71744072185  9.62921802017  9.54585451775  9.46827178883  9.39722848232  9.33331623858  9.27696651495  9.22846698389  9.18798535947  9.15559792067  9.13131967587  9.11513307174  9.10701238216  9.10694139029  9.11492265314  9.13097745329  9.15513643080  9.18742177793  9.22782269995  9.27626652855  9.33258836010  9.39650233188  9.46757761327  9.54522186894  9.62867436193  9.71701005219  9.80915507829  9.90391297719 10.00000000000
 10.00000000000  9.89389327615  9.78924899147  9.68747983105  9.58990276559  9.49770031528  9.41189177978  9.33331623858  9.26262803541  9.20030432994  9.14666323862  9.10189019267  9.06606949160  9.03921767209  9.02131526657  9.01233378286  9.01225526450  9.02108253946  9.03883916683  9.06555907356  9.10126685792  9.14595064368  9.19953012497  9.26182297922  9.33251309187  9.41112399673  9.49700058166  9.58930145792  9.68700349259  9.78891893298  9.89372440944 10.00000000000
 10.00000000000  9.88492444660  9.77143500871  9.66106383590  9.55523926105  9.45524378528  9.36218287318  9.27696651495  9.20030432994  9.13271375925  9.07453974415  9.02598331769  8.98713583141  8.95801515128  8.93860010669  8.92885975563  8.92877460207  8.93834771284  8.95760465983  8.98658227894  9.02530730500  9.07376692640  9.13187412287  9.19943123305  9.27609548700  9.36135019604  9.45448490774  9.55458712766  9.66054723408  9.77107705106  9.88474130583 10.00000000000
 10.00000000000  9.87720498285  9.75610254349  9.63832766724  9.52540454622  9.41870174121  9.31939888049  9.22846698389  9.14666323862  9.07453974415  9.01246451510  8.96065199636  8.91919959227  8.88812629716  8.86740946142  8.85701602493  8.85692516152  8.86714014356  8.88768828024  8.91860892062  8.95993065159  9.01163987217  9.07364379991  9.14573158795  9.22753753895  9.31851035663  9.41789196511  9.52470867257  9.63777641488  9.75572057584  9.87700955779 10.00000000000
 10.00000000000  9.87076161511  9.74330468251  9.61935003380  9.50050188196  9.38820062593  9.28368779904  9.18798535947  9.10189019267  9.02598331769  8.96065199636  8.90612185505  8.86249533678  8.82979236510  8.80798904528  8.79705054161  8.79695491363  8.80770560517  8.82933137946  8.86187369077  8.90536268241  8.95978410704  9.02504038608  9.10090968012  9.18700716645  9.28275267163  9.38734837520  9.49976950705  9.61876986544  9.74290267835  9.87055593872 10.00000000000
 10.00000000000  9.86560652219  9.73306561005  9.60416678493  9.48057828726  9.36379799456  9.25511696898  9.15559792067  9.06606949160  8.98713583141  8.91919959227  8.86249533678  8.81712952938  8.78312282790  8.76045033373  8.74907578500  8.74897634682  8.76015560012  8.78264347423  8.81648311316  8.86170591301  8.91829711841  8.98615532333  9.06504990326  9.15458074261  9.25414457133  9.36291177542  9.47981672092  9.60356349124  9.73264758181  9.86539264734 10.00000000000
 10.00000000000  9.86174212888  9.72539013712  9.59278504243  9.46564308559  9.34550523381  9.23369967798  9.13131967587  9.03921767209  8.95801515128  8.88812629716  8.82979236510  8.78312282790  8.74813888802  8.72481488946  8.71311349774  8.71301120556  8.72451169654  8.74764577589  8.78245785763  8.82898028174  8.88719791764  8.95700649626  9.03816881358  9.13027329545  9.23269936233  9.34459356985  9.46485965262  9.59216442605  9.72496010556  9.86152211271 10.00000000000
 10.00000000000  9.85916567189  9.72027277090  9.58519665061  9.45568555628  9.33330918495  9.21942048215  9.11513307174  9.02131526657  8.93860010669  8.86740946142  8.80798904528  8.76045033373  8.72481488946  8.70105654906  8.68913726113  8.68903306908  8.70074772487  8.72431261845  8.75977301218  8.80716187756  8.86646383658  8.93757271427  9.02024692284  9.11406725117  9.21840158127  9.33238058210  9.45488756643  9.58456450226  9.71983474854  9.85894156734 10.00000000000
 10.00000000000  9.85787307871  9.71770541940  9.58138960240  9.45068993000  9.32719051313  9.21225671677  9.10701238216  9.01233378286  8.92885975563  8.85701602493  8.79705054161  8.74907578500  8.71311349774  8.68913726113  8.67710866354  8.67700352260  8.68882562444  8.71260665237  8.74839229466  8.79621584004  8.85606178694  8.92782300483  9.01125570721  9.10593685215  9.21122853342  9.32625345008  9.44988466963  9.58075169434  9.71726340598  9.85764693220 10.00000000000
 10.00000000000  9.85786177989  9.71768297747  9.58135632348  9.45064626047  9.32713702534  9.21219409170  9.10694139029  9.01225526450  8.92877460207  8.85692516152  8.79695491363  8.74897634682  8.71301120556  8.68903306908  8.67700352260  8.67689838166  8.68872143238  8.71250436019  8.74829285647  8.79612021206  8.85597092354  8.92773785126  9.01117718885  9.10586586029  9.21116590835  9.32619996229  9.44984100010  9.58071841542  9.71724096404  9.85763563338 10.00000000000
 10.00000000000  9.85913218246  9.72020625354  9.58509801263  9.45555612074  9.33315064824  9.21923486269  9.11492265314  9.02108253946  8.93834771284  8.86714014356  8.80770560517  8.76015560012  8.72451169654  8.70074772487  8.68882562444  8.68872143238  8.70043890069  8.72400942554  8.75947827857  8.80687843745  8.86619451872  8.93732032043  9.02001419573  9.11385683257  9.21821596181  9.33222204540  9.45475813089  9.58446586429  9.71976823117  9.85890807792 10.00000000000
 10.00000000000  9.86168766223  9.72528195436  9.59262461917  9.46543257351  9.34524739185  9.23339778873  9.13097745329  9.03883916683  8.95760465983  8.88768828024  8.82933137946  8.78264347423  8.74764577589  8.72431261845  8.71260665237  8.71250436019  8.72400942554  8.74715266376  8.78197850396  8.82851929610  8.88675990072  8.95659600482  9.03779030832  9.12993107287  9.23239747308  9.34433572788  9.46464914054  9.59200400279  9.72485192280  9.86146764606 10.00000000000
