
 10.00000000000 10.00000000000 10.00000000000 10.00000000000 10.00000000000 10.00000000000 10.00000000000 10.00000000000 10.00000000000 10.00000000000 10.00000000000 10.00000000000 10.00000000000 10.00000000000 10.00000000000 10.00000000000 10.00000000000 10.00000000000 10.00000000000 10.00000000000 10.00000000000 10.00000000000 10.00000000000 10.00000000000 10.00000000000 10.00000000000 10.00000000000 10.00000000000 10.00000000000 10.00000000000 10.00000000000 10.00000000000
 10.00000000000 10.00000000000 10.00000000000 10.00000000000 10.00000000000 10.00000000000 10.00000000000 10.00000000000 10.00000000000 10.00000000000 10.00000000000 10.00000000000 10.00000000000 10.00000000000 10.00000000000 10.00000000000 10.00000000000 10.00000000000 10.00000000000 10.00000000000 10.00000000000 10.00000000000 10.00000000000 10.00000000000 10.00000000000 10.00000000000 10.00000000000 10.00000000000 10.00000000000 10.00000000000 10.00000000000 10.00000000000
 10.00000000000 10.00000000000 10.00000000000 10.00000000000 10.00000000000 10.00000000000 10.00000000000 10.00000000000 10.00000000000 10.00000000000 10.00000000000 10.00000000000 10.00000000000 10.00000000000 10.00000000000 10.00000000000 10.00000000000 10.00000000000 10.00000000000 10.00000000000 10.00000000000 10.00000000000 10.00000000000 10.00000000000 10.00000000000 10.00000000000 10.00000000000 10.00000000000 10.00000000000 10.00000000000 10.00000000000 10.00000000000
 10.00000000000 10.00000000000 10.00000000000 10.00000000000 10.00000000000 10.00000000000 10.00000000000 10.00000000000 10.00000000000 10.00000000000 10.00000000000 10.00000000000 10.00000000000 10.00000000000 10.00000000000 10.00000000000 10.00000000000 10.00000000000 10.00000000000 10.00000000000 10.00000000000 10.00000000000 10.00000000000 10.00000000000 10.00000000000 10.00000000000 10.00000000000 10.00000000000 10.00000000000 10.00000000000 10.00000000000 10.00000000000
 10.00000000000 10.00000000000 10.00000000000 10.00000000000 10.00000000000 10.00000000000 10.00000000000 10.00000000000 10.00000000000 10.00000000000 10.00000000000 10.00000000000 10.00000000000 10.00000000000 10.00000000000 10.00000000000 10.00000000000 10.00000000000 10.00000000000 10.00000000000 10.00000000000 10.00000000000 10.00000000000 10.00000000000 10.00000000000 10.00000000000 10.00000000000 10.00000000000 10.00000000000 10.00000000000 10.00000000000 10.00000000000
 10.00000000000 10.00000000000 10.00000000000 10.00000000000 10.00000000000 10.00000000000 10.00000000000 10.00000000000 10.00000000000 10.00000000000 10.00000000000 10.00000000000 10.00000000000 10.00000000000 10.00000000000 10.00000000000 10.00000000000 10.00000000000 10.00000000000 10.00000000000 10.00000000000 10.00000000000 10.00000000000 10.00000000000 10.00000000000 10.00000000000 10.00000000000 10.00000000000 10.00000000000 10.00000000000 10.00000000000 10.00000000000
 10.00000000000 10.00000000000 10.00000000000 10.00000000000 10.00000000000 10.00000000000 10.00000000000 10.00000000000 10.00000000000 10.00000000000 10.00000000000 10.00000000000 10.00000000000 10.00000000000 10.00000000000 10.00000000000 10.00000000000 10.00000000000 10.00000000000 10.00000000000 10.00000000000 10.00000000000 10.00000000000 10.00000000000 10.00000000000 10.00000000000 10.00000000000 10.00000000000 10.00000000000 10.00000000000 10.00000000000 10.00000000000
 10.00000000000 10.00000000000 10.00000000000 10.00000000000 10.00000000000 10.00000000000 10.00000000000 10.00000000000 10.00000000000 10.00000000000 10.00000000000 10.00000000000 10.00000000000 10.00000000000 10.00000000000 10.00000000000 10.00000000000 10.00000000000 10.00000000000 10.00000000000 10.00000000000 10.00000000000 10.00000000000 10.00000000000 10.00000000000 10.00000000000 10.00000000000 10.00000000000 10.00000000000 10.00000000000 10.00000000000 10.00000000000
 10.00000000000 10.00000000000 10.00000000000 10.00000000000 10.00000000000 10.00000000000 10.00000000000 10.00000000000 10.00000000000 10.00000000000 10.00000000000 10.00000000000 10.00000000000 10.00000000000 10.00000000000 10.00000000000 10.00000000000 10.00000000000 10.00000000000 10.00000000000 10.00000000000 10.00000000000 10.00000000000 10.00000000000 10.00000000000 10.00000000000 10.00000000000 10.00000000000 10.00000000000 10.00000000000 10.00000000000 10.00000000000
 10.00000000000 10.00000000000 10.00000000000 10.00000000000 10.00000000000 10.00000000000 10.00000000000 10.00000000000 10.00000000000 10.00000000000 10.00000000000 10.00000000000 10.00000000000 10.00000000000 10.00000000000 10.00000000000 10.00000000000 10.00000000000 10.00000000000 10.00000000000 10.00000000000 10.00000000000 10.00000000000 10.00000000000 10.00000000000 10.00000000000 10.00000000000 10.00000000000 10.00000000000 10.00000000000 10.00000000000 10.00000000000
 10.00000000000 10.00000000000 10.00000000000 10.00000000000 10.00000000000 10.00000000000 10.00000000000 10.00000000000 10.00000000000 10.00000000000 10.00000000000 10.00000000000 10.00000000000 10.00000000000 10.00000000000 10.00000000000 10.00000000000 10.00000000000 10.00000000000 10.00000000000 10.00000000000 10.00000000000 10.00000000000 10.00000000000 10.00000000000 10.00000000000 10.00000000000 10.00000000000 10.00000000000 10.00000000000 10.00000000000 10.00000000000
 10.00000000000 10.00000000000 10.00000000000 10.00000000000 10.00000000000 10.00000000000 10.00000000000 10.00000000000 10.00000000000 10.00000000000 10.00000000000 10.00000000000 10.00000000000 10.00000000000 10.00000000000 10.00000000000 10.00000000000 10.00000000000 10.00000000000 10.00000000000 10.00000000000 10.00000000000 10.00000000000 10.00000000000 10.00000000000 10.00000000000 10.00000000000 10.00000000000 10.00000000000 10.00000000000 10.00000000000 10.00000000000
 10.00000000000 10.00000000000 10.00000000000 10.00000000000 10.00000000000 10.00000000000 10.00000000000 10.00000000000 10.00000000000 10.00000000000 10.00000000000 10.00000000000 10.00000000000 10.00000000000 10.00000000000 10.00000000000 10.00000000000 10.00000000000 10.00000000000 10.00000000000 10.00000000000 10.00000000000 10.00000000000 10.00000000000 10.00000000000 10.00000000000 10.00000000000 10.00000000000 10.00000000000 10.00000000000 10.00000000000 10.00000000000
 10.00000000000 10.00000000000 10.00000000000 10.00000000000 10.00000000000 10.00000000000 10.00000000000 10.00000000000 10.00000000000 10.00000000000 10.00000000000 10.00000000000 10.00000000000 10.00000000000 10.00000000000 10.00000000000 10.00000000000 10.00000000000 10.00000000000 10.00000000000 10.00000000000 10.00000000000 10.00000000000 10.00000000000 10.00000000000 10.00000000000 10.00000000000 10.00000000000 10.00000000000 10.00000000000 10.00000000000 10.00000000000
 10.00000000000 10.00000000000 10.00000000000 10.00000000000 10.00000000000 10.00000000000 10.00000000000 10.00000000000 10.00000000000 10.00000000000 10.00000000000 10.00000000000 10.00000000000 10.00000000000 10.00000000000 10.00000000000 10.00000000000 10.00000000000 10.00000000000 10.00000000000 10.00000000000 10.00000000000 10.00000000000 10.00000000000 10.00000000000 10.00000000000 10.00000000000 10.00000000000 10.00000000000 10.00000000000 10.00000000000 10.00000000000
 10.00000000000 10.00000000000 10.00000000000 10.00000000000 10.00000000000 10.00000000000 10.00000000000 10.00000000000 10.00000000000 10.00000000000 10.00000000000 10.00000000000 10.00000000000 10.00000000000 10.00000000000 10.00000000000 10.00000000000 10.00000000000 10.00000000000 10.00000000000 10.00000000000 10.00000000000 10.00000000000 10.00000000000 10.00000000000 10.00000000000 10.00000000000 10.00000000000 10.00000000000 10.00000000000 10.00000000000 10.00000000000
 10.00000000000 10.00000000000 10.00000000000 10.00000000000 10.00000000000 10.00000000000 10.00000000000 10.00000000000 10.00000000000 10.00000000000 10.00000000000 10.00000000000 10.00000000000 10.00000000000 10.00000000000 10.00000000000 10.00000000000 10.00000000000 10.00000000000 10.00000000000 10.00000000000 10.00000000000 10.00000000000 10.00000000000 10.00000000000 10.00000000000 10.00000000000 10.00000000000 10.00000000000 10.00000000000 10.00000000000 10.00000000000
 10.00000000000 10.00000000000 10.00000000000 10.00000000000 10.00000000000 10.00000000000 10.00000000000 10.00000000000 10.00000000000 10.00000000000 10.00000000000 10.00000000000 10.00000000000 10.00000000000 10.00000000000 10.00000000000 10.00000000000 10.00000000000 10.00000000000 10.00000000000 10.00000000000 10.00000000000 10.00000000000 10.00000000000 10.00000000000 10.00000000000 10.00000000000 10.00000000000 10.00000000000 10.00000000000 10.00000000000 10.00000000000
 10.00000000000 10.00000000000 10.00000000000 10.00000000000 10.00000000000 10.00000000000 10.00000000000 10.00000000000 10.00000000000 10.00000000000 10.00000000000 10.00000000000 10.00000000000 10.00000000000 10.00000000000 10.00000000000 10.00000000000 10.00000000000 10.00000000000 10.00000000000 10.00000000000 10.00000000000 10.00000000000 10.00000000000 10.00000000000 10.00000000000 10.00000000000 10.00000000000 10.00000000000 10.00000000000 10.00000000000 10.00000000000
 10.00000000000 10.00000000000 10.00000000000 10.00000000000 10.00000000000 10.00000000000 10.00000000000 10.00000000000 10.00000000000 10.00000000000 10.00000000000 10.00000000000 10.00000000000 10.00000000000 10.00000000000 10.00000000000 10.00000000000 10.00000000000 10.00000000000 10.00000000000 10.00000000000 10.00000000000 10.00000000000 10.00000000000 10.00000000000 10.00000000000 10.00000000000 10.00000000000 10.00000000000 10.00000000000 10.00000000000 10.00000000000
 10.00000000000 10.00000000000 10.00000000000 10.00000000000 10.00000000000 10.00000000000 10.00000000000 10.00000000000 10.00000000000 10.00000000000 10.00000000000 10.00000000000 10.00000000000 10.00000000000 10.00000000000 10.00000000000 10.00000000000 10.00000000000 10.00000000000 10.00000000000 10.00000000000 10.00000000000 10.00000000000 10.00000000000 10.00000000000 10.00000000000 10.00000000000 10.00000000000 10.00000000000 10.00000000000 10.00000000000 10.00000000000
 10.00000000000 10.00000000000 10.00000000000 10.00000000000 10.00000000000 10.00000000000 10.00000000000 10.00000000000 10.00000000000 10.00000000000 10.00000000000 10.00000000000 10.00000000000 10.00000000000 10.00000000000 10.00000000000 10.00000000000 10.00000000000 10.00000000000 10.00000000000 10.00000000000 10.00000000000 10.00000000000 10.00000000000 10.00000000000 10.00000000000 10.00000000000 10.00000000000 10.00000000000 10.00000000000 10.00000000000 10.00000000000
 10.00000000000 10.00000000000 10.00000000000 10.00000000000 10.00000000000 10.00000000000 10.00000000000 10.00000000000 10.00000000000 10.00000000000 10.00000000000 10.00000000000 10.00000000000 10.00000000000 10.00000000000 10.00000000000 10.00000000000 10.00000000000 10.00000000000 10.00000000000 10.00000000000 10.00000000000 10.00000000000 10.00000000000 10.00000000000 10.00000000000 10.00000000000 10.00000000000 10.00000000000 10.00000000000 10.00000000000 10.00000000000
 10.00000000000 10.00000000000 10.00000000000 10.00000000000 10.00000000000 10.00000000000 10.00000000000 10.00000000000 10.00000000000 10.00000000000 10.00000000000 10.00000000000 10.00000000000 10.00000000000 10.00000000000 10.00000000000 10.00000000000 10.00000000000 10.00000000000 10.00000000000 10.00000000000 10.00000000000 10.00000000000 10.00000000000 10.00000000000 10.00000000000 10.00000000000 10.00000000000 10.00000000000 10.00000000000 10.00000000000 10.00000000000
 10.00000000000 10.00000000000 10.00000000000 10.00000000000 10.00000000000 10.00000000000 10.00000000000 10.00000000000 10.00000000000 10.00000000000 10.00000000000 10.00000000000 10.00000000000 10.00000000000 10.00000000000 10.00000000000 10.00000000000 10.00000000000 10.00000000000 10.00000000000 10.00000000000 10.00000000000 10.00000000000 10.00000000000 10.00000000000 10.00000000000 10.00000000000 10.00000000000 10.00000000000 10.00000000000 10.00000000000 10.00000000000
 10.00000000000 10.00000000000 10.00000000000 10.00000000000 10.00000000000 10.00000000000 10.00000000000 10.00000000000 10.00000000000 10.00000000000 10.00000000000 10.00000000000 10.00000000000 10.00000000000 10.00000000000 10.00000000000 10.00000000000 10.00000000000 10.00000000000 10.00000000000 10.00000000000 10.00000000000 10.00000000000 10.00000000000 10.00000000000 10.00000000000 10.00000000000 10.00000000000 10.00000000000 10.00000000000 10.00000000000 10.00000000000
 10.00000000000 10.00000000000 10.00000000000 10.00000000000 10.00000000000 10.00000000000 10.00000000000 10.00000000000 10.00000000000 10.00000000000 10.00000000000 10.00000000000 10.00000000000 10.00000000000 10.00000000000 10.00000000000 10.00000000000 10.00000000000 10.00000000000 10.00000000000 10.00000000000 10.00000000000 10.00000000000 10.00000000000 10.00000000000 10.00000000000 10.00000000000 10.00000000000 10.00000000000 10.00000000000 10.00000000000 10.00000000000
 10.00000000000 10.00000000000 10.00000000000 10.00000000000 10.00000000000 10.00000000000 10.00000000000 10.00000000000 10.00000000000 10.00000000000 10.00000000000 10.00000000000 10.00000000000 10.00000000000 10.00000000000 10.00000000000 10.00000000000 10.00000000000 10.00000000000 10.00000000000 10.00000000000 10.00000000000 10.00000000000 10.00000000000 10.00000000000 10.00000000000 10.00000000000 10.00000000000 10.00000000000 10.00000000000 10.00000000000 10.00000000000
 10.00000000000 10.00000000000 10.00000000000 10.00000000000 10.00000000000 10.00000000000 10.00000000000 10.00000000000 10.00000000000 10.00000000000 10.00000000000 10.00000000000 10.00000000000 10.00000000000 10.00000000000 10.00000000000 10.00000000000 10.00000000000 10.00000000000 10.00000000000 10.00000000000 10.00000000000 10.00000000000 10.00000000000 10.00000000000 10.00000000000 10.00000000000 10.00000000000 10.00000000000 10.00000000000 10.00000000000 10.00000000000
 10.00000000000 10.00000000000 10.00000000000 10.00000000000 10.00000000000 10.00000000000 10.00000000000 10.00000000000 10.00000000000 10.00000000000 10.00000000000 10.00000000000 10.00000000000 10.00000000000 10.00000000000 10.00000000000 10.00000000000 10.00000000000 10.00000000000 10.00000000000 10.00000000000 10.00000000000 10.00000000000 10.00000000000 10.00000000000 10.00000000000 10.00000000000 10.00000000000 10.00000000000 10.00000000000 10.00000000000 10.00000000000
 10.00000000000 10.00000000000 10.00000000000 10.00000000000 10.00000000000 10.00000000000 10.00000000000 10.00000000000 10.00000000000 10.00000000000 10.00000000000 10.00000000000 10.00000000000 10.00000000000 10.00000000000 10.00000000000 10.00000000000 10.00000000000 10.00000000000 10.00000000000 10.00000000000 10.00000000000 10.00000000000 10.00000000000 10.00000000000 10.00000000000 10.00000000000 10.00000000000 10.00000000000 10.00000000000 10.00000000000 10.00000000000
 10.00000000000 10.00000000000 10.00000000000 10.00000000000 10.00000000000 10.00000000000 10.00000000000 10.00000000000 10.00000000000 10.00000000000 10.00000000000 10.00000000000 10.00000000000 10.00000000000 10.00000000000 10.00000000000 10.00000000000 10.00000000000 10.00000000000 10.00000000000 10.00000000000 10.00000000000 10.00000000000 10.00000000000 10.00000000000 10.00000000000 10.00000000000 10.00000000000 10.00000000000 10.00000000000 10.00000000000 10.00000000000

 10.00000000000 10.00000000000 10.00000000000 10.00000000000 10.00000000000 10.00000000000 10.00000000000 10.00000000000 10.00000000000 10.00000000000 10.00000000000 10.00000000000 10.00000000000 10.00000000000 10.00000000000 10.00000000000 10.00000000000 10.00000000000 10.00000000000 10.00000000000 10.00000000000 10.00000000000 10.00000000000 10.00000000000 10.00000000000 10.00000000000 10.00000000000 10.00000000000 10.00000000000 10.00000000000 10.00000000000 10.00000000000
 10.00000000000  9.99940043977  9.99880750775  9.99822771936  9.99766736998  9.99713243834  9.99662850434  9.99616068434  9.99573358466  9.99535127333  9.99501726801  9.99473453753  9.99450551334  9.99433210698  9.99421572969  9.99415731057  9.99415731046  9.99421572936  9.99433210645  9.99450551263  9.99473453666  9.99501726702  9.99535127227  9.99573358357  9.99616068325  9.99662850331  9.99713243741  9.99766736919  9.99822771873  9.99880750732  9.99940043955 10.00000000000
 10.00000000000  9.99880750775  9.99762819714  9.99647502564  9.99536051342  9.99429655118  9.99329423697  9.99236374728  9.99151424473  9.99075382163  9.99008947595  9.98952711423  9.98907157416  9.98872665924  9.98849517763  9.98837897820  9.98837897798  9.98849517698  9.98872665819  9.98907157274  9.98952711250  9.99008947399  9.99075381952  9.99151424256  9.99236374512  9.99329423492  9.99429654933  9.99536051184  9.99647502440  9.99762819628  9.99880750731 10.00000000000
 10.00000000000  9.99822771936  9.99647502564  9.99476117303  9.99310476649  9.99152347651  9.99003379671  9.98865085230  9.98738826284  9.98625805809  9.98527064214  9.98443479731  9.98375771745  9.98324505903  9.98290099863  9.98272828624  9.98272828592  9.98290099766  9.98324505746  9.98375771533  9.98443479474  9.98527063922  9.98625805495  9.98738825960  9.98865084910  9.99003379366  9.99152347375  9.99310476414  9.99476117117  9.99647502436  9.99822771870 10.00000000000
 10.00000000000  9.99766736998  9.99536051342  9.99310476649  9.99092461221  9.98884330544  9.98688255415  9.98506226739  9.98340037447  9.98191271399  9.98061298603  9.97951275680  9.97862150179  9.97794667251  9.97749377148  9.97726642207  9.97726642164  9.97749377020  9.97794667043  9.97862149901  9.97951275342  9.98061298219  9.98191270985  9.98340037021  9.98506226317  9.98688255014  9.98884330181  9.99092460911  9.99310476405  9.99536051174  9.99766736912 10.00000000000
 10.00000000000  9.99713243834  9.99429655118  9.99152347651  9.98884330544  9.98628462193  9.98387411137  9.98163625090  9.97959308687  9.97776409795  9.97616613570  9.97481342936  9.97371763806  9.97288793187  9.97233108333  9.97205155251  9.97205155198  9.97233108175  9.97288792932  9.97371763463  9.97481342520  9.97616613098  9.97776409286  9.97959308162  9.98163624570  9.98387410644  9.98628461747  9.98884330163  9.99152347350  9.99429654911  9.99713243728 10.00000000000
 10.00000000000  9.99662850434  9.99329423697  9.99003379671  9.98688255415  9.98387411137  9.98103984235  9.97840852892  9.97600609898  9.97385546478  9.97197645219  9.97038580517  9.96909724592  9.96812156906  9.96746674808  9.96713803458  9.96713803395  9.96746674623  9.96812156605  9.96909724189  9.97038580027  9.97197644664  9.97385545879  9.97600609280  9.97840852280  9.98103983654  9.98387410612  9.98688254966  9.99003379317  9.99329423453  9.99662850310 10.00000000000
 10.00000000000  9.99616068434  9.99236374728  9.98865085230  9.98506226739  9.98163625090  9.97840852892  9.97541188093  9.97267584126  9.97022651427  9.96808649253  9.96627486063  9.96480726217  9.96369600550  9.96295018372  9.96257578656  9.96257578585  9.96295018161  9.96369600207  9.96480725757  9.96627485505  9.96808648619  9.97022650744  9.97267583422  9.97541187396  9.97840852230  9.98163624491  9.98506226228  9.98865084827  9.99236374450  9.99616068292 10.00000000000
 10.00000000000  9.99573358466  9.99151424473  9.98738826284  9.98340037447  9.97959308687  9.97600609898  9.97267584126  9.96963514358  9.96691302887  9.96453462097  9.96252114722  9.96089001127  9.95965490888  9.95882595979  9.95840983084  9.95840983004  9.95882595744  9.95965490507  9.96089000615  9.96252114101  9.96453461392  9.96691302127  9.96963513574  9.97267583350  9.97600609161  9.97959308021  9.98340036878  9.98738825835  9.99151424164  9.99573358308 10.00000000000
 10.00000000000  9.99535127333  9.99075382163  9.98625805809  9.98191271399  9.97776409795  9.97385546478  9.97022651427  9.96691302887  9.96394664797  9.96135476606  9.95916053384  9.95738293573  9.95603691430  9.95513351236  9.95468000570  9.95468000484  9.95513350979  9.95603691015  9.95738293015  9.95916052706  9.96135475837  9.96394663968  9.96691302031  9.97022650580  9.97385545675  9.97776409068  9.98191270778  9.98625805319  9.99075381825  9.99535127160 10.00000000000
 10.00000000000  9.99501726801  9.99008947595  9.98527064214  9.98061298603  9.97616613570  9.97197645219  9.96808649253  9.96453462097  9.96135476606  9.95857631010  9.95622408861  9.95431847153  9.95287549486  9.95190701122  9.95142083093  9.95142083000  9.95190700847  9.95287549040  9.95431846554  9.95622408134  9.95857630185  9.96135475716  9.96453461178  9.96808648344  9.97197644357  9.97616612789  9.98061297936  9.98527063688  9.99008947233  9.99501726616 10.00000000000
 10.00000000000  9.99473453753  9.98952711423  9.98443479731  9.97951275680  9.97481342936  9.97038580517  9.96627486063  9.96252114722  9.95916053384  9.95622408861  9.95373807670  9.95172404444  9.95019895660  9.94917535399  9.94866150131  9.94866150033  9.94917535108  9.95019895188  9.95172403811  9.95373806901  9.95622407987  9.95916052442  9.96252113751  9.96627485102  9.97038579605  9.97481342111  9.97951274975  9.98443479175  9.98952711039  9.99473453557 10.00000000000
 10.00000000000  9.99450551334  9.98907157416  9.98375771745  9.97862150179  9.97371763806  9.96909724592  9.96480726217  9.96089001127  9.95738293573  9.95431847153  9.95172404444  9.94962215618  9.94803052617  9.94696225464  9.94642597567  9.94642597464  9.94696225159  9.94803052124  9.94962214956  9.95172403641  9.95431846241  9.95738292589  9.96089000112  9.96480725212  9.96909723639  9.97371762944  9.97862149443  9.98375771164  9.98907157015  9.99450551130 10.00000000000
 10.00000000000  9.99433210698  9.98872665924  9.98324505903  9.97794667251  9.97288793187  9.96812156906  9.96369600550  9.95965490888  9.95603691430  9.95287549486  9.95019895660  9.94803052617  9.94638849584  9.94528639056  9.94473312498  9.94473312392  9.94528638742  9.94638849075  9.94803051934  9.95019894830  9.95287548544  9.95603690415  9.95965489840  9.96369599513  9.96812155922  9.97288792297  9.97794666491  9.98324505304  9.98872665511  9.99433210487 10.00000000000
 10.00000000000  9.99421572969  9.98849517763  9.98290099863  9.97749377148  9.97233108333  9.96746674808  9.96295018372  9.95882595979  9.95513351236  9.95190701122  9.94917535399  9.94696225464  9.94528639056  9.94416157235  9.94359690340  9.94359690231  9.94416156915  9.94528638536  9.94696224766  9.94917534552  9.95190700161  9.95513350199  9.95882594910  9.96295017314  9.96746673804  9.97233107424  9.97749376372  9.98290099252  9.98849517341  9.99421572754 10.00000000000
 10.00000000000  9.99415731057  9.98837897820  9.98272828624  9.97726642207  9.97205155251  9.96713803458  9.96257578656  9.95840983084  9.95468000570  9.95142083093  9.94866150131  9.94642597567  9.94473312498  9.94359690340  9.94302650917  9.94302650808  9.94359690016  9.94473311973  9.94642596862  9.94866149275  9.95142082121  9.95467999523  9.95840982003  9.96257577587  9.96713802443  9.97205154333  9.97726641423  9.98272828006  9.98837897393  9.99415730840 10.00000000000
 10.00000000000  9.99415731046  9.98837897798  9.98272828592  9.97726642164  9.97205155198  9.96713803395  9.96257578585  9.95840983004  9.95468000484  9.95142083000  9.94866150033  9.94642597464  9.94473312392  9.94359690231  9.94302650808  9.94302650698  9.94359689908  9.94473311867  9.94642596760  9.94866149177  9.95142082028  9.95467999436  9.95840981924  9.96257577516  9.96713802381  9.97205154280  9.97726641380  9.98272827973  9.98837897371  9.99415730829 10.00000000000
 10.00000000000  9.99421572936  9.98849517698  9.98290099766  9.97749377020  9.97233108175  9.96746674623  9.96295018161  9.95882595744  9.95513350979  9.95190700847  9.94917535108  9.94696225159  9.94528638742  9.94416156915  9.94359690016  9.94359689908  9.94416156594  9.94528638222  9.94696224462  9.94917534261  9.95190699885  9.95513349943  9.95882594675  9.96295017103  9.96746673619  9.97233107267  9.97749376244  9.98290099155  9.98849517276  9.99421572721 10.00000000000
 10.00000000000  9.99433210645  9.98872665819  9.98324505746  9.97794667043  9.97288792932  9.96812156605  9.96369600207  9.95965490507  9.95603691015  9.95287549040  9.95019895188  9.94803052124  9.94638849075  9.94528638536  9.94473311973  9.94473311867  9.94528638222  9.94638848566  9.94803051441  9.95019894358  9.95287548098  9.95603689999  9.95965489459  9.96369599171  9.96812155622  9.97288792042  9.97794666283  9.98324505147  9.98872665405  9.99433210434 10.00000000000
 10.00000000000  9.99450551263  9.98907157274  9.98375771533  9.97862149901  9.97371763463  9.96909724189  9.96480725757  9.96089000615  9.95738293015  9.95431846554  9.95172403811  9.94962214956  9.94803051934  9.94696224766  9.94642596862  9.94642596760  9.94696224462  9.94803051441  9.94962214295  9.95172403007  9.95431845642  9.95738292031  9.96088999601  9.96480724753  9.96909723236  9.97371762601  9.97862149165  9.98375770953  9.98907156873  9.99450551058 10.00000000000
 10.00000000000  9.99473453666  9.98952711250  9.98443479474  9.97951275342  9.97481342520  9.97038580027  9.96627485505  9.96252114101  9.95916052706  9.95622408134  9.95373806901  9.95172403641  9.95019894830  9.94917534552  9.94866149275  9.94866149177  9.94917534261  9.95019894358  9.95172403007  9.95373806132  9.95622407260  9.95916051765  9.96252113130  9.96627484544  9.97038579115  9.97481341695  9.97951274637  9.98443478919  9.98952710867  9.99473453471 10.00000000000
 10.00000000000  9.99501726702  9.99008947399  9.98527063922  9.98061298219  9.97616613098  9.97197644664  9.96808648619  9.96453461392  9.96135475837  9.95857630185  9.95622407987  9.95431846241  9.95287548544  9.95190700161  9.95142082121  9.95142082028  9.95190699885  9.95287548098  9.95431845642  9.95622407260  9.95857629359  9.96135474947  9.96453460473  9.96808647711  9.97197643801  9.97616612317  9.98061297553  9.98527063397  9.99008947037  9.99501726517 10.00000000000
 10.00000000000  9.99535127227  9.99075381952  9.98625805495  9.98191270985  9.97776409286  9.97385545879  9.97022650744  9.96691302127  9.96394663968  9.96135475716  9.95916052442  9.95738292589  9.95603690415  9.95513350199  9.95467999523  9.95467999436  9.95513349943  9.95603689999  9.95738292031  9.95916051765  9.96135474947  9.96394663138  9.96691301271  9.97022649897  9.97385545075  9.97776408559  9.98191270364  9.98625805005  9.99075381614  9.99535127054 10.00000000000
 10.00000000000  9.99573358357  9.99151424256  9.98738825960  9.98340037021  9.97959308162  9.97600609280  9.97267583422  9.96963513574  9.96691302031  9.96453461178  9.96252113751  9.96089000112  9.95965489840  9.95882594910  9.95840982003  9.95840981924  9.95882594675  9.95965489459  9.96088999601  9.96252113130  9.96453460473  9.96691301271  9.96963512790  9.97267582646  9.97600608543  9.97959307495  9.98340036452  9.98738825512  9.99151423946  9.99573358199 10.00000000000
 10.00000000000  9.99616068325  9.99236374512  9.98865084910  9.98506226317  9.98163624570  9.97840852280  9.97541187396  9.97267583350  9.97022650580  9.96808648344  9.96627485102  9.96480725212  9.96369599513  9.96295017314  9.96257577587  9.96257577516  9.96295017103  9.96369599171  9.96480724753  9.96627484544  9.96808647711  9.97022649897  9.97267582646  9.97541186698  9.97840851619  9.98163623972  9.98506225805  9.98865084507  9.99236374234  9.99616068183 10.00000000000
 10.00000000000  9.99662850331  9.99329423492  9.99003379366  9.98688255014  9.98387410644  9.98103983654  9.97840852230  9.97600609161  9.97385545675  9.97197644357  9.97038579605  9.96909723639  9.96812155922  9.96746673804  9.96713802443  9.96713802381  9.96746673619  9.96812155622  9.96909723236  9.97038579115  9.97197643801  9.97385545075  9.97600608543  9.97840851619  9.98103983074  9.98387410119  9.98688254566  9.99003379013  9.99329423248  9.99662850207 10.00000000000
 10.00000000000  9.99713243741  9.99429654933  9.99152347375  9.98884330181  9.98628461747  9.98387410612  9.98163624491  9.97959308021  9.97776409068  9.97616612789  9.97481342111  9.97371762944  9.97288792297  9.97233107424  9.97205154333  9.97205154280  9.97233107267  9.97288792042  9.97371762601  9.97481341695  9.97616612317  9.97776408559  9.97959307495  9.98163623972  9.98387410119  9.98628461301  9.98884329800  9.99152347075  9.99429654726  9.99713243635 10.00000000000
 10.00000000000  9.99766736919  9.99536051184  9.99310476414  9.99092460911  9.98884330163  9.98688254966  9.98506226228  9.98340036878  9.98191270778  9.98061297936  9.97951274975  9.97862149443  9.97794666491  9.97749376372  9.97726641423  9.97726641380  9.97749376244  9.97794666283  9.97862149165  9.97951274637  9.98061297553  9.98191270364  9.98340036452  9.98506225805  9.98688254566  9.98884329800  9.99092460602  9.99310476170  9.99536051016  9.99766736833 10.00000000000
 10.00000000000  9.99822771873  9.99647502440  9.99476117117  9.99310476405  9.99152347350  9.99003379317  9.98865084827  9.98738825835  9.98625805319  9.98527063688  9.98443479175  9.98375771164  9.98324505304  9.98290099252  9.98272828006  9.98272827973  9.98290099155  9.98324505147  9.98375770953  9.98443478919  9.98527063397  9.98625805005  9.98738825512  9.98865084507  9.99003379013  9.99152347075  9.99310476170  9.99476116932  9.99647502312  9.99822771808 10.00000000000
 10.00000000000  9.99880750732  9.99762819628  9.99647502436  9.99536051174  9.99429654911  9.99329423453  9.99236374450  9.99151424164  9.99075381825  9.99008947233  9.98952711039  9.98907157015  9.98872665511  9.98849517341  9.98837897393  9.98837897371  9.98849517276  9.98872665405  9.98907156873  9.98952710867  9.99008947037  9.99075381614  9.99151423946  9.99236374234  9.99329423248  9.99429654726  9.99536051016  9.99647502312  9.99762819542  9.99880750688 10.00000000000
 10.00000000000  9.99940043955  9.99880750731  9.99822771870  9.99766736912  9.99713243728  9.99662850310  9.99616068292  9.99573358308  9.99535127160  9.99501726616  9.99473453557  9.99450551130  9.99433210487  9.99421572754  9.99415730840  9.99415730829  9.99421572721  9.99433210434  9.99450551058  9.99473453471  9.99501726517  9.99535127054  9.99573358199  9.99616068183  9.99662850207  9.99713243635  9.99766736833  9.99822771808  9.99880750688  9.99940043933 10.00000000000
 10.00000000000 10.00000000000 10.00000000000 10.00000000000 10.00000000000 10.00000000000 10.00000000000 10.00000000000 10.00000000000 10.00000000000 10.00000000000 10.00000000000 10.00000000000 10.00000000000 10.00000000000 10.00000000000 10.00000000000 10.00000000000 10.00000000000 10.00000000000 10.00000000000 10.00000000000 10.00000000000 10.00000000000 10.00000000000 10.00000000000 10.00000000000 10.00000000000 10.00000000000 10.00000000000 10.00000000000 10.00000000000

 10.00000000000 10.00000000000 10.00000000000 10.00000000000 10.00000000000 10.00000000000 10.00000000000 10.00000000000 10.00000000000 10.00000000000 10.00000000000 10.00000000000 10.00000000000 10.00000000000 10.00000000000 10.00000000000 10.00000000000 10.00000000000 10.00000000000 10.00000000000 10.00000000000 10.00000000000 10.00000000000 10.00000000000 10.00000000000 10.00000000000 10.00000000000 10.00000000000 10.00000000000 10.00000000000 10.00000000000 10.00000000000
 10.00000000000  9.99878840399  9.99759024395  9.99641872339  9.99528659262  9.99420595031  9.99318807574  9.99224329735  9.99138089989  9.99060906929  9.98993487151  9.98936425933  9.98890209944  9.98855221176  9.98831741249  9.98819955374  9.98819955352  9.98831741184  9.98855221071  9.98890209802  9.98936425760  9.98993486956  9.99060906718  9.99138089771  9.99224329520  9.99318807370  9.99420594846  9.99528659104  9.99641872214  9.99759024309  9.99878840355 10.00000000000
 10.00000000000  9.99759024395  9.99520720755  9.99287714846  9.99062542368  9.98847609503  9.98645159573  9.98457246899  9.98285718323  9.98132202227  9.97998104306  9.97884608877  9.97792684257  9.97723090526  9.97676388083  9.97652945495  9.97652945451  9.97676387953  9.97723090316  9.97792683975  9.97884608534  9.97998103916  9.98132201807  9.98285717889  9.98457246470  9.98645159166  9.98847609134  9.99062542053  9.99287714599  9.99520720583  9.99759024307 10.00000000000
 10.00000000000  9.99641872339  9.99287714846  9.98941429120  9.98606783065  9.98287352328  9.97986470779  9.97707191665  9.97452260137  9.97224096890  9.97024791812  9.96856105873  9.96719479028  9.96616041688  9.96546627369  9.96511784300  9.96511784234  9.96546627175  9.96616041375  9.96719478607  9.96856105363  9.97024791232  9.97224096265  9.97452259493  9.97707191027  9.97986470174  9.98287351781  9.98606782597  9.98941428752  9.99287714592  9.99641872209 10.00000000000
 10.00000000000  9.99528659262  9.99062542368  9.98606783065  9.98166339432  9.97745916905  9.97349903166  9.96982317028  9.96646772253  9.96346455939  9.96084120066  9.95862083850  9.95682244010  9.95546089742  9.95454719243  9.95408854900  9.95408854814  9.95454718989  9.95546089330  9.95682243456  9.95862083178  9.96084119303  9.96346455117  9.96646771404  9.96982316188  9.97349902369  9.97745916184  9.98166338816  9.98606782579  9.99062542033  9.99528659091 10.00000000000
 10.00000000000  9.99420595031  9.98847609503  9.98287352328  9.97745916905  9.97229086649  9.96742255041  9.96290362826  9.95877853476  9.95508646527  9.95186127021  9.94913148221  9.94692044028  9.94524647198  9.94412309477  9.94355920134  9.94355920028  9.94412309164  9.94524646691  9.94692043347  9.94913147394  9.95186126082  9.95508645514  9.95877852431  9.96290361792  9.96742254060  9.97229085762  9.97745916147  9.98287351731  9.98847609090  9.99420594821 10.00000000000
 10.00000000000  9.99318807574  9.98645159573  9.97986470779  9.97349903166  9.96742255041  9.96169867176  9.95638548994  9.95153526158  9.94719409069  9.94340180256  9.94019197313  9.93759207243  9.93562367605  9.93430269965  9.93363961493  9.93363961368  9.93430269597  9.93562367008  9.93759206440  9.94019196340  9.94340179150  9.94719407877  9.95153524928  9.95638547777  9.96169866021  9.96742253996  9.97349902273  9.97986470076  9.98645159087  9.99318807326 10.00000000000
 10.00000000000  9.99224329735  9.98457246899  9.97707191665  9.96982317028  9.96290362826  9.95638548994  9.95033491564  9.94481142895  9.93986755638  9.93554868119  9.93189307386  9.92893205211  9.92669021865  9.92518572530  9.92443051663  9.92443051521  9.92518572109  9.92669021184  9.92893204296  9.93189306276  9.93554866858  9.93986754278  9.94481141492  9.95033490176  9.95638547678  9.96290361634  9.96982316011  9.97707190863  9.98457246345  9.99224329453 10.00000000000
 10.00000000000  9.99138089989  9.98285718323  9.97452260137  9.96646772253  9.95877853476  9.95153526158  9.94481142895  9.93867320031  9.93317897421  9.92837921891  9.92431650290  9.92102566892  9.91853409466  9.91686198285  9.91602262955  9.91602262797  9.91686197817  9.91853408707  9.92102565875  9.92431649054  9.92837920489  9.93317895909  9.93867318471  9.94481141350  9.95153524693  9.95877852150  9.96646771121  9.97452259245  9.98285717707  9.99138089675 10.00000000000
 10.00000000000  9.99060906929  9.98132202227  9.97224096890  9.96346455939  9.95508646527  9.94719409069  9.93986755638  9.93317897421  9.92719200664  9.92196168348  9.91753443138  9.91394825951  9.91123303971  9.90941081912  9.90849610960  9.90849610788  9.90941081402  9.91123303144  9.91394824841  9.91753441790  9.92196166818  9.92719199014  9.93317895719  9.93986753953  9.94719407470  9.95508645080  9.96346454704  9.97224095916  9.98132201555  9.99060906586 10.00000000000
 10.00000000000  9.98993487151  9.97998104306  9.97024791812  9.96084120066  9.95186127021  9.94340180256  9.93554868119  9.92837921891  9.92196168348  9.91635509811  9.91160926929  9.90776498189  9.90485429535  9.90290087535  9.90192030109  9.90192029924  9.90290086988  9.90485428647  9.90776496998  9.91160925483  9.91635508169  9.92196166578  9.92837920065  9.93554866311  9.94340178540  9.95186125469  9.96084118740  9.97024790766  9.97998103584  9.98993486783 10.00000000000
 10.00000000000  9.98936425933  9.97884608877  9.96856105873  9.95862083850  9.94913148221  9.94019197313  9.93189307386  9.92431650290  9.91753443138  9.91160926929  9.90659369135  9.90253083923  9.89945463093  9.89739010781  9.89635375660  9.89635375464  9.89739010202  9.89945462154  9.90253082662  9.90659367604  9.91160925192  9.91753441264  9.92431648357  9.93189305473  9.94019195499  9.94913146579  9.95862082447  9.96856104768  9.97884608114  9.98936425543 10.00000000000
 10.00000000000  9.98890209944  9.97792684257  9.96719479028  9.95682244010  9.94692044028  9.93759207243  9.92893205211  9.92102566892  9.91394825951  9.90776498189  9.90253083923  9.89829088755  9.89508055514  9.89292600173  9.89184445204  9.89184445000  9.89292599568  9.89508054533  9.89829087438  9.90253082324  9.90776496374  9.91394823995  9.92102564874  9.92893203213  9.93759205347  9.94692042313  9.95682242545  9.96719477873  9.97792683460  9.98890209538 10.00000000000
 10.00000000000  9.98855221176  9.97723090526  9.96616041688  9.95546089742  9.94524647198  9.93562367605  9.92669021865  9.91853409466  9.91123303971  9.90485429535  9.89945463093  9.89508055514  9.89176864278  9.88954590286  9.88843012063  9.88843011852  9.88954589661  9.89176863265  9.89508054154  9.89945461443  9.90485427662  9.91123301951  9.91853407382  9.92669019803  9.93562365648  9.94524645427  9.95546088230  9.96616040496  9.97723089703  9.98855220756 10.00000000000
 10.00000000000  9.98831741249  9.97676388083  9.96546627369  9.95454719243  9.94412309477  9.93430269965  9.92518572530  9.91686198285  9.90941081912  9.90290087535  9.89739010781  9.89292600173  9.88954590286  9.88727739139  9.88613862969  9.88613862753  9.88727738501  9.88954589252  9.89292598785  9.89739009097  9.90290085622  9.90941079850  9.91686196157  9.92518570424  9.93430267967  9.94412307669  9.95454717699  9.96546626151  9.97676387243  9.98831740820 10.00000000000
 10.00000000000  9.98819955374  9.97652945495  9.96511784300  9.95408854900  9.94355920134  9.93363961493  9.92443051663  9.91602262955  9.90849610960  9.90192030109  9.89635375660  9.89184445204  9.88843012063  9.88613862969  9.88498833115  9.88498832897  9.88613862324  9.88843011019  9.89184443802  9.89635373958  9.90192028176  9.90849608876  9.91602260805  9.92443049535  9.93363959474  9.94355918307  9.95408853340  9.96511783070  9.97652944646  9.98819954941 10.00000000000
 10.00000000000  9.98819955352  9.97652945451  9.96511784234  9.95408854814  9.94355920028  9.93363961368  9.92443051521  9.91602262797  9.90849610788  9.90192029924  9.89635375464  9.89184445000  9.88843011852  9.88613862753  9.88498832897  9.88498832679  9.88613862109  9.88843010807  9.89184443598  9.89635373762  9.90192027991  9.90849608703  9.91602260647  9.92443049393  9.93363959350  9.94355918201  9.95408853254  9.96511783005  9.97652944602  9.98819954919 10.00000000000
 10.00000000000  9.98831741184  9.97676387953  9.96546627175  9.95454718989  9.94412309164  9.93430269597  9.92518572109  9.91686197817  9.90941081402  9.90290086988  9.89739010202  9.89292599568  9.88954589661  9.88727738501  9.88613862324  9.88613862109  9.88727737863  9.88954588627  9.89292598180  9.89739008517  9.90290085075  9.90941079339  9.91686195689  9.92518570003  9.93430267598  9.94412307355  9.95454717444  9.96546625958  9.97676387113  9.98831740755 10.00000000000
 10.00000000000  9.98855221071  9.97723090316  9.96616041375  9.95546089330  9.94524646691  9.93562367008  9.92669021184  9.91853408707  9.91123303144  9.90485428647  9.89945462154  9.89508054533  9.89176863265  9.88954589252  9.88843011019  9.88843010807  9.88954588627  9.89176862253  9.89508053173  9.89945460504  9.90485426774  9.91123301124  9.91853406623  9.92669019121  9.93562365051  9.94524644920  9.95546087817  9.96616040183  9.97723089493  9.98855220651 10.00000000000
