
 10.00000000000 10.00000000000 10.00000000000 10.00000000000 10.00000000000 10.00000000000 10.00000000000 10.00000000000 10.00000000000 10.00000000000 10.00000000000 10.00000000000 10.00000000000 10.00000000000 10.00000000000 10.00000000000 10.00000000000 10.00000000000 10.00000000000 10.00000000000 10.00000000000 10.00000000000 10.00000000000 10.00000000000 10.00000000000 10.00000000000 10.00000000000 10.00000000000 10.00000000000 10.00000000000 10.00000000000 10.00000000000
 10.00000000000 10.00000000000 10.00000000000 10.00000000000 10.00000000000 10.00000000000 10.00000000000 10.00000000000 10.00000000000 10.00000000000 10.00000000000 10.00000000000 10.00000000000 10.00000000000 10.00000000000 10.00000000000 10.00000000000 10.00000000000 10.00000000000 10.00000000000 10.00000000000 10.00000000000 10.00000000000 10.00000000000 10.00000000000 10.00000000000 10.00000000000 10.00000000000 10.00000000000 10.00000000000 10.00000000000 10.00000000000
 10.00000000000 10.00000000000 10.00000000000 10.00000000000 10.00000000000 10.00000000000 10.00000000000 10.00000000000 10.00000000000 10.00000000000 10.00000000000 10.00000000000 10.00000000000 10.00000000000 10.00000000000 10.00000000000 10.00000000000 10.00000000000 10.00000000000 10.00000000000 10.00000000000 10.00000000000 10.00000000000 10.00000000000 10.00000000000 10.00000000000 10.00000000000 10.00000000000 10.00000000000 10.00000000000 10.00000000000 10.00000000000
 10.00000000000 10.00000000000 10.00000000000 10.00000000000 10.00000000000 10.00000000000 10.00000000000 10.00000000000 10.00000000000 10.00000000000 10.00000000000 10.00000000000 10.00000000000 10.00000000000 10.00000000000 10.00000000000 10.00000000000 10.00000000000 10.00000000000 10.00000000000 10.00000000000 10.00000000000 10.00000000000 10.00000000000 10.00000000000 10.00000000000 10.00000000000 10.00000000000 10.00000000000 10.00000000000 10.00000000000 10.00000000000
 10.00000000000 10.00000000000 10.00000000000 10.00000000000 10.00000000000 10.00000000000 10.00000000000 10.00000000000 10.00000000000 10.00000000000 10.00000000000 10.00000000000 10.00000000000 10.00000000000 10.00000000000 10.00000000000 10.00000000000 10.00000000000 10.00000000000 10.00000000000 10.00000000000 10.00000000000 10.00000000000 10.00000000000 10.00000000000 10.00000000000 10.00000000000 10.00000000000 10.00000000000 10.00000000000 10.00000000000 10.00000000000
 10.00000000000 10.00000000000 10.00000000000 10.00000000000 10.00000000000 10.00000000000 10.00000000000 10.00000000000 10.00000000000 10.00000000000 10.00000000000 10.00000000000 10.00000000000 10.00000000000 10.00000000000 10.00000000000 10.00000000000 10.00000000000 10.00000000000 10.00000000000 10.00000000000 10.00000000000 10.00000000000 10.00000000000 10.00000000000 10.00000000000 10.00000000000 10.00000000000 10.00000000000 10.00000000000 10.00000000000 10.00000000000
 10.00000000000 10.00000000000 10.00000000000 10.00000000000 10.00000000000 10.00000000000 10.00000000000 10.00000000000 10.00000000000 10.00000000000 10.00000000000 10.00000000000 10.00000000000 10.00000000000 10.00000000000 10.00000000000 10.00000000000 10.00000000000 10.00000000000 10.00000000000 10.00000000000 10.00000000000 10.00000000000 10.00000000000 10.00000000000 10.00000000000 10.00000000000 10.00000000000 10.00000000000 10.00000000000 10.00000000000 10.00000000000
 10.00000000000 10.00000000000 10.00000000000 10.00000000000 10.00000000000 10.00000000000 10.00000000000 10.00000000000 10.00000000000 10.00000000000 10.00000000000 10.00000000000 10.00000000000 10.00000000000 10.00000000000 10.00000000000 10.00000000000 10.00000000000 10.00000000000 10.00000000000 10.00000000000 10.00000000000 10.00000000000 10.00000000000 10.00000000000 10.00000000000 10.00000000000 10.00000000000 10.00000000000 10.00000000000 10.00000000000 10.00000000000
 10.00000000000 10.00000000000 10.00000000000 10.00000000000 10.00000000000 10.00000000000 10.00000000000 10.00000000000 10.00000000000 10.00000000000 10.00000000000 10.00000000000 10.00000000000 10.00000000000 10.00000000000 10.00000000000 10.00000000000 10.00000000000 10.00000000000 10.00000000000 10.00000000000 10.00000000000 10.00000000000 10.00000000000 10.00000000000 10.00000000000 10.00000000000 10.00000000000 10.00000000000 10.00000000000 10.00000000000 10.00000000000
 10.00000000000 10.00000000000 10.00000000000 10.00000000000 10.00000000000 10.00000000000 10.00000000000 10.00000000000 10.00000000000 10.00000000000 10.00000000000 10.00000000000 10.00000000000 10.00000000000 10.00000000000 10.00000000000 10.00000000000 10.00000000000 10.00000000000 10.00000000000 10.00000000000 10.00000000000 10.00000000000 10.00000000000 10.00000000000 10.00000000000 10.00000000000 10.00000000000 10.00000000000 10.00000000000 10.00000000000 10.00000000000
 10.00000000000 10.00000000000 10.00000000000 10.00000000000 10.00000000000 10.00000000000 10.00000000000 10.00000000000 10.00000000000 10.00000000000 10.00000000000 10.00000000000 10.00000000000 10.00000000000 10.00000000000 10.00000000000 10.00000000000 10.00000000000 10.00000000000 10.00000000000 10.00000000000 10.00000000000 10.00000000000 10.00000000000 10.00000000000 10.00000000000 10.00000000000 10.00000000000 10.00000000000 10.00000000000 10.00000000000 10.00000000000
 10.00000000000 10.00000000000 10.00000000000 10.00000000000 10.00000000000 10.00000000000 10.00000000000 10.00000000000 10.00000000000 10.00000000000 10.00000000000 10.00000000000 10.00000000000 10.00000000000 10.00000000000 10.00000000000 10.00000000000 10.00000000000 10.00000000000 10.00000000000 10.00000000000 10.00000000000 10.00000000000 10.00000000000 10.00000000000 10.00000000000 10.00000000000 10.00000000000 10.00000000000 10.00000000000 10.00000000000 10.00000000000
 10.00000000000 10.00000000000 10.00000000000 10.00000000000 10.00000000000 10.00000000000 10.00000000000 10.00000000000 10.00000000000 10.00000000000 10.00000000000 10.00000000000 10.00000000000 10.00000000000 10.00000000000 10.00000000000 10.00000000000 10.00000000000 10.00000000000 10.00000000000 10.00000000000 10.00000000000 10.00000000000 10.00000000000 10.00000000000 10.00000000000 10.00000000000 10.00000000000 10.00000000000 10.00000000000 10.00000000000 10.00000000000
 10.00000000000 10.00000000000 10.00000000000 10.00000000000 10.00000000000 10.00000000000 10.00000000000 10.00000000000 10.00000000000 10.00000000000 10.00000000000 10.00000000000 10.00000000000 10.00000000000 10.00000000000 10.00000000000 10.00000000000 10.00000000000 10.00000000000 10.00000000000 10.00000000000 10.00000000000 10.00000000000 10.00000000000 10.00000000000 10.00000000000 10.00000000000 10.00000000000 10.00000000000 10.00000000000 10.00000000000 10.00000000000
 10.00000000000 10.00000000000 10.00000000000 10.00000000000 10.00000000000 10.00000000000 10.00000000000 10.00000000000 10.00000000000 10.00000000000 10.00000000000 10.00000000000 10.00000000000 10.00000000000 10.00000000000 10.00000000000 10.00000000000 10.00000000000 10.00000000000 10.00000000000 10.00000000000 10.00000000000 10.00000000000 10.00000000000 10.00000000000 10.00000000000 10.00000000000 10.00000000000 10.00000000000 10.00000000000 10.00000000000 10.00000000000
 10.00000000000 10.00000000000 10.00000000000 10.00000000000 10.00000000000 10.00000000000 10.00000000000 10.00000000000 10.00000000000 10.00000000000 10.00000000000 10.00000000000 10.00000000000 10.00000000000 10.00000000000 10.00000000000 10.00000000000 10.00000000000 10.00000000000 10.00000000000 10.00000000000 10.00000000000 10.00000000000 10.00000000000 10.00000000000 10.00000000000 10.00000000000 10.00000000000 10.00000000000 10.00000000000 10.00000000000 10.00000000000
 10.00000000000 10.00000000000 10.00000000000 10.00000000000 10.00000000000 10.00000000000 10.00000000000 10.00000000000 10.00000000000 10.00000000000 10.00000000000 10.00000000000 10.00000000000 10.00000000000 10.00000000000 10.00000000000 10.00000000000 10.00000000000 10.00000000000 10.00000000000 10.00000000000 10.00000000000 10.00000000000 10.00000000000 10.00000000000 10.00000000000 10.00000000000 10.00000000000 10.00000000000 10.00000000000 10.00000000000 10.00000000000
 10.00000000000 10.00000000000 10.00000000000 10.00000000000 10.00000000000 10.00000000000 10.00000000000 10.00000000000 10.00000000000 10.00000000000 10.00000000000 10.00000000000 10.00000000000 10.00000000000 10.00000000000 10.00000000000 10.00000000000 10.00000000000 10.00000000000 10.00000000000 10.00000000000 10.00000000000 10.00000000000 10.00000000000 10.00000000000 10.00000000000 10.00000000000 10.00000000000 10.00000000000 10.00000000000 10.00000000000 10.00000000000
 10.00000000000 10.00000000000 10.00000000000 10.00000000000 10.00000000000 10.00000000000 10.00000000000 10.00000000000 10.00000000000 10.00000000000 10.00000000000 10.00000000000 10.00000000000 10.00000000000 10.00000000000 10.00000000000 10.00000000000 10.00000000000 10.00000000000 10.00000000000 10.00000000000 10.00000000000 10.00000000000 10.00000000000 10.00000000000 10.00000000000 10.00000000000 10.00000000000 10.00000000000 10.00000000000 10.00000000000 10.00000000000
 10.00000000000 10.00000000000 10.00000000000 10.00000000000 10.00000000000 10.00000000000 10.00000000000 10.00000000000 10.00000000000 10.00000000000 10.00000000000 10.00000000000 10.00000000000 10.00000000000 10.00000000000 10.00000000000 10.00000000000 10.00000000000 10.00000000000 10.00000000000 10.00000000000 10.00000000000 10.00000000000 10.00000000000 10.00000000000 10.00000000000 10.00000000000 10.00000000000 10.00000000000 10.00000000000 10.00000000000 10.00000000000
 10.00000000000 10.00000000000 10.00000000000 10.00000000000 10.00000000000 10.00000000000 10.00000000000 10.00000000000 10.00000000000 10.00000000000 10.00000000000 10.00000000000 10.00000000000 10.00000000000 10.00000000000 10.00000000000 10.00000000000 10.00000000000 10.00000000000 10.00000000000 10.00000000000 10.00000000000 10.00000000000 10.00000000000 10.00000000000 10.00000000000 10.00000000000 10.00000000000 10.00000000000 10.00000000000 10.00000000000 10.00000000000
 10.00000000000 10.00000000000 10.00000000000 10.00000000000 10.00000000000 10.00000000000 10.00000000000 10.00000000000 10.00000000000 10.00000000000 10.00000000000 10.00000000000 10.00000000000 10.00000000000 10.00000000000 10.00000000000 10.00000000000 10.00000000000 10.00000000000 10.00000000000 10.00000000000 10.00000000000 10.00000000000 10.00000000000 10.00000000000 10.00000000000 10.00000000000 10.00000000000 10.00000000000 10.00000000000 10.00000000000 10.00000000000
 10.00000000000 10.00000000000 10.00000000000 10.00000000000 10.00000000000 10.00000000000 10.00000000000 10.00000000000 10.00000000000 10.00000000000 10.00000000000 10.00000000000 10.00000000000 10.00000000000 10.00000000000 10.00000000000 10.00000000000 10.00000000000 10.00000000000 10.00000000000 10.00000000000 10.00000000000 10.00000000000 10.00000000000 10.00000000000 10.00000000000 10.00000000000 10.00000000000 10.00000000000 10.00000000000 10.00000000000 10.00000000000
 10.00000000000 10.00000000000 10.00000000000 10.00000000000 10.00000000000 10.00000000000 10.00000000000 10.00000000000 10.00000000000 10.00000000000 10.00000000000 10.00000000000 10.00000000000 10.00000000000 10.00000000000 10.00000000000 10.00000000000 10.00000000000 10.00000000000 10.00000000000 10.00000000000 10.00000000000 10.00000000000 10.00000000000 10.00000000000 10.00000000000 10.00000000000 10.00000000000 10.00000000000 10.00000000000 10.00000000000 10.00000000000
 10.00000000000 10.00000000000 10.00000000000 10.00000000000 10.00000000000 10.00000000000 10.00000000000 10.00000000000 10.00000000000 10.00000000000 10.00000000000 10.00000000000 10.00000000000 10.00000000000 10.00000000000 10.00000000000 10.00000000000 10.00000000000 10.00000000000 10.00000000000 10.00000000000 10.00000000000 10.00000000000 10.00000000000 10.00000000000 10.00000000000 10.00000000000 10.00000000000 10.00000000000 10.00000000000 10.00000000000 10.00000000000
 10.00000000000 10.00000000000 10.00000000000 10.00000000000 10.00000000000 10.00000000000 10.00000000000 10.00000000000 10.00000000000 10.00000000000 10.00000000000 10.00000000000 10.00000000000 10.00000000000 10.00000000000 10.00000000000 10.00000000000 10.00000000000 10.00000000000 10.00000000000 10.00000000000 10.00000000000 10.00000000000 10.00000000000 10.00000000000 10.00000000000 10.00000000000 10.00000000000 10.00000000000 10.00000000000 10.00000000000 10.00000000000
 10.00000000000 10.00000000000 10.00000000000 10.00000000000 10.00000000000 10.00000000000 10.00000000000 10.00000000000 10.00000000000 10.00000000000 10.00000000000 10.00000000000 10.00000000000 10.00000000000 10.00000000000 10.00000000000 10.00000000000 10.00000000000 10.00000000000 10.00000000000 10.00000000000 10.00000000000 10.00000000000 10.00000000000 10.00000000000 10.00000000000 10.00000000000 10.00000000000 10.00000000000 10.00000000000 10.00000000000 10.00000000000
 10.00000000000 10.00000000000 10.00000000000 10.00000000000 10.00000000000 10.00000000000 10.00000000000 10.00000000000 10.00000000000 10.00000000000 10.00000000000 10.00000000000 10.00000000000 10.00000000000 10.00000000000 10.00000000000 10.00000000000 10.00000000000 10.00000000000 10.00000000000 10.00000000000 10.00000000000 10.00000000000 10.00000000000 10.00000000000 10.00000000000 10.00000000000 10.00000000000 10.00000000000 10.00000000000 10.00000000000 10.00000000000
 10.00000000000 10.00000000000 10.00000000000 10.00000000000 10.00000000000 10.00000000000 10.00000000000 10.00000000000 10.00000000000 10.00000000000 10.00000000000 10.00000000000 10.00000000000 10.00000000000 10.00000000000 10.00000000000 10.00000000000 10.00000000000 10.00000000000 10.00000000000 10.00000000000 10.00000000000 10.00000000000 10.00000000000 10.00000000000 10.00000000000 10.00000000000 10.00000000000 10.00000000000 10.00000000000 10.00000000000 10.00000000000
 10.00000000000 10.00000000000 10.00000000000 10.00000000000 10.00000000000 10.00000000000 10.00000000000 10.00000000000 10.00000000000 10.00000000000 10.00000000000 10.00000000000 10.00000000000 10.00000000000 10.00000000000 10.00000000000 10.00000000000 10.00000000000 10.00000000000 10.00000000000 10.00000000000 10.00000000000 10.00000000000 10.00000000000 10.00000000000 10.00000000000 10.00000000000 10.00000000000 10.00000000000 10.00000000000 10.00000000000 10.00000000000
 10.00000000000 10.00000000000 10.00000000000 10.00000000000 10.00000000000 10.00000000000 10.00000000000 10.00000000000 10.00000000000 10.00000000000 10.00000000000 10.00000000000 10.00000000000 10.00000000000 10.00000000000 10.00000000000 10.00000000000 10.00000000000 10.00000000000 10.00000000000 10.00000000000 10.00000000000 10.00000000000 10.00000000000 10.00000000000 10.00000000000 10.00000000000 10.00000000000 10.00000000000 10.00000000000 10.00000000000 10.00000000000
 10.00000000000 10.00000000000 10.00000000000 10.00000000000 10.00000000000 10.00000000000 10.00000000000 10.00000000000 10.00000000000 10.00000000000 10.00000000000 10.00000000000 10.00000000000 10.00000000000 10.00000000000 10.00000000000 10.00000000000 10.00000000000 10.00000000000 10.00000000000 10.00000000000 10.00000000000 10.00000000000 10.00000000000 10.00000000000 10.00000000000 10.00000000000 10.00000000000 10.00000000000 10.00000000000 10.00000000000 10.00000000000

 10.00000000000 10.00000000000 10.00000000000 10.00000000000 10.00000000000 10.00000000000 10.00000000000 10.00000000000 10.00000000000 10.00000000000 10.00000000000 10.00000000000 10.00000000000 10.00000000000 10.00000000000 10.00000000000 10.00000000000 10.00000000000 10.00000000000 10.00000000000 10.00000000000 10.00000000000 10.00000000000 10.00000000000 10.00000000000 10.00000000000 10.00000000000 10.00000000000 10.00000000000 10.00000000000 10.00000000000 10.00000000000
 10.00000000000  9.99940855339  9.99882365174  9.99825172805  9.99769899703  9.99717135921  9.99667431967  9.99621292399  9.99579171261  9.99541469310  9.99508532885  9.99480654104  9.99458072069  9.99440974643  9.99429500457  9.99423740741  9.99423740736  9.99429500442  9.99440974619  9.99458072036  9.99480654064  9.99508532839  9.99541469261  9.99579171210  9.99621292349  9.99667431919  9.99717135878  9.99769899667  9.99825172776  9.99882365154  9.99940855329 10.00000000000
 10.00000000000  9.99882365174  9.99766031946  9.99652279668  9.99542344300  9.99437399356  9.99338539750  9.99246769055  9.99162990417  9.99088001042  9.99022489925  9.98967038242  9.98922121714  9.98888114148  9.98865291394  9.98853834999  9.98853834989  9.98865291364  9.98888114099  9.98922121648  9.98967038162  9.99022489834  9.99088000944  9.99162990316  9.99246768956  9.99338539656  9.99437399270  9.99542344226  9.99652279610  9.99766031906  9.99882365153 10.00000000000
 10.00000000000  9.99825172805  9.99652279668  9.99483221622  9.99319835285  9.99163864574  9.99016936703  9.98880543262  9.98756026696  9.98644572105  9.98547203829  9.98464786008  9.98398026055  9.98347479888  9.98313557781  9.98296529765  9.98296529750  9.98313557736  9.98347479816  9.98398025957  9.98464785890  9.98547203695  9.98644571960  9.98756026547  9.98880543114  9.99016936563  9.99163864447  9.99319835176  9.99483221536  9.99652279609  9.99825172775 10.00000000000
 10.00000000000  9.99769899703  9.99542344300  9.99319835285  9.99104789506  9.98899501976  9.98706114317  9.98526589858  9.98362695833  9.98215992549  9.98087828849  9.97979342789  9.97891466147  9.97824931259  9.97780278648  9.97757864108  9.97757864088  9.97780278588  9.97824931163  9.97891466019  9.97979342632  9.98087828672  9.98215992358  9.98362695636  9.98526589662  9.98706114132  9.98899501808  9.99104789363  9.99319835172  9.99542344222  9.99769899664 10.00000000000
 10.00000000000  9.99717135921  9.99437399356  9.99163864574  9.98899501976  9.98647132457  9.98409388655  9.98188684347  9.97987192545  9.97806832132  9.97649262216  9.97515882876  9.97407840616  9.97326036674  9.97271136330  9.97243577541  9.97243577516  9.97271136257  9.97326036556  9.97407840457  9.97515882683  9.97649261997  9.97806831896  9.97987192302  9.98188684107  9.98409388428  9.98647132251  9.98899501800  9.99163864435  9.99437399260  9.99717135872 10.00000000000
 10.00000000000  9.99667431967  9.99338539750  9.99016936703  9.98706114317  9.98409388655  9.98129854854  9.97870351150  9.97633433107  9.97421357833  9.97236077252  9.97079238867  9.96952192055  9.96855997710  9.96791439091  9.96759031879  9.96759031850  9.96791439005  9.96855997571  9.96952191868  9.97079238641  9.97236076995  9.97421357556  9.97633432821  9.97870350867  9.98129854586  9.98409388413  9.98706114109  9.99016936540  9.99338539637  9.99667431909 10.00000000000
 10.00000000000  9.99621292399  9.99246769055  9.98880543262  9.98526589858  9.98188684347  9.97870351150  9.97574822665  9.97305009882  9.97063484333  9.96852470315  9.96673845622  9.96529148565  9.96419588814  9.96346059607  9.96309149111  9.96309149078  9.96346059509  9.96419588655  9.96529148353  9.96673845364  9.96852470022  9.97063484017  9.97305009556  9.97574822343  9.97870350844  9.98188684070  9.98526589621  9.98880543076  9.99246768927  9.99621292333 10.00000000000
 10.00000000000  9.99579171261  9.99162990417  9.98756026696  9.98362695833  9.97987192545  9.97633433107  9.97305009882  9.97005158628  9.96736738351  9.96502222531  9.96303699786  9.96142881491  9.96021113672  9.95939390422  9.95898366399  9.95898366362  9.95939390314  9.96021113496  9.96142881255  9.96303699498  9.96502222205  9.96736737999  9.97005158266  9.97305009523  9.97633432766  9.97987192236  9.98362695570  9.98756026489  9.99162990274  9.99579171188 10.00000000000
 10.00000000000  9.99541469310  9.99088001042  9.98644572105  9.98215992549  9.97806832132  9.97421357833  9.97063484333  9.96736738351  9.96444236596  9.96188676073  9.95972334627  9.95797079076  9.95664377979  9.95575316108  9.95530607924  9.95530607884  9.95575315989  9.95664377787  9.95797078818  9.95972334314  9.96188675718  9.96444236213  9.96736737955  9.97063483942  9.97421357461  9.97806831795  9.98215992262  9.98644571879  9.99088000886  9.99541469231 10.00000000000
 10.00000000000  9.99508532885  9.99022489925  9.98547203829  9.98087828849  9.97649262216  9.97236077252  9.96852470315  9.96502222531  9.96188676073  9.95914723619  9.95682808770  9.95494934584  9.95352677081  9.95257200588  9.95209272058  9.95209272015  9.95257200461  9.95352676875  9.95494934307  9.95682808434  9.95914723237  9.96188675662  9.96502222107  9.96852469894  9.97236076853  9.97649261855  9.98087828541  9.98547203586  9.99022489757  9.99508532799 10.00000000000
 10.00000000000  9.99480654104  9.98967038242  9.98464786008  9.97979342789  9.97515882876  9.97079238867  9.96673845622  9.96303699786  9.95972334627  9.95682808770  9.95437706468  9.95239146448  9.95088796012  9.94987887093  9.94937231266  9.94937231220  9.94987886959  9.95088795794  9.95239146155  9.95437706112  9.95682808366  9.95972334192  9.96303699336  9.96673845177  9.97079238445  9.97515882494  9.97979342463  9.98464785751  9.98967038065  9.99480654014 10.00000000000
 10.00000000000  9.99458072069  9.98922121714  9.98398026055  9.97891466147  9.97407840616  9.96952192055  9.96529148565  9.96142881491  9.95797079076  9.95494934584  9.95239146448  9.95031927338  9.94875018723  9.94769707489  9.94716841490  9.94716841442  9.94769707348  9.94875018495  9.95031927032  9.95239146077  9.95494934162  9.95797078621  9.96142881022  9.96529148101  9.96952191614  9.97407840217  9.97891465807  9.98398025786  9.98922121528  9.99458071974 10.00000000000
 10.00000000000  9.99440974643  9.98888114148  9.98347479888  9.97824931259  9.97326036674  9.96855997710  9.96419588814  9.96021113672  9.95664377979  9.95352677081  9.95088796012  9.94875018723  9.94713142979  9.94604497393  9.94549957371  9.94549957322  9.94604497248  9.94713142743  9.94875018407  9.95088795629  9.95352676646  9.95664377510  9.96021113188  9.96419588334  9.96855997255  9.97326036262  9.97824930907  9.98347479611  9.98888113956  9.99440974546 10.00000000000
 10.00000000000  9.99429500457  9.98865291394  9.98313557781  9.97780278648  9.97271136330  9.96791439091  9.96346059607  9.95939390422  9.95575316108  9.95257200588  9.94987887093  9.94769707489  9.94604497393  9.94493613479  9.94437949688  9.94437949638  9.94493613331  9.94604497152  9.94769707166  9.94987886702  9.95257200144  9.95575315629  9.95939389928  9.96346059117  9.96791438626  9.97271135909  9.97780278289  9.98313557498  9.98865291198  9.99429500357 10.00000000000
 10.00000000000  9.99423740741  9.98853834999  9.98296529765  9.97757864108  9.97243577541  9.96759031879  9.96309149111  9.95898366399  9.95530607924  9.95209272058  9.94937231266  9.94716841490  9.94549957371  9.94437949688  9.94381721697  9.94381721646  9.94437949538  9.94549957128  9.94716841164  9.94937230870  9.95209271609  9.95530607440  9.95898365899  9.96309148617  9.96759031409  9.97243577116  9.97757863746  9.98296529479  9.98853834801  9.99423740640 10.00000000000
 10.00000000000  9.99423740736  9.98853834989  9.98296529750  9.97757864088  9.97243577516  9.96759031850  9.96309149078  9.95898366362  9.95530607884  9.95209272015  9.94937231220  9.94716841442  9.94549957322  9.94437949638  9.94381721646  9.94381721595  9.94437949488  9.94549957079  9.94716841116  9.94937230825  9.95209271566  9.95530607400  9.95898365863  9.96309148584  9.96759031380  9.97243577092  9.97757863726  9.98296529464  9.98853834791  9.99423740635 10.00000000000
 10.00000000000  9.99429500442  9.98865291364  9.98313557736  9.97780278588  9.97271136257  9.96791439005  9.96346059509  9.95939390314  9.95575315989  9.95257200461  9.94987886959  9.94769707348  9.94604497248  9.94493613331  9.94437949538  9.94437949488  9.94493613183  9.94604497007  9.94769707026  9.94987886567  9.95257200017  9.95575315510  9.95939389819  9.96346059020  9.96791438541  9.97271135837  9.97780278230  9.98313557453  9.98865291168  9.99429500342 10.00000000000
 10.00000000000  9.99440974619  9.98888114099  9.98347479816  9.97824931163  9.97326036556  9.96855997571  9.96419588655  9.96021113496  9.95664377787  9.95352676875  9.95088795794  9.94875018495  9.94713142743  9.94604497152  9.94549957128  9.94549957079  9.94604497007  9.94713142508  9.94875018179  9.95088795410  9.95352676440  9.95664377318  9.96021113012  9.96419588176  9.96855997116  9.97326036144  9.97824930811  9.98347479539  9.98888113908  9.99440974521 10.00000000000
 10.00000000000  9.99458072036  9.98922121648  9.98398025957  9.97891466019  9.97407840457  9.96952191868  9.96529148353  9.96142881255  9.95797078818  9.95494934307  9.95239146155  9.95031927032  9.94875018407  9.94769707166  9.94716841164  9.94716841116  9.94769707026  9.94875018179  9.95031926726  9.95239145784  9.95494933885  9.95797078363  9.96142880786  9.96529147889  9.96952191428  9.97407840059  9.97891465678  9.98398025689  9.98922121463  9.99458071941 10.00000000000
 10.00000000000  9.99480654064  9.98967038162  9.98464785890  9.97979342632  9.97515882683  9.97079238641  9.96673845364  9.96303699498  9.95972334314  9.95682808434  9.95437706112  9.95239146077  9.95088795629  9.94987886702  9.94937230870  9.94937230825  9.94987886567  9.95088795410  9.95239145784  9.95437705756  9.95682808030  9.95972333879  9.96303699049  9.96673844919  9.97079238219  9.97515882302  9.97979342306  9.98464785633  9.98967037985  9.99480653974 10.00000000000
 10.00000000000  9.99508532839  9.99022489834  9.98547203695  9.98087828672  9.97649261997  9.97236076995  9.96852470022  9.96502222205  9.96188675718  9.95914723237  9.95682808366  9.95494934162  9.95352676646  9.95257200144  9.95209271609  9.95209271566  9.95257200017  9.95352676440  9.95494933885  9.95682808030  9.95914722856  9.96188675306  9.96502221781  9.96852469601  9.97236076596  9.97649261637  9.98087828364  9.98547203452  9.99022489667  9.99508532754 10.00000000000
 10.00000000000  9.99541469261  9.99088000944  9.98644571960  9.98215992358  9.97806831896  9.97421357556  9.97063484017  9.96736737999  9.96444236213  9.96188675662  9.95972334192  9.95797078621  9.95664377510  9.95575315629  9.95530607440  9.95530607400  9.95575315510  9.95664377318  9.95797078363  9.95972333879  9.96188675306  9.96444235829  9.96736737604  9.97063483626  9.97421357184  9.97806831560  9.98215992071  9.98644571734  9.99088000788  9.99541469182 10.00000000000
 10.00000000000  9.99579171210  9.99162990316  9.98756026547  9.98362695636  9.97987192302  9.97633432821  9.97305009556  9.97005158266  9.96736737955  9.96502222107  9.96303699336  9.96142881022  9.96021113188  9.95939389928  9.95898365899  9.95898365863  9.95939389819  9.96021113012  9.96142880786  9.96303699049  9.96502221781  9.96736737604  9.97005157903  9.97305009197  9.97633432480  9.97987191994  9.98362695373  9.98756026339  9.99162990173  9.99579171137 10.00000000000
 10.00000000000  9.99621292349  9.99246768956  9.98880543114  9.98526589662  9.98188684107  9.97870350867  9.97574822343  9.97305009523  9.97063483942  9.96852469894  9.96673845177  9.96529148101  9.96419588334  9.96346059117  9.96309148617  9.96309148584  9.96346059020  9.96419588176  9.96529147889  9.96673844919  9.96852469601  9.97063483626  9.97305009197  9.97574822020  9.97870350561  9.98188683830  9.98526589426  9.98880542927  9.99246768827  9.99621292283 10.00000000000
 10.00000000000  9.99667431919  9.99338539656  9.99016936563  9.98706114132  9.98409388428  9.98129854586  9.97870350844  9.97633432766  9.97421357461  9.97236076853  9.97079238445  9.96952191614  9.96855997255  9.96791438626  9.96759031409  9.96759031380  9.96791438541  9.96855997116  9.96952191428  9.97079238219  9.97236076596  9.97421357184  9.97633432480  9.97870350561  9.98129854317  9.98409388185  9.98706113924  9.99016936399  9.99338539543  9.99667431861 10.00000000000
 10.00000000000  9.99717135878  9.99437399270  9.99163864447  9.98899501808  9.98647132251  9.98409388413  9.98188684070  9.97987192236  9.97806831795  9.97649261855  9.97515882494  9.97407840217  9.97326036262  9.97271135909  9.97243577116  9.97243577092  9.97271135837  9.97326036144  9.97407840059  9.97515882302  9.97649261637  9.97806831560  9.97987191994  9.98188683830  9.98409388185  9.98647132045  9.98899501632  9.99163864308  9.99437399174  9.99717135829 10.00000000000
 10.00000000000  9.99769899667  9.99542344226  9.99319835176  9.99104789363  9.98899501800  9.98706114109  9.98526589621  9.98362695570  9.98215992262  9.98087828541  9.97979342463  9.97891465807  9.97824930907  9.97780278289  9.97757863746  9.97757863726  9.97780278230  9.97824930811  9.97891465678  9.97979342306  9.98087828364  9.98215992071  9.98362695373  9.98526589426  9.98706113924  9.98899501632  9.99104789220  9.99319835064  9.99542344149  9.99769899627 10.00000000000
 10.00000000000  9.99825172776  9.99652279610  9.99483221536  9.99319835172  9.99163864435  9.99016936540  9.98880543076  9.98756026489  9.98644571879  9.98547203586  9.98464785751  9.98398025786  9.98347479611  9.98313557498  9.98296529479  9.98296529464  9.98313557453  9.98347479539  9.98398025689  9.98464785633  9.98547203452  9.98644571734  9.98756026339  9.98880542927  9.99016936399  9.99163864308  9.99319835064  9.99483221451  9.99652279551  9.99825172746 10.00000000000
 10.00000000000  9.99882365154  9.99766031906  9.99652279609  9.99542344222  9.99437399260  9.99338539637  9.99246768927  9.99162990274  9.99088000886  9.99022489757  9.98967038065  9.98922121528  9.98888113956  9.98865291198  9.98853834801  9.98853834791  9.98865291168  9.98888113908  9.98922121463  9.98967037985  9.99022489667  9.99088000788  9.99162990173  9.99246768827  9.99338539543  9.99437399174  9.99542344149  9.99652279551  9.99766031866  9.99882365133 10.00000000000
 10.00000000000  9.99940855329  9.99882365153  9.99825172775  9.99769899664  9.99717135872  9.99667431909  9.99621292333  9.99579171188  9.99541469231  9.99508532799  9.99480654014  9.99458071974  9.99440974546  9.99429500357  9.99423740640  9.99423740635  9.99429500342  9.99440974521  9.99458071941  9.99480653974  9.99508532754  9.99541469182  9.99579171137  9.99621292283  9.99667431861  9.99717135829  9.99769899627  9.99825172746  9.99882365133  9.99940855319 10.00000000000
 10.00000000000 10.00000000000 10.00000000000 10.00000000000 10.00000000000 10.00000000000 10.00000000000 10.00000000000 10.00000000000 10.00000000000 10.00000000000 10.00000000000 10.00000000000 10.00000000000 10.00000000000 10.00000000000 10.00000000000 10.00000000000 10.00000000000 10.00000000000 10.00000000000 10.00000000000 10.00000000000 10.00000000000 10.00000000000 10.00000000000 10.00000000000 10.00000000000 10.00000000000 10.00000000000 10.00000000000 10.00000000000

 10.00000000000 10.00000000000 10.00000000000 10.00000000000 10.00000000000 10.00000000000 10.00000000000 10.00000000000 10.00000000000 10.00000000000 10.00000000000 10.00000000000 10.00000000000 10.00000000000 10.00000000000 10.00000000000 10.00000000000 10.00000000000 10.00000000000 10.00000000000 10.00000000000 10.00000000000 10.00000000000 10.00000000000 10.00000000000 10.00000000000 10.00000000000 10.00000000000 10.00000000000 10.00000000000 10.00000000000 10.00000000000
 10.00000000000  9.99880454774  9.99762236579  9.99646649373  9.99534952127  9.99428339155  9.99327923494  9.99234723910  9.99149655763  9.99073525623  9.99007029283  9.98950752542  9.98905174023  9.98870669173  9.98847514648  9.98835892319  9.98835892309  9.98847514618  9.98870669124  9.98905173957  9.98950752462  9.99007029192  9.99073525526  9.99149655662  9.99234723811  9.99327923399  9.99428339070  9.99534952054  9.99646649315  9.99762236540  9.99880454754 10.00000000000
 10.00000000000  9.99762236579  9.99527112163  9.99297219896  9.99075063526  9.98863018287  9.98663297872  9.98477928593  9.98308731193  9.98157310133  9.98025049610  9.97913115088  9.97822458865  9.97753828006  9.97707773028  9.97684655855  9.97684655834  9.97707772968  9.97753827908  9.97822458735  9.97913114930  9.98025049430  9.98157309939  9.98308730992  9.98477928395  9.98663297684  9.98863018117  9.99075063380  9.99297219781  9.99527112084  9.99762236539 10.00000000000
 10.00000000000  9.99646649373  9.99297219896  9.98955564653  9.98625404035  9.98310267662  9.98013445339  9.97737948660  9.97486483965  9.97261436372  9.97064863800  9.96898499180  9.96763758644  9.96661753249  9.96593301814  9.96558942689  9.96558942658  9.96593301725  9.96661753104  9.96763758450  9.96898498944  9.97064863532  9.97261436083  9.97486483667  9.97737948365  9.98013445059  9.98310267408  9.98625403818  9.98955564483  9.99297219778  9.99646649312 10.00000000000
 10.00000000000  9.99534952127  9.99075063526  9.98625404035  9.98190869141  9.97776103650  9.97385437196  9.97022833723  9.96691855862  9.96395643852  9.96136907554  9.95917929249  9.95740574275  9.95606306332  9.95516204256  9.95470977419  9.95470977380  9.95516204139  9.95606306141  9.95740574019  9.95917928938  9.96136907201  9.96395643472  9.96691855470  9.97022833334  9.97385436827  9.97776103317  9.98190868856  9.98625403810  9.99075063371  9.99534952048 10.00000000000
 10.00000000000  9.99428339155  9.98863018287  9.98310267662  9.97776103650  9.97266235055  9.96785983922  9.96340223472  9.95933334258  9.95569178145  9.95251088348  9.94981872673  9.94763826407  9.94598750924  9.94487974150  9.94432369335  9.94432369286  9.94487974005  9.94598750690  9.94763826091  9.94981872291  9.95251087914  9.95569177677  9.95933333775  9.96340222993  9.96785983468  9.97266234644  9.97776103300  9.98310267385  9.98863018096  9.99428339058 10.00000000000
 10.00000000000  9.99327923494  9.98663297872  9.98013445339  9.97385437196  9.96785983922  9.96221342198  9.95697241963  9.95218834815  9.94790663269  9.94416648843  9.94100095627  9.93843705164  9.93649598078  9.93519337892  9.93453952919  9.93453952862  9.93519337721  9.93649597802  9.93843704793  9.94100095177  9.94416648332  9.94790662717  9.95218834246  9.95697241400  9.96221341664  9.96785983439  9.97385436783  9.98013445013  9.98663297648  9.99327923379 10.00000000000
 10.00000000000  9.99234723910  9.98477928593  9.97737948660  9.97022833723  9.96340223472  9.95697241963  9.95100414598  9.94555609283  9.94068001267  9.93642059310  9.93281549449  9.92989551627  9.92768483998  9.92620129768  9.92545661897  9.92545661831  9.92620129574  9.92768483683  9.92989551204  9.93281548936  9.93642058727  9.94068000638  9.94555608635  9.95100413956  9.95697241355  9.96340222921  9.97022833252  9.97737948289  9.98477928337  9.99234723780 10.00000000000
 10.00000000000  9.99149655763  9.98308731193  9.97486483965  9.96691855862  9.95933334258  9.95218834815  9.94555609283  9.93950180039  9.93408300804  9.92934941001  9.92534289590  9.92209773176  9.91964082659  9.91799202738  9.91716439093  9.91716439020  9.91799202522  9.91964082308  9.92209772705  9.92534289019  9.92934940352  9.93408300104  9.93950179317  9.94555608569  9.95218834137  9.95933333645  9.96691855339  9.97486483552  9.98308730908  9.99149655618 10.00000000000
 10.00000000000  9.99073525623  9.98157310133  9.97261436372  9.96395643852  9.95569178145  9.94790663269  9.94068001267  9.93408300804  9.92817834153  9.92302019844  9.91865426472  9.91511792036  9.91244052586  9.91064374018  9.90974181419  9.90974181339  9.91064373782  9.91244052203  9.91511791523  9.91865425849  9.92302019136  9.92817833390  9.93408300016  9.94068000488  9.94790662529  9.95569177477  9.96395643281  9.97261435922  9.98157309822  9.99073525465 10.00000000000
 10.00000000000  9.99007029283  9.98025049610  9.97064863800  9.96136907554  9.95251088348  9.94416648843  9.93642059310  9.92934941001  9.92302019844  9.91749107527  9.91281105214  9.90902023862  9.90615014543  9.90422402167  9.90325716644  9.90325716558  9.90422401914  9.90615014132  9.90902023311  9.91281104545  9.91749106768  9.92302019025  9.92934940156  9.93642058474  9.94416648050  9.95251087630  9.96136906941  9.97064863317  9.98025049276  9.99007029112 10.00000000000
 10.00000000000  9.98950752542  9.97913115088  9.96898499180  9.95917929249  9.94981872673  9.94100095627  9.93281549449  9.92534289590  9.91865426472  9.91281105214  9.90786509191  9.90385881134  9.90082554791  9.89878990228  9.89776806482  9.89776806391  9.89878989961  9.90082554357  9.90385880551  9.90786508483  9.91281104410  9.91865425606  9.92534288696  9.93281548565  9.94100094788  9.94981871914  9.95917928600  9.96898498668  9.97913114736  9.98950752362 10.00000000000
 10.00000000000  9.98905174023  9.97822458865  9.96763758644  9.95740574275  9.94763826407  9.93843705164  9.92989551627  9.92209773176  9.91511792036  9.90902023862  9.90385881134  9.89967794839  9.89651247171  9.89438808070  9.89332169056  9.89332168962  9.89438807791  9.89651246717  9.89967794230  9.90385880395  9.90902023022  9.91511791132  9.92209772242  9.92989550703  9.93843704287  9.94763825613  9.95740573598  9.96763758110  9.97822458497  9.98905173835 10.00000000000
 10.00000000000  9.98870669173  9.97753828006  9.96661753249  9.95606306332  9.94598750924  9.93649598078  9.92768483998  9.91964082659  9.91244052586  9.90615014543  9.90082554791  9.89651247171  9.89324686565  9.89105526353  9.88995513110  9.88995513012  9.89105526065  9.89324686096  9.89651246542  9.90082554028  9.90615013676  9.91244051651  9.91964081695  9.92768483044  9.93649597173  9.94598750106  9.95606305632  9.96661752698  9.97753827625  9.98870668979 10.00000000000
 10.00000000000  9.98847514648  9.97707773028  9.96593301814  9.95516204256  9.94487974150  9.93519337892  9.92620129768  9.91799202738  9.91064374018  9.90422402167  9.89878990228  9.89438808070  9.89105526353  9.88881854578  9.88769576352  9.88769576252  9.88881854283  9.89105525875  9.89438807429  9.89878989449  9.90422401283  9.91064373065  9.91799201754  9.92620128794  9.93519336968  9.94487973314  9.95516203542  9.96593301251  9.97707772639  9.98847514450 10.00000000000
 10.00000000000  9.98835892319  9.97684655855  9.96558942689  9.95470977419  9.94432369335  9.93453952919  9.92545661897  9.91716439093  9.90974181419  9.90325716644  9.89776806482  9.89332169056  9.88995513110  9.88769576352  9.88656161010  9.88656160909  9.88769576054  9.88995512627  9.89332168408  9.89776805695  9.90325715750  9.90974180455  9.91716438099  9.92545660913  9.93453951986  9.94432368490  9.95470976698  9.96558942120  9.97684655462  9.98835892119 10.00000000000
 10.00000000000  9.98835892309  9.97684655834  9.96558942658  9.95470977380  9.94432369286  9.93453952862  9.92545661831  9.91716439020  9.90974181339  9.90325716558  9.89776806391  9.89332168962  9.88995513012  9.88769576252  9.88656160909  9.88656160808  9.88769575954  9.88995512529  9.89332168313  9.89776805604  9.90325715664  9.90974180375  9.91716438026  9.92545660847  9.93453951928  9.94432368441  9.95470976658  9.96558942090  9.97684655442  9.98835892109 10.00000000000
 10.00000000000  9.98847514618  9.97707772968  9.96593301725  9.95516204139  9.94487974005  9.93519337721  9.92620129574  9.91799202522  9.91064373782  9.90422401914  9.89878989961  9.89438807791  9.89105526065  9.88881854283  9.88769576054  9.88769575954  9.88881853988  9.89105525586  9.89438807149  9.89878989181  9.90422401030  9.91064372829  9.91799201538  9.92620128600  9.93519336798  9.94487973169  9.95516203424  9.96593301162  9.97707772579  9.98847514420 10.00000000000
 10.00000000000  9.98870669124  9.97753827908  9.96661753104  9.95606306141  9.94598750690  9.93649597802  9.92768483683  9.91964082308  9.91244052203  9.90615014132  9.90082554357  9.89651246717  9.89324686096  9.89105525875  9.88995512627  9.88995512529  9.89105525586  9.89324685628  9.89651246088  9.90082553594  9.90615013266  9.91244051269  9.91964081345  9.92768482729  9.93649596897  9.94598749871  9.95606305441  9.96661752553  9.97753827528  9.98870668930 10.00000000000
