
 10.00000000000 10.00000000000 10.00000000000 10.00000000000 10.00000000000 10.00000000000 10.00000000000 10.00000000000 10.00000000000 10.00000000000 10.00000000000 10.00000000000 10.00000000000 10.00000000000 10.00000000000 10.00000000000 10.00000000000 10.00000000000 10.00000000000 10.00000000000 10.00000000000 10.00000000000 10.00000000000 10.00000000000 10.00000000000 10.00000000000 10.00000000000 10.00000000000 10.00000000000 10.00000000000 10.00000000000 10.00000000000
 10.00000000000 10.00000000000 10.00000000000 10.00000000000 10.00000000000 10.00000000000 10.00000000000 10.00000000000 10.00000000000 10.00000000000 10.00000000000 10.00000000000 10.00000000000 10.00000000000 10.00000000000 10.00000000000 10.00000000000 10.00000000000 10.00000000000 10.00000000000 10.00000000000 10.00000000000 10.00000000000 10.00000000000 10.00000000000 10.00000000000 10.00000000000 10.00000000000 10.00000000000 10.00000000000 10.00000000000 10.00000000000
 10.00000000000 10.00000000000 10.00000000000 10.00000000000 10.00000000000 10.00000000000 10.00000000000 10.00000000000 10.00000000000 10.00000000000 10.00000000000 10.00000000000 10.00000000000 10.00000000000 10.00000000000 10.00000000000 10.00000000000 10.00000000000 10.00000000000 10.00000000000 10.00000000000 10.00000000000 10.00000000000 10.00000000000 10.00000000000 10.00000000000 10.00000000000 10.00000000000 10.00000000000 10.00000000000 10.00000000000 10.00000000000
 10.00000000000 10.00000000000 10.00000000000 10.00000000000 10.00000000000 10.00000000000 10.00000000000 10.00000000000 10.00000000000 10.00000000000 10.00000000000 10.00000000000 10.00000000000 10.00000000000 10.00000000000 10.00000000000 10.00000000000 10.00000000000 10.00000000000 10.00000000000 10.00000000000 10.00000000000 10.00000000000 10.00000000000 10.00000000000 10.00000000000 10.00000000000 10.00000000000 10.00000000000 10.00000000000 10.00000000000 10.00000000000
 10.00000000000 10.00000000000 10.00000000000 10.00000000000 10.00000000000 10.00000000000 10.00000000000 10.00000000000 10.00000000000 10.00000000000 10.00000000000 10.00000000000 10.00000000000 10.00000000000 10.00000000000 10.00000000000 10.00000000000 10.00000000000 10.00000000000 10.00000000000 10.00000000000 10.00000000000 10.00000000000 10.00000000000 10.00000000000 10.00000000000 10.00000000000 10.00000000000 10.00000000000 10.00000000000 10.00000000000 10.00000000000
 10.00000000000 10.00000000000 10.00000000000 10.00000000000 10.00000000000 10.00000000000 10.00000000000 10.00000000000 10.00000000000 10.00000000000 10.00000000000 10.00000000000 10.00000000000 10.00000000000 10.00000000000 10.00000000000 10.00000000000 10.00000000000 10.00000000000 10.00000000000 10.00000000000 10.00000000000 10.00000000000 10.00000000000 10.00000000000 10.00000000000 10.00000000000 10.00000000000 10.00000000000 10.00000000000 10.00000000000 10.00000000000
 10.00000000000 10.00000000000 10.00000000000 10.00000000000 10.00000000000 10.00000000000 10.00000000000 10.00000000000 10.00000000000 10.00000000000 10.00000000000 10.00000000000 10.00000000000 10.00000000000 10.00000000000 10.00000000000 10.00000000000 10.00000000000 10.00000000000 10.00000000000 10.00000000000 10.00000000000 10.00000000000 10.00000000000 10.00000000000 10.00000000000 10.00000000000 10.00000000000 10.00000000000 10.00000000000 10.00000000000 10.00000000000
 10.00000000000 10.00000000000 10.00000000000 10.00000000000 10.00000000000 10.00000000000 10.00000000000 10.00000000000 10.00000000000 10.00000000000 10.00000000000 10.00000000000 10.00000000000 10.00000000000 10.00000000000 10.00000000000 10.00000000000 10.00000000000 10.00000000000 10.00000000000 10.00000000000 10.00000000000 10.00000000000 10.00000000000 10.00000000000 10.00000000000 10.00000000000 10.00000000000 10.00000000000 10.00000000000 10.00000000000 10.00000000000
 10.00000000000 10.00000000000 10.00000000000 10.00000000000 10.00000000000 10.00000000000 10.00000000000 10.00000000000 10.00000000000 10.00000000000 10.00000000000 10.00000000000 10.00000000000 10.00000000000 10.00000000000 10.00000000000 10.00000000000 10.00000000000 10.00000000000 10.00000000000 10.00000000000 10.00000000000 10.00000000000 10.00000000000 10.00000000000 10.00000000000 10.00000000000 10.00000000000 10.00000000000 10.00000000000 10.00000000000 10.00000000000
 10.00000000000 10.00000000000 10.00000000000 10.00000000000 10.00000000000 10.00000000000 10.00000000000 10.00000000000 10.00000000000 10.00000000000 10.00000000000 10.00000000000 10.00000000000 10.00000000000 10.00000000000 10.00000000000 10.00000000000 10.00000000000 10.00000000000 10.00000000000 10.00000000000 10.00000000000 10.00000000000 10.00000000000 10.00000000000 10.00000000000 10.00000000000 10.00000000000 10.00000000000 10.00000000000 10.00000000000 10.00000000000
 10.00000000000 10.00000000000 10.00000000000 10.00000000000 10.00000000000 10.00000000000 10.00000000000 10.00000000000 10.00000000000 10.00000000000 10.00000000000 10.00000000000 10.00000000000 10.00000000000 10.00000000000 10.00000000000 10.00000000000 10.00000000000 10.00000000000 10.00000000000 10.00000000000 10.00000000000 10.00000000000 10.00000000000 10.00000000000 10.00000000000 10.00000000000 10.00000000000 10.00000000000 10.00000000000 10.00000000000 10.00000000000
 10.00000000000 10.00000000000 10.00000000000 10.00000000000 10.00000000000 10.00000000000 10.00000000000 10.00000000000 10.00000000000 10.00000000000 10.00000000000 10.00000000000 10.00000000000 10.00000000000 10.00000000000 10.00000000000 10.00000000000 10.00000000000 10.00000000000 10.00000000000 10.00000000000 10.00000000000 10.00000000000 10.00000000000 10.00000000000 10.00000000000 10.00000000000 10.00000000000 10.00000000000 10.00000000000 10.00000000000 10.00000000000
 10.00000000000 10.00000000000 10.00000000000 10.00000000000 10.00000000000 10.00000000000 10.00000000000 10.00000000000 10.00000000000 10.00000000000 10.00000000000 10.00000000000 10.00000000000 10.00000000000 10.00000000000 10.00000000000 10.00000000000 10.00000000000 10.00000000000 10.00000000000 10.00000000000 10.00000000000 10.00000000000 10.00000000000 10.00000000000 10.00000000000 10.00000000000 10.00000000000 10.00000000000 10.00000000000 10.00000000000 10.00000000000
 10.00000000000 10.00000000000 10.00000000000 10.00000000000 10.00000000000 10.00000000000 10.00000000000 10.00000000000 10.00000000000 10.00000000000 10.00000000000 10.00000000000 10.00000000000 10.00000000000 10.00000000000 10.00000000000 10.00000000000 10.00000000000 10.00000000000 10.00000000000 10.00000000000 10.00000000000 10.00000000000 10.00000000000 10.00000000000 10.00000000000 10.00000000000 10.00000000000 10.00000000000 10.00000000000 10.00000000000 10.00000000000
 10.00000000000 10.00000000000 10.00000000000 10.00000000000 10.00000000000 10.00000000000 10.00000000000 10.00000000000 10.00000000000 10.00000000000 10.00000000000 10.00000000000 10.00000000000 10.00000000000 10.00000000000 10.00000000000 10.00000000000 10.00000000000 10.00000000000 10.00000000000 10.00000000000 10.00000000000 10.00000000000 10.00000000000 10.00000000000 10.00000000000 10.00000000000 10.00000000000 10.00000000000 10.00000000000 10.00000000000 10.00000000000
 10.00000000000 10.00000000000 10.00000000000 10.00000000000 10.00000000000 10.00000000000 10.00000000000 10.00000000000 10.00000000000 10.00000000000 10.00000000000 10.00000000000 10.00000000000 10.00000000000 10.00000000000 10.00000000000 10.00000000000 10.00000000000 10.00000000000 10.00000000000 10.00000000000 10.00000000000 10.00000000000 10.00000000000 10.00000000000 10.00000000000 10.00000000000 10.00000000000 10.00000000000 10.00000000000 10.00000000000 10.00000000000
 10.00000000000 10.00000000000 10.00000000000 10.00000000000 10.00000000000 10.00000000000 10.00000000000 10.00000000000 10.00000000000 10.00000000000 10.00000000000 10.00000000000 10.00000000000 10.00000000000 10.00000000000 10.00000000000 10.00000000000 10.00000000000 10.00000000000 10.00000000000 10.00000000000 10.00000000000 10.00000000000 10.00000000000 10.00000000000 10.00000000000 10.00000000000 10.00000000000 10.00000000000 10.00000000000 10.00000000000 10.00000000000
 10.00000000000 10.00000000000 10.00000000000 10.00000000000 10.00000000000 10.00000000000 10.00000000000 10.00000000000 10.00000000000 10.00000000000 10.00000000000 10.00000000000 10.00000000000 10.00000000000 10.00000000000 10.00000000000 10.00000000000 10.00000000000 10.00000000000 10.00000000000 10.00000000000 10.00000000000 10.00000000000 10.00000000000 10.00000000000 10.00000000000 10.00000000000 10.00000000000 10.00000000000 10.00000000000 10.00000000000 10.00000000000
 10.00000000000 10.00000000000 10.00000000000 10.00000000000 10.00000000000 10.00000000000 10.00000000000 10.00000000000 10.00000000000 10.00000000000 10.00000000000 10.00000000000 10.00000000000 10.00000000000 10.00000000000 10.00000000000 10.00000000000 10.00000000000 10.00000000000 10.00000000000 10.00000000000 10.00000000000 10.00000000000 10.00000000000 10.00000000000 10.00000000000 10.00000000000 10.00000000000 10.00000000000 10.00000000000 10.00000000000 10.00000000000
 10.00000000000 10.00000000000 10.00000000000 10.00000000000 10.00000000000 10.00000000000 10.00000000000 10.00000000000 10.00000000000 10.00000000000 10.00000000000 10.00000000000 10.00000000000 10.00000000000 10.00000000000 10.00000000000 10.00000000000 10.00000000000 10.00000000000 10.00000000000 10.00000000000 10.00000000000 10.00000000000 10.00000000000 10.00000000000 10.00000000000 10.00000000000 10.00000000000 10.00000000000 10.00000000000 10.00000000000 10.00000000000
 10.00000000000 10.00000000000 10.00000000000 10.00000000000 10.00000000000 10.00000000000 10.00000000000 10.00000000000 10.00000000000 10.00000000000 10.00000000000 10.00000000000 10.00000000000 10.00000000000 10.00000000000 10.00000000000 10.00000000000 10.00000000000 10.00000000000 10.00000000000 10.00000000000 10.00000000000 10.00000000000 10.00000000000 10.00000000000 10.00000000000 10.00000000000 10.00000000000 10.00000000000 10.00000000000 10.00000000000 10.00000000000
 10.00000000000 10.00000000000 10.00000000000 10.00000000000 10.00000000000 10.00000000000 10.00000000000 10.00000000000 10.00000000000 10.00000000000 10.00000000000 10.00000000000 10.00000000000 10.00000000000 10.00000000000 10.00000000000 10.00000000000 10.00000000000 10.00000000000 10.00000000000 10.00000000000 10.00000000000 10.00000000000 10.00000000000 10.00000000000 10.00000000000 10.00000000000 10.00000000000 10.00000000000 10.00000000000 10.00000000000 10.00000000000
 10.00000000000 10.00000000000 10.00000000000 10.00000000000 10.00000000000 10.00000000000 10.00000000000 10.00000000000 10.00000000000 10.00000000000 10.00000000000 10.00000000000 10.00000000000 10.00000000000 10.00000000000 10.00000000000 10.00000000000 10.00000000000 10.00000000000 10.00000000000 10.00000000000 10.00000000000 10.00000000000 10.00000000000 10.00000000000 10.00000000000 10.00000000000 10.00000000000 10.00000000000 10.00000000000 10.00000000000 10.00000000000
 10.00000000000 10.00000000000 10.00000000000 10.00000000000 10.00000000000 10.00000000000 10.00000000000 10.00000000000 10.00000000000 10.00000000000 10.00000000000 10.00000000000 10.00000000000 10.00000000000 10.00000000000 10.00000000000 10.00000000000 10.00000000000 10.00000000000 10.00000000000 10.00000000000 10.00000000000 10.00000000000 10.00000000000 10.00000000000 10.00000000000 10.00000000000 10.00000000000 10.00000000000 10.00000000000 10.00000000000 10.00000000000
 10.00000000000 10.00000000000 10.00000000000 10.00000000000 10.00000000000 10.00000000000 10.00000000000 10.00000000000 10.00000000000 10.00000000000 10.00000000000 10.00000000000 10.00000000000 10.00000000000 10.00000000000 10.00000000000 10.00000000000 10.00000000000 10.00000000000 10.00000000000 10.00000000000 10.00000000000 10.00000000000 10.00000000000 10.00000000000 10.00000000000 10.00000000000 10.00000000000 10.00000000000 10.00000000000 10.00000000000 10.00000000000
 10.00000000000 10.00000000000 10.00000000000 10.00000000000 10.00000000000 10.00000000000 10.00000000000 10.00000000000 10.00000000000 10.00000000000 10.00000000000 10.00000000000 10.00000000000 10.00000000000 10.00000000000 10.00000000000 10.00000000000 10.00000000000 10.00000000000 10.00000000000 10.00000000000 10.00000000000 10.00000000000 10.00000000000 10.00000000000 10.00000000000 10.00000000000 10.00000000000 10.00000000000 10.00000000000 10.00000000000 10.00000000000
 10.00000000000 10.00000000000 10.00000000000 10.00000000000 10.00000000000 10.00000000000 10.00000000000 10.00000000000 10.00000000000 10.00000000000 10.00000000000 10.00000000000 10.00000000000 10.00000000000 10.00000000000 10.00000000000 10.00000000000 10.00000000000 10.00000000000 10.00000000000 10.00000000000 10.00000000000 10.00000000000 10.00000000000 10.00000000000 10.00000000000 10.00000000000 10.00000000000 10.00000000000 10.00000000000 10.00000000000 10.00000000000
 10.00000000000 10.00000000000 10.00000000000 10.00000000000 10.00000000000 10.00000000000 10.00000000000 10.00000000000 10.00000000000 10.00000000000 10.00000000000 10.00000000000 10.00000000000 10.00000000000 10.00000000000 10.00000000000 10.00000000000 10.00000000000 10.00000000000 10.00000000000 10.00000000000 10.00000000000 10.00000000000 10.00000000000 10.00000000000 10.00000000000 10.00000000000 10.00000000000 10.00000000000 10.00000000000 10.00000000000 10.00000000000
 10.00000000000 10.00000000000 10.00000000000 10.00000000000 10.00000000000 10.00000000000 10.00000000000 10.00000000000 10.00000000000 10.00000000000 10.00000000000 10.00000000000 10.00000000000 10.00000000000 10.00000000000 10.00000000000 10.00000000000 10.00000000000 10.00000000000 10.00000000000 10.00000000000 10.00000000000 10.00000000000 10.00000000000 10.00000000000 10.00000000000 10.00000000000 10.00000000000 10.00000000000 10.00000000000 10.00000000000 10.00000000000
 10.00000000000 10.00000000000 10.00000000000 10.00000000000 10.00000000000 10.00000000000 10.00000000000 10.00000000000 10.00000000000 10.00000000000 10.00000000000 10.00000000000 10.00000000000 10.00000000000 10.00000000000 10.00000000000 10.00000000000 10.00000000000 10.00000000000 10.00000000000 10.00000000000 10.00000000000 10.00000000000 10.00000000000 10.00000000000 10.00000000000 10.00000000000 10.00000000000 10.00000000000 10.00000000000 10.00000000000 10.00000000000
 10.00000000000 10.00000000000 10.00000000000 10.00000000000 10.00000000000 10.00000000000 10.00000000000 10.00000000000 10.00000000000 10.00000000000 10.00000000000 10.00000000000 10.00000000000 10.00000000000 10.00000000000 10.00000000000 10.00000000000 10.00000000000 10.00000000000 10.00000000000 10.00000000000 10.00000000000 10.00000000000 10.00000000000 10.00000000000 10.00000000000 10.00000000000 10.00000000000 10.00000000000 10.00000000000 10.00000000000 10.00000000000
 10.00000000000 10.00000000000 10.00000000000 10.00000000000 10.00000000000 10.00000000000 10.00000000000 10.00000000000 10.00000000000 10.00000000000 10.00000000000 10.00000000000 10.00000000000 10.00000000000 10.00000000000 10.00000000000 10.00000000000 10.00000000000 10.00000000000 10.00000000000 10.00000000000 10.00000000000 10.00000000000 10.00000000000 10.00000000000 10.00000000000 10.00000000000 10.00000000000 10.00000000000 10.00000000000 10.00000000000 10.00000000000

 10.00000000000 10.00000000000 10.00000000000 10.00000000000 10.00000000000 10.00000000000 10.00000000000 10.00000000000 10.00000000000 10.00000000000 10.00000000000 10.00000000000 10.00000000000 10.00000000000 10.00000000000 10.00000000000 10.00000000000 10.00000000000 10.00000000000 10.00000000000 10.00000000000 10.00000000000 10.00000000000 10.00000000000 10.00000000000 10.00000000000 10.00000000000 10.00000000000 10.00000000000 10.00000000000 10.00000000000 10.00000000000
 10.00000000000  9.96069913695  9.92291707228  9.88799822452  9.85697130382  9.83046540130  9.80869340150  9.79149702405  9.77843563560  9.76889514557  9.76219428957  9.75767174089  9.75474596199  9.75294774386  9.75193111413  9.75147104118  9.75145640344  9.75188480379  9.75286280099  9.75461163108  9.75747495133  9.76192202037  9.76853768318  9.77799042339  9.79097241917  9.80811133820  9.82986187831  9.85639389572  9.88750047656  9.92255052853  9.96050458853 10.00000000000
 10.00000000000  9.92291707228  9.84881360273  9.78032690231  9.71947484859  9.66749127515  9.62479346798  9.59107058571  9.56545794856  9.54675071047  9.53361237834  9.52474569135  9.51901000000  9.51548505405  9.51349235474  9.51259061137  9.51256192151  9.51340158374  9.51531855126  9.51874666896  9.52435989188  9.53307856326  9.54604981485  9.56458494116  9.59004184022  9.62365199045  9.66630766352  9.71834241374  9.77935067385  9.84809469012  9.92253549459 10.00000000000
 10.00000000000  9.88799822452  9.78032690231  9.68081905202  9.59240714897  9.51688387120  9.45485494240  9.40586778668  9.36866499705  9.34149500796  9.32241521325  9.30954030698  9.30121281024  9.29609567787  9.29320322474  9.29189443076  9.29185279042  9.29307147310  9.29585398103  9.30083051245  9.30898014360  9.32164004460  9.34047710210  9.36739700466  9.40437345785  9.45319673075  9.51516433650  9.59076187282  9.67940066220  9.77928234204  9.88744379245 10.00000000000
 10.00000000000  9.85697130382  9.71947484859  9.59240714897  9.47951386185  9.38308412980  9.30389047926  9.24135341699  9.19386549322  9.15918838231  9.13484020297  9.11841274244  9.10778918021  9.10126221907  9.09757341340  9.09590446332  9.09585136474  9.09740539574  9.10095395497  9.10730151753  9.11769807779  9.13385107564  9.15788932703  9.19224705971  9.23944586609  9.30177350815  9.38088867718  9.47741306926  9.59059595775  9.71814095991  9.85626328492 10.00000000000
 10.00000000000  9.83046540130  9.66749127515  9.51688387120  9.38308412980  9.26880520906  9.17496141115  9.10086370177  9.04460435563  9.00352810387  8.97469155462  8.95523932610  8.94266205848  8.93493625568  8.93057067195  8.92859577525  8.92853294339  8.93037183947  8.93457140300  8.94208477231  8.95439315972  8.97352020688  9.00198946632  9.04268713630  9.09860367408  9.17245296167  9.26620349676  9.38059438370  9.51473720390  9.66591024399  9.82962617721 10.00000000000
 10.00000000000  9.80869340150  9.62479346798  9.45485494240  9.30389047926  9.17496141115  9.06909775204  8.98551934241  8.92207053884  8.87575245640  8.84324178412  8.82131536954  8.80714129051  8.79843643290  8.79351855185  8.79129411554  8.79122334525  8.79329457828  8.79802538319  8.80649078434  8.82036168507  8.84192133494  8.87401763992  8.91990850228  8.98297033650  9.06626818651  9.17202631533  9.30108143936  9.45243280597  9.62300946138  9.80774640739 10.00000000000
 10.00000000000  9.79149702405  9.59107058571  9.40586778668  9.24135341699  9.10086370177  8.98551934241  8.89446711597  8.82535435940  8.77490971004  8.73950899553  8.71563814707  8.70021035101  8.69073754250  8.68538683206  8.68296696026  8.68288997303  8.68514316131  8.69029027287  8.69950238680  8.71460000993  8.73807132264  8.77302052403  8.82299952940  8.89169038101  8.98243656810  9.09766558875  9.23829236965  9.40322816085  9.58912628768  9.79046491109 10.00000000000
 10.00000000000  9.77843563560  9.56545794856  9.36866499705  9.19386549322  9.04460435563  8.92207053884  8.82535435940  8.75195244347  8.69838551893  8.66080020347  8.63546108220  8.61908763894  8.60903623691  8.60335975723  8.60079290156  8.60071123899  8.60310126640  8.60856169254  8.61833636192  8.63435921291  8.65927397226  8.69637959465  8.74945168447  8.82240511174  8.91879581433  9.04120673742  9.19061319805  9.36586025602  9.56339192609  9.77733887326 10.00000000000
 10.00000000000  9.76889514557  9.54675071047  9.34149500796  9.15918838231  9.00352810387  8.87575245640  8.77490971004  8.69838551893  8.64254795654  8.60337564385  8.57697117236  8.55991245801  8.54944231271  8.54353034239  8.54085732716  8.54077228810  8.54326114272  8.54894804088  8.55912981604  8.57582309324  8.60178512316  8.64045718778  8.69577858903  8.77183483398  8.87233783581  8.99998498398  9.15579652960  9.33856972644  9.54459579681  9.76775116320 10.00000000000
 10.00000000000  9.76219428957  9.53361237834  9.32241521325  9.13484020297  8.97469155462  8.84324178412  8.73950899553  8.66080020347  8.60337564385  8.56309549546  8.53594832792  8.51841256533  8.50765133423  8.50157588046  8.49882923795  8.49874185739  8.50129924994  8.50714335869  8.51760810652  8.53476806070  8.56146013118  8.60122561759  8.65811903443  8.73634618360  8.83972915232  8.97104641830  9.13135044020  9.31940532237  9.53139504877  9.76101714421 10.00000000000
 10.00000000000  9.75767174089  9.52474569135  9.30954030698  9.11841274244  8.95523932610  8.82131536954  8.71563814707  8.63546108220  8.57697117236  8.53594832792  8.50830398484  8.49044937601  8.47949389931  8.47330950909  8.47051385771  8.47042491888  8.47302792996  8.47897678683  8.48963034943  8.50710219125  8.53428292824  8.57478140043  8.63273005503  8.71241621121  8.81773677447  8.95152547337  9.11485698401  9.30647335526  9.52248625224  9.75647221666 10.00000000000
 10.00000000000  9.75474596199  9.51901000000  9.30121281024  9.10778918021  8.94266205848  8.80714129051  8.70021035101  8.61908763894  8.55991245801  8.51841256533  8.49044937601  8.47239062755  8.46131099681  8.45505708692  8.45223019553  8.45214026383  8.45477235242  8.46078805092  8.47156228567  8.48923379463  8.51672789669  8.55769714917  8.61632453378  8.69695032960  8.80352015952  8.93890385502  9.10419079603  9.29810898275  9.51672333643  9.75353196597 10.00000000000
 10.00000000000  9.75294774386  9.51548505405  9.29609567787  9.10126221907  8.93493625568  8.79843643290  8.69073754250  8.60903623691  8.54944231271  8.50765133423  8.47949389931  8.46131099681  8.45015598783  8.44385993694  8.44101413098  8.44092359882  8.44357329271  8.44962950678  8.46047700069  8.47826993490  8.50595493082  8.54721142827  8.60625353962  8.68745423134  8.79478926310  8.93115087808  9.09763769847  9.29296922671  9.51318168118  9.75172486345 10.00000000000
 10.00000000000  9.75193111413  9.51349235474  9.29320322474  9.09757341340  8.93057067195  8.79351855185  8.68538683206  8.60335975723  8.54353034239  8.50157588046  8.47330950909  8.45505708692  8.44385993694  8.43754036118  8.43468400814  8.43459314230  8.43725265501  8.44333148776  8.45421993830  8.47208086360  8.49987291462  8.54129073553  8.60056607449  8.68209044764  8.78985675159  8.92677001354  9.09393418572  9.29006403657  9.51117957114  9.75070322890 10.00000000000
 10.00000000000  9.75147104118  9.51259061137  9.29189443076  9.09590446332  8.92859577525  8.79129411554  8.68296696026  8.60079290156  8.54085732716  8.49882923795  8.47051385771  8.45223019553  8.44101413098  8.43468400814  8.43182293113  8.43173191795  8.43439583279  8.44048481151  8.45139165141  8.46928313775  8.49712336073  8.53861384676  8.59799433583  8.67966476015  8.78762580231  8.92478831032  9.09225868153  9.28874956428  9.51027363123  9.75024092378 10.00000000000
 10.00000000000  9.75145640344  9.51256192151  9.29185279042  9.09585136474  8.92853294339  8.79122334525  8.68288997303  8.60071123899  8.54077228810  8.49874185739  8.47042491888  8.45214026383  8.44092359882  8.43459314230  8.43173191795  8.43164090477  8.43430496696  8.44039427935  8.45130171972  8.46919419893  8.49703598017  8.53852880769  8.59791267326  8.67958777292  8.78755503201  8.92472547846  9.09220558295  9.28870792394  9.51024494137  9.75022628604 10.00000000000
 10.00000000000  9.75188480379  9.51340158374  9.29307147310  9.09740539574  8.93037183947  8.79329457828  8.68514316131  8.60310126640  8.54326114272  8.50129924994  8.47302792996  8.45477235242  8.44357329271  8.43725265501  8.43439583279  8.43430496696  8.43696494884  8.44304484354  8.45393520381  8.47179928448  8.49959628410  8.54102153586  8.60030758365  8.68184677689  8.78963277802  8.92657118106  9.09376616806  9.28993228493  9.51108880013  9.75065691856 10.00000000000
 10.00000000000  9.75286280099  9.51531855126  9.29585398103  9.10095395497  8.93457140300  8.79802538319  8.69029027287  8.60856169254  8.54894804088  8.50714335869  8.47897678683  8.46078805092  8.44962950678  8.44333148776  8.44048481151  8.44039427935  8.44304484354  8.44910302574  8.45995405479  8.47775282242  8.50544695529  8.54671715644  8.60577899526  8.68700696171  8.79437821339  8.93078602541  9.09732943436  9.29272752987  9.51301517839  9.75163992058 10.00000000000
 10.00000000000  9.75461163108  9.51874666896  9.30083051245  9.10730151753  8.94208477231  8.80649078434  8.69950238680  8.61833636192  8.55912981604  8.51760810652  8.48963034943  8.47156228567  8.46047700069  8.45421993830  8.45139165141  8.45130171972  8.45393520381  8.45995405479  8.47073394379  8.48841476805  8.51592343788  8.55691450720  8.61557325676  8.69624236540  8.80286965335  8.93832656886  9.10370313335  9.29772668497  9.51646000539  9.75339763506 10.00000000000
 10.00000000000  9.75747495133  9.52435989188  9.30898014360  9.11769807779  8.95439315972  8.82036168507  8.71460000993  8.63435921291  8.57582309324  8.53476806070  8.50710219125  8.48923379463  8.47826993490  8.47208086360  8.46928313775  8.46919419893  8.47179928448  8.47775282242  8.48841476805  8.50590039766  8.53310266102  8.57363332132  8.63162818574  8.71137807406  8.81678309000  8.95067930699  9.11414231936  9.30591319188  9.52210045277  9.75627542710 10.00000000000
 10.00000000000  9.76192202037  9.53307856326  9.32164004460  9.13385107564  8.97352020688  8.84192133494  8.73807132264  8.65927397226  8.60178512316  8.56146013118  8.53428292824  8.51672789669  8.50595493082  8.49987291462  8.49712336073  8.49703598017  8.49959628410  8.50544695529  8.51592343788  8.53310266102  8.55982476689  8.59963509690  8.65659280323  8.73490851070  8.83840870314  8.96987507056  9.13036131288  9.31863015372  9.53086123369  9.76074487502 10.00000000000
 10.00000000000  9.76853768318  9.54604981485  9.34047710210  9.15788932703  9.00198946632  8.87401763992  8.77302052403  8.69637959465  8.64045718778  8.60122561759  8.57478140043  8.55769714917  8.54721142827  8.54129073553  8.53861384676  8.53852880769  8.54102153586  8.54671715644  8.55691450720  8.57363332132  8.59963509690  8.63836641903  8.69377266475  8.76994564798  8.87060301932  8.99844634644  9.15449747432  9.33755182058  9.54389490118  9.76739370081 10.00000000000
 10.00000000000  9.77799042339  9.56458494116  9.36739700466  9.19224705971  9.04268713630  8.91990850228  8.82299952940  8.74945168447  8.69577858903  8.65811903443  8.63273005503  8.61632453378  8.60625353962  8.60056607449  8.59799433583  8.59791267326  8.60030758365  8.60577899526  8.61557325676  8.63162818574  8.65659280323  8.69377266475  8.74695092547  8.82005028175  8.91663377777  9.03928951809  9.18899476454  9.36459226363  9.56251891869  9.77689366105 10.00000000000
 10.00000000000  9.79097241917  9.59004184022  9.40437345785  9.23944586609  9.09860367408  8.98297033650  8.89169038101  8.82240511174  8.77183483398  8.73634618360  8.71241621121  8.69695032960  8.68745423134  8.68209044764  8.67966476015  8.67958777292  8.68184677689  8.68700696171  8.69624236540  8.71137807406  8.73490851070  8.76994564798  8.82005028175  8.88891364606  8.97988756218  9.09540556107  9.23638481875  9.40173383202  9.58809754218  9.78994030621 10.00000000000
 10.00000000000  9.80811133820  9.62365199045  9.45319673075  9.30177350815  9.17245296167  9.06626818651  8.98243656810  8.91879581433  8.87233783581  8.83972915232  8.81773677447  8.80352015952  8.79478926310  8.78985675159  8.78762580231  8.78755503201  8.78963277802  8.79437821339  8.80286965335  8.81678309000  8.83840870314  8.87060301932  8.91663377777  8.97988756218  9.06343862099  9.16951786585  9.29896446825  9.45077459431  9.62186798384  9.80716434409 10.00000000000
 10.00000000000  9.82986187831  9.66630766352  9.51516433650  9.38088867718  9.26620349676  9.17202631533  9.09766558875  9.04120673742  8.99998498398  8.97104641830  8.95152547337  8.93890385502  8.93115087808  8.92677001354  8.92478831032  8.92472547846  8.92657118106  8.93078602541  8.93832656886  8.95067930699  8.96987507056  8.99844634644  9.03928951809  9.09540556107  9.16951786585  9.26360178445  9.37839893108  9.51301766920  9.66472663237  9.82902265422 10.00000000000
 10.00000000000  9.85639389572  9.71834241374  9.59076187282  9.47741306926  9.38059438370  9.30108143936  9.23829236965  9.19061319805  9.15579652960  9.13135044020  9.11485698401  9.10419079603  9.09763769847  9.09393418572  9.09225868153  9.09220558295  9.09376616806  9.09732943436  9.10370313335  9.11414231936  9.13036131288  9.15449747432  9.18899476454  9.23638481875  9.29896446825  9.37839893108  9.47531227667  9.58895068161  9.71700852507  9.85568587681 10.00000000000
 10.00000000000  9.88750047656  9.77935067385  9.67940066220  9.59059595775  9.51473720390  9.45243280597  9.40322816085  9.36586025602  9.33856972644  9.31940532237  9.30647335526  9.29810898275  9.29296922671  9.29006403657  9.28874956428  9.28870792394  9.28993228493  9.29272752987  9.29772668497  9.30591319188  9.31863015372  9.33755182058  9.36459226363  9.40173383202  9.45077459431  9.51301766920  9.58895068161  9.67798227239  9.77830611358  9.88694604450 10.00000000000
 10.00000000000  9.92255052853  9.84809469012  9.77928234204  9.71814095991  9.66591024399  9.62300946138  9.58912628768  9.56339192609  9.54459579681  9.53139504877  9.52248625224  9.51672333643  9.51318168118  9.51117957114  9.51027363123  9.51024494137  9.51108880013  9.51301517839  9.51646000539  9.52210045277  9.53086123369  9.54389490118  9.56251891869  9.58809754218  9.62186798384  9.66472663237  9.71700852507  9.77830611358  9.84737577751  9.92216895084 10.00000000000
 10.00000000000  9.96050458853  9.92253549459  9.88744379245  9.85626328492  9.82962617721  9.80774640739  9.79046491109  9.77733887326  9.76775116320  9.76101714421  9.75647221666  9.75353196597  9.75172486345  9.75070322890  9.75024092378  9.75022628604  9.75065691856  9.75163992058  9.75339763506  9.75627542710  9.76074487502  9.76739370081  9.77689366105  9.78994030621  9.80716434409  9.82902265422  9.85568587681  9.88694604450  9.92216895084  9.96031004011 10.00000000000
 10.00000000000 10.00000000000 10.00000000000 10.00000000000 10.00000000000 10.00000000000 10.00000000000 10.00000000000 10.00000000000 10.00000000000 10.00000000000 10.00000000000 10.00000000000 10.00000000000 10.00000000000 10.00000000000 10.00000000000 10.00000000000 10.00000000000 10.00000000000 10.00000000000 10.00000000000 10.00000000000 10.00000000000 10.00000000000 10.00000000000 10.00000000000 10.00000000000 10.00000000000 10.00000000000 10.00000000000 10.00000000000

 10.00000000000 10.00000000000 10.00000000000 10.00000000000 10.00000000000 10.00000000000 10.00000000000 10.00000000000 10.00000000000 10.00000000000 10.00000000000 10.00000000000 10.00000000000 10.00000000000 10.00000000000 10.00000000000 10.00000000000 10.00000000000 10.00000000000 10.00000000000 10.00000000000 10.00000000000 10.00000000000 10.00000000000 10.00000000000 10.00000000000 10.00000000000 10.00000000000 10.00000000000 10.00000000000 10.00000000000 10.00000000000
 10.00000000000  9.92291707105  9.84881360032  9.78032689885  9.71947484422  9.66749127003  9.62479346229  9.59107057958  9.56545794213  9.54675070383  9.53361237157  9.52474568450  9.51900999310  9.51548504713  9.51349234780  9.51259060443  9.51256191457  9.51340157680  9.51531854434  9.51874666206  9.52435988503  9.53307855648  9.54604980821  9.56458493472  9.59004183409  9.62365198475  9.66630765840  9.71834240937  9.77935067039  9.84809468772  9.92253549336 10.00000000000
 10.00000000000  9.84881360032  9.70347204454  9.56914885869  9.44980221808  9.34785202589  9.26411622217  9.19798435870  9.14775963143  9.11107814012  9.08531798447  9.06793446236  9.05669026955  9.04978054456  9.04587466434  9.04410725410  9.04405102239  9.04569674856  9.04945417150  9.05617405959  9.06717811823  9.08427138272  9.10970386196  9.14604777591  9.19596700566  9.26187769236  9.34553077011  9.44758125184  9.56723419794  9.70206202611  9.84806519537 10.00000000000
 10.00000000000  9.78032689885  9.56914885869  9.37398494281  9.20058732578  9.05247194466  8.93082609533  8.83476098915  8.76180916803  8.70853409129  8.67112482263  8.64588317458  8.62955813764  8.61952741791  8.61385797250  8.61129276345  8.61121114955  8.61359973434  8.61905365521  8.62880872112  8.64478500417  8.66960503095  8.70653824910  8.75932281297  8.83183065268  8.92757422773  9.04909967634  9.19736057850  9.37120309474  9.56710015271  9.77923947347 10.00000000000
 10.00000000000  9.71947484422  9.44980221808  9.20058732578  8.97917737602  8.79006197464  8.63475535741  8.51211949981  8.41900006492  8.35100553037  8.30326706606  8.27106079500  8.25023477932  8.23744059112  8.23021029254  8.22693921394  8.22683514312  8.22988097452  8.23683635167  8.24927882468  8.26965974489  8.30132780416  8.34845844989  8.41582656961  8.50837887643  8.63060386365  8.78575639287  8.97505729319  9.19703511486  9.44718606974  9.71808619474 10.00000000000
 10.00000000000  9.66749127003  9.34785202589  9.05247194466  8.79006197464  8.56594327763  8.38190796453  8.23660290536  8.12628455822  8.04574341780  7.98920533750  7.95106933805  7.92641359923  7.91126958700  7.90271284700  7.89884216471  7.89871901840  7.90232313533  7.91055443354  7.92528196893  7.94941050433  7.98690884046  8.04272661308  8.12252522618  8.23217113200  8.37698880634  8.56084101218  8.78517911925  9.04826181730  9.34475118648  9.66584530046 10.00000000000
 10.00000000000  9.62479346229  9.26411622217  8.93082609533  8.63475535741  8.38190796453  8.17430280759  8.01040782167  7.88599301413  7.79517477875  7.73143373291  7.68844755868  7.66066182271  7.64359886680  7.63395970596  7.62959998939  7.62946128582  7.63352072265  7.64279317070  7.65938667609  7.68657796532  7.72884494087  7.79177336158  7.88175368181  8.00540943081  8.16875398531  8.37615195209  8.62924636212  8.92607575410  9.26061732618  9.62293614169 10.00000000000
 10.00000000000  9.59107057958  9.19798435870  8.83476098915  8.51211949981  8.23660290536  8.01040782167  7.83185872276  7.69633905213  7.59743068425  7.52802410366  7.48122642018  7.45098332719  7.43241526656  7.42192786785  7.41718516725  7.41703428076  7.42145028390  7.43153858580  7.44959556446  7.47919128875  7.52520552015  7.59372663725  7.69172173773  7.82641383033  8.00436251501  8.23033115409  8.50611633670  8.82958415561  9.19417112825  9.58904633736 10.00000000000
 10.00000000000  9.56545794213  9.14775963143  8.76180916803  8.41900006492  8.12628455822  7.88599301413  7.69633905213  7.55241042751  7.44738117977  7.37369222664  7.32401657630  7.29192006820  7.27221809063  7.26109230357  7.25606158436  7.25590153645  7.26058567839  7.27128795939  7.29044741855  7.32185652888  7.37070005376  7.44344828895  7.54750702707  7.69055593761  7.87957135743  8.11962162693  8.41262189894  8.75630856400  9.14370770965  9.56330692643 10.00000000000
 10.00000000000  9.54675070383  9.11107814012  8.70853409129  8.35100553037  8.04574341780  7.79517477875  7.59743068425  7.44738117977  7.33790087560  7.26110120434  7.20933749299  7.17589798108  7.15537541338  7.14378818250  7.13854945536  7.13838279163  7.14326057389  7.15440662473  7.17436386474  7.20708687958  7.25798302126  7.33380167347  7.44226965004  7.59140128257  7.78847884956  8.03879521134  8.34435373351  8.70279713648  9.10685192067  9.54450709805 10.00000000000
 10.00000000000  9.53361237157  9.08531798447  8.67112482263  8.30326706606  7.98920533750  7.73143373291  7.52802410366  7.37369222664  7.26110120434  7.18213018879  7.12891091698  7.09453654856  7.07344359765  7.06153604557  7.05615306509  7.05598181384  7.06099387771  7.07244795761  7.09295968040  7.12659722317  7.17892411668  7.25688585451  7.36843517442  7.52182232080  7.72454566162  7.98205712803  8.29642330967  8.66522198048  9.08096938824  9.53130374344 10.00000000000
 10.00000000000  9.52474568450  9.06793446236  8.64588317458  8.27106079500  7.95106933805  7.68844755868  7.48122642018  7.32401657630  7.20933749299  7.12891091698  7.07471734194  7.03971819132  7.01824464730  7.00612366862  7.00064467631  7.00047037233  7.00557180578  7.01723110563  7.03811277883  7.07236146540  7.12564598312  7.20504424573  7.31866180042  7.47490874519  7.68143018208  7.94378642026  8.26408765908  8.63986846569  9.06350330942  9.52239318155 10.00000000000
 10.00000000000  9.51900999310  9.05669026955  8.62955813764  8.25023477932  7.92641359923  7.66066182271  7.45098332719  7.29192006820  7.17589798108  7.09453654856  7.03971819132  7.00431906195  6.98260227951  6.97034511121  6.96480492311  6.96462867422  6.96978706715  6.98157730967  7.00269539848  7.03733529878  7.09123385561  7.17155468826  7.28650242352  7.44459100464  7.65356107127  7.91904374534  8.24317808540  8.62347114013  9.05220574661  9.51662911973 10.00000000000
 10.00000000000  9.51548504713  9.04978054456  8.61952741791  8.23744059112  7.91126958700  7.64359886680  7.43241526656  7.27221809063  7.15537541338  7.07344359765  7.01824464730  6.98260227951  6.96073783181  6.94839811652  6.94282088026  6.94264345524  6.94783633172  6.95970593693  6.98096753896  7.01584533035  7.07011791146  7.15100159910  7.26676205104  7.42597729988  7.63644708069  7.90384647073  8.23033266680  8.61339607408  9.04526326776  9.51308675820 10.00000000000
 10.00000000000  9.51349234780  9.04587466434  8.61385797250  8.23021029254  7.90271284700  7.63395970596  7.42192786785  7.26109230357  7.14378818250  7.06153604557  7.00612366862  6.97034511121  6.94839811652  6.93601232391  6.93041443074  6.93023635220  6.93544845918  6.94736236657  6.96870419522  7.00371518102  7.05819750186  7.13939727734  7.25561473728  7.41546428162  7.62677924703  7.89525978191  8.22307354275  8.60770166368  9.04133894179  9.51108424891 10.00000000000
 10.00000000000  9.51259060443  9.04410725410  8.61129276345  8.22693921394  7.89884216471  7.62959998939  7.41718516725  7.25606158436  7.13854945536  7.05615306509  7.00064467631  6.96480492311  6.94282088026  6.93041443074  6.92480728607  6.92462891897  6.92984964713  6.94178342573  6.96316127362  6.99823212487  7.05280881755  7.13415096072  7.25057445007  7.41071018468  7.62240676699  7.89137576026  8.21978961893  8.60512532553  9.03956330644  9.51017813049 10.00000000000
 10.00000000000  9.51256191457  9.04405102239  8.61121114955  8.22683514312  7.89871901840  7.62946128582  7.41703428076  7.25590153645  7.13838279163  7.05598181384  7.00047037233  6.96462867422  6.94264345524  6.93023635220  6.92462891897  6.92445055187  6.92967156859  6.94160600070  6.96298502473  6.99805782089  7.05263756630  7.13398429699  7.25041440216  7.41055929819  7.62226806342  7.89125261395  8.21968554811  8.60504371163  9.03950707473  9.51014944062 10.00000000000
 10.00000000000  9.51340157680  9.04569674856  8.61359973434  8.22988097452  7.90232313533  7.63352072265  7.42145028390  7.26058567839  7.14326057389  7.06099387771  7.00557180578  6.96978706715  6.94783633172  6.93544845918  6.92984964713  6.92967156859  6.93488459445  6.94680058177  6.96814615115  7.00316331818  7.05765533400  7.13886966873  7.25510811210  7.41498669767  7.62634026371  7.89487007024  8.22274422473  8.60744342552  9.04116102601  9.51099347790 10.00000000000
 10.00000000000  9.51531854434  9.04945417150  8.61905365521  8.23683635167  7.91055443354  7.64279317070  7.43153858580  7.27128795939  7.15440662473  7.07244795761  7.01723110563  6.98157730967  6.95970593693  6.94736236657  6.94178342573  6.94160600070  6.94680058177  6.95867404205  6.97994256912  7.01483178867  7.06912227143  7.15003281045  7.26583191980  7.42510061912  7.63564138458  7.90313131727  8.22972842735  8.61292231138  9.04493689471  9.51292025541 10.00000000000
