
 10.00000000000 10.00000000000 10.00000000000 10.00000000000 10.00000000000 10.00000000000 10.00000000000 10.00000000000 10.00000000000 10.00000000000 10.00000000000 10.00000000000 10.00000000000 10.00000000000 10.00000000000 10.00000000000 10.00000000000 10.00000000000 10.00000000000 10.00000000000 10.00000000000 10.00000000000 10.00000000000 10.00000000000 10.00000000000 10.00000000000 10.00000000000 10.00000000000 10.00000000000 10.00000000000 10.00000000000 10.00000000000
 10.00000000000 10.00000000000 10.00000000000 10.00000000000 10.00000000000 10.00000000000 10.00000000000 10.00000000000 10.00000000000 10.00000000000 10.00000000000 10.00000000000 10.00000000000 10.00000000000 10.00000000000 10.00000000000 10.00000000000 10.00000000000 10.00000000000 10.00000000000 10.00000000000 10.00000000000 10.00000000000 10.00000000000 10.00000000000 10.00000000000 10.00000000000 10.00000000000 10.00000000000 10.00000000000 10.00000000000 10.00000000000
 10.00000000000 10.00000000000 10.00000000000 10.00000000000 10.00000000000 10.00000000000 10.00000000000 10.00000000000 10.00000000000 10.00000000000 10.00000000000 10.00000000000 10.00000000000 10.00000000000 10.00000000000 10.00000000000 10.00000000000 10.00000000000 10.00000000000 10.00000000000 10.00000000000 10.00000000000 10.00000000000 10.00000000000 10.00000000000 10.00000000000 10.00000000000 10.00000000000 10.00000000000 10.00000000000 10.00000000000 10.00000000000
 10.00000000000 10.00000000000 10.00000000000 10.00000000000 10.00000000000 10.00000000000 10.00000000000 10.00000000000 10.00000000000 10.00000000000 10.00000000000 10.00000000000 10.00000000000 10.00000000000 10.00000000000 10.00000000000 10.00000000000 10.00000000000 10.00000000000 10.00000000000 10.00000000000 10.00000000000 10.00000000000 10.00000000000 10.00000000000 10.00000000000 10.00000000000 10.00000000000 10.00000000000 10.00000000000 10.00000000000 10.00000000000
 10.00000000000 10.00000000000 10.00000000000 10.00000000000 10.00000000000 10.00000000000 10.00000000000 10.00000000000 10.00000000000 10.00000000000 10.00000000000 10.00000000000 10.00000000000 10.00000000000 10.00000000000 10.00000000000 10.00000000000 10.00000000000 10.00000000000 10.00000000000 10.00000000000 10.00000000000 10.00000000000 10.00000000000 10.00000000000 10.00000000000 10.00000000000 10.00000000000 10.00000000000 10.00000000000 10.00000000000 10.00000000000
 10.00000000000 10.00000000000 10.00000000000 10.00000000000 10.00000000000 10.00000000000 10.00000000000 10.00000000000 10.00000000000 10.00000000000 10.00000000000 10.00000000000 10.00000000000 10.00000000000 10.00000000000 10.00000000000 10.00000000000 10.00000000000 10.00000000000 10.00000000000 10.00000000000 10.00000000000 10.00000000000 10.00000000000 10.00000000000 10.00000000000 10.00000000000 10.00000000000 10.00000000000 10.00000000000 10.00000000000 10.00000000000
 10.00000000000 10.00000000000 10.00000000000 10.00000000000 10.00000000000 10.00000000000 10.00000000000 10.00000000000 10.00000000000 10.00000000000 10.00000000000 10.00000000000 10.00000000000 10.00000000000 10.00000000000 10.00000000000 10.00000000000 10.00000000000 10.00000000000 10.00000000000 10.00000000000 10.00000000000 10.00000000000 10.00000000000 10.00000000000 10.00000000000 10.00000000000 10.00000000000 10.00000000000 10.00000000000 10.00000000000 10.00000000000
 10.00000000000 10.00000000000 10.00000000000 10.00000000000 10.00000000000 10.00000000000 10.00000000000 10.00000000000 10.00000000000 10.00000000000 10.00000000000 10.00000000000 10.00000000000 10.00000000000 10.00000000000 10.00000000000 10.00000000000 10.00000000000 10.00000000000 10.00000000000 10.00000000000 10.00000000000 10.00000000000 10.00000000000 10.00000000000 10.00000000000 10.00000000000 10.00000000000 10.00000000000 10.00000000000 10.00000000000 10.00000000000
 10.00000000000 10.00000000000 10.00000000000 10.00000000000 10.00000000000 10.00000000000 10.00000000000 10.00000000000 10.00000000000 10.00000000000 10.00000000000 10.00000000000 10.00000000000 10.00000000000 10.00000000000 10.00000000000 10.00000000000 10.00000000000 10.00000000000 10.00000000000 10.00000000000 10.00000000000 10.00000000000 10.00000000000 10.00000000000 10.00000000000 10.00000000000 10.00000000000 10.00000000000 10.00000000000 10.00000000000 10.00000000000
 10.00000000000 10.00000000000 10.00000000000 10.00000000000 10.00000000000 10.00000000000 10.00000000000 10.00000000000 10.00000000000 10.00000000000 10.00000000000 10.00000000000 10.00000000000 10.00000000000 10.00000000000 10.00000000000 10.00000000000 10.00000000000 10.00000000000 10.00000000000 10.00000000000 10.00000000000 10.00000000000 10.00000000000 10.00000000000 10.00000000000 10.00000000000 10.00000000000 10.00000000000 10.00000000000 10.00000000000 10.00000000000
 10.00000000000 10.00000000000 10.00000000000 10.00000000000 10.00000000000 10.00000000000 10.00000000000 10.00000000000 10.00000000000 10.00000000000 10.00000000000 10.00000000000 10.00000000000 10.00000000000 10.00000000000 10.00000000000 10.00000000000 10.00000000000 10.00000000000 10.00000000000 10.00000000000 10.00000000000 10.00000000000 10.00000000000 10.00000000000 10.00000000000 10.00000000000 10.00000000000 10.00000000000 10.00000000000 10.00000000000 10.00000000000
 10.00000000000 10.00000000000 10.00000000000 10.00000000000 10.00000000000 10.00000000000 10.00000000000 10.00000000000 10.00000000000 10.00000000000 10.00000000000 10.00000000000 10.00000000000 10.00000000000 10.00000000000 10.00000000000 10.00000000000 10.00000000000 10.00000000000 10.00000000000 10.00000000000 10.00000000000 10.00000000000 10.00000000000 10.00000000000 10.00000000000 10.00000000000 10.00000000000 10.00000000000 10.00000000000 10.00000000000 10.00000000000
 10.00000000000 10.00000000000 10.00000000000 10.00000000000 10.00000000000 10.00000000000 10.00000000000 10.00000000000 10.00000000000 10.00000000000 10.00000000000 10.00000000000 10.00000000000 10.00000000000 10.00000000000 10.00000000000 10.00000000000 10.00000000000 10.00000000000 10.00000000000 10.00000000000 10.00000000000 10.00000000000 10.00000000000 10.00000000000 10.00000000000 10.00000000000 10.00000000000 10.00000000000 10.00000000000 10.00000000000 10.00000000000
 10.00000000000 10.00000000000 10.00000000000 10.00000000000 10.00000000000 10.00000000000 10.00000000000 10.00000000000 10.00000000000 10.00000000000 10.00000000000 10.00000000000 10.00000000000 10.00000000000 10.00000000000 10.00000000000 10.00000000000 10.00000000000 10.00000000000 10.00000000000 10.00000000000 10.00000000000 10.00000000000 10.00000000000 10.00000000000 10.00000000000 10.00000000000 10.00000000000 10.00000000000 10.00000000000 10.00000000000 10.00000000000
 10.00000000000 10.00000000000 10.00000000000 10.00000000000 10.00000000000 10.00000000000 10.00000000000 10.00000000000 10.00000000000 10.00000000000 10.00000000000 10.00000000000 10.00000000000 10.00000000000 10.00000000000 10.00000000000 10.00000000000 10.00000000000 10.00000000000 10.00000000000 10.00000000000 10.00000000000 10.00000000000 10.00000000000 10.00000000000 10.00000000000 10.00000000000 10.00000000000 10.00000000000 10.00000000000 10.00000000000 10.00000000000
 10.00000000000 10.00000000000 10.00000000000 10.00000000000 10.00000000000 10.00000000000 10.00000000000 10.00000000000 10.00000000000 10.00000000000 10.00000000000 10.00000000000 10.00000000000 10.00000000000 10.00000000000 10.00000000000 10.00000000000 10.00000000000 10.00000000000 10.00000000000 10.00000000000 10.00000000000 10.00000000000 10.00000000000 10.00000000000 10.00000000000 10.00000000000 10.00000000000 10.00000000000 10.00000000000 10.00000000000 10.00000000000
 10.00000000000 10.00000000000 10.00000000000 10.00000000000 10.00000000000 10.00000000000 10.00000000000 10.00000000000 10.00000000000 10.00000000000 10.00000000000 10.00000000000 10.00000000000 10.00000000000 10.00000000000 10.00000000000 10.00000000000 10.00000000000 10.00000000000 10.00000000000 10.00000000000 10.00000000000 10.00000000000 10.00000000000 10.00000000000 10.00000000000 10.00000000000 10.00000000000 10.00000000000 10.00000000000 10.00000000000 10.00000000000
 10.00000000000 10.00000000000 10.00000000000 10.00000000000 10.00000000000 10.00000000000 10.00000000000 10.00000000000 10.00000000000 10.00000000000 10.00000000000 10.00000000000 10.00000000000 10.00000000000 10.00000000000 10.00000000000 10.00000000000 10.00000000000 10.00000000000 10.00000000000 10.00000000000 10.00000000000 10.00000000000 10.00000000000 10.00000000000 10.00000000000 10.00000000000 10.00000000000 10.00000000000 10.00000000000 10.00000000000 10.00000000000
 10.00000000000 10.00000000000 10.00000000000 10.00000000000 10.00000000000 10.00000000000 10.00000000000 10.00000000000 10.00000000000 10.00000000000 10.00000000000 10.00000000000 10.00000000000 10.00000000000 10.00000000000 10.00000000000 10.00000000000 10.00000000000 10.00000000000 10.00000000000 10.00000000000 10.00000000000 10.00000000000 10.00000000000 10.00000000000 10.00000000000 10.00000000000 10.00000000000 10.00000000000 10.00000000000 10.00000000000 10.00000000000
 10.00000000000 10.00000000000 10.00000000000 10.00000000000 10.00000000000 10.00000000000 10.00000000000 10.00000000000 10.00000000000 10.00000000000 10.00000000000 10.00000000000 10.00000000000 10.00000000000 10.00000000000 10.00000000000 10.00000000000 10.00000000000 10.00000000000 10.00000000000 10.00000000000 10.00000000000 10.00000000000 10.00000000000 10.00000000000 10.00000000000 10.00000000000 10.00000000000 10.00000000000 10.00000000000 10.00000000000 10.00000000000
 10.00000000000 10.00000000000 10.00000000000 10.00000000000 10.00000000000 10.00000000000 10.00000000000 10.00000000000 10.00000000000 10.00000000000 10.00000000000 10.00000000000 10.00000000000 10.00000000000 10.00000000000 10.00000000000 10.00000000000 10.00000000000 10.00000000000 10.00000000000 10.00000000000 10.00000000000 10.00000000000 10.00000000000 10.00000000000 10.00000000000 10.00000000000 10.00000000000 10.00000000000 10.00000000000 10.00000000000 10.00000000000
 10.00000000000 10.00000000000 10.00000000000 10.00000000000 10.00000000000 10.00000000000 10.00000000000 10.00000000000 10.00000000000 10.00000000000 10.00000000000 10.00000000000 10.00000000000 10.00000000000 10.00000000000 10.00000000000 10.00000000000 10.00000000000 10.00000000000 10.00000000000 10.00000000000 10.00000000000 10.00000000000 10.00000000000 10.00000000000 10.00000000000 10.00000000000 10.00000000000 10.00000000000 10.00000000000 10.00000000000 10.00000000000
 10.00000000000 10.00000000000 10.00000000000 10.00000000000 10.00000000000 10.00000000000 10.00000000000 10.00000000000 10.00000000000 10.00000000000 10.00000000000 10.00000000000 10.00000000000 10.00000000000 10.00000000000 10.00000000000 10.00000000000 10.00000000000 10.00000000000 10.00000000000 10.00000000000 10.00000000000 10.00000000000 10.00000000000 10.00000000000 10.00000000000 10.00000000000 10.00000000000 10.00000000000 10.00000000000 10.00000000000 10.00000000000
 10.00000000000 10.00000000000 10.00000000000 10.00000000000 10.00000000000 10.00000000000 10.00000000000 10.00000000000 10.00000000000 10.00000000000 10.00000000000 10.00000000000 10.00000000000 10.00000000000 10.00000000000 10.00000000000 10.00000000000 10.00000000000 10.00000000000 10.00000000000 10.00000000000 10.00000000000 10.00000000000 10.00000000000 10.00000000000 10.00000000000 10.00000000000 10.00000000000 10.00000000000 10.00000000000 10.00000000000 10.00000000000
 10.00000000000 10.00000000000 10.00000000000 10.00000000000 10.00000000000 10.00000000000 10.00000000000 10.00000000000 10.00000000000 10.00000000000 10.00000000000 10.00000000000 10.00000000000 10.00000000000 10.00000000000 10.00000000000 10.00000000000 10.00000000000 10.00000000000 10.00000000000 10.00000000000 10.00000000000 10.00000000000 10.00000000000 10.00000000000 10.00000000000 10.00000000000 10.00000000000 10.00000000000 10.00000000000 10.00000000000 10.00000000000
 10.00000000000 10.00000000000 10.00000000000 10.00000000000 10.00000000000 10.00000000000 10.00000000000 10.00000000000 10.00000000000 10.00000000000 10.00000000000 10.00000000000 10.00000000000 10.00000000000 10.00000000000 10.00000000000 10.00000000000 10.00000000000 10.00000000000 10.00000000000 10.00000000000 10.00000000000 10.00000000000 10.00000000000 10.00000000000 10.00000000000 10.00000000000 10.00000000000 10.00000000000 10.00000000000 10.00000000000 10.00000000000
 10.00000000000 10.00000000000 10.00000000000 10.00000000000 10.00000000000 10.00000000000 10.00000000000 10.00000000000 10.00000000000 10.00000000000 10.00000000000 10.00000000000 10.00000000000 10.00000000000 10.00000000000 10.00000000000 10.00000000000 10.00000000000 10.00000000000 10.00000000000 10.00000000000 10.00000000000 10.00000000000 10.00000000000 10.00000000000 10.00000000000 10.00000000000 10.00000000000 10.00000000000 10.00000000000 10.00000000000 10.00000000000
 10.00000000000 10.00000000000 10.00000000000 10.00000000000 10.00000000000 10.00000000000 10.00000000000 10.00000000000 10.00000000000 10.00000000000 10.00000000000 10.00000000000 10.00000000000 10.00000000000 10.00000000000 10.00000000000 10.00000000000 10.00000000000 10.00000000000 10.00000000000 10.00000000000 10.00000000000 10.00000000000 10.00000000000 10.00000000000 10.00000000000 10.00000000000 10.00000000000 10.00000000000 10.00000000000 10.00000000000 10.00000000000
 10.00000000000 10.00000000000 10.00000000000 10.00000000000 10.00000000000 10.00000000000 10.00000000000 10.00000000000 10.00000000000 10.00000000000 10.00000000000 10.00000000000 10.00000000000 10.00000000000 10.00000000000 10.00000000000 10.00000000000 10.00000000000 10.00000000000 10.00000000000 10.00000000000 10.00000000000 10.00000000000 10.00000000000 10.00000000000 10.00000000000 10.00000000000 10.00000000000 10.00000000000 10.00000000000 10.00000000000 10.00000000000
 10.00000000000 10.00000000000 10.00000000000 10.00000000000 10.00000000000 10.00000000000 10.00000000000 10.00000000000 10.00000000000 10.00000000000 10.00000000000 10.00000000000 10.00000000000 10.00000000000 10.00000000000 10.00000000000 10.00000000000 10.00000000000 10.00000000000 10.00000000000 10.00000000000 10.00000000000 10.00000000000 10.00000000000 10.00000000000 10.00000000000 10.00000000000 10.00000000000 10.00000000000 10.00000000000 10.00000000000 10.00000000000
 10.00000000000 10.00000000000 10.00000000000 10.00000000000 10.00000000000 10.00000000000 10.00000000000 10.00000000000 10.00000000000 10.00000000000 10.00000000000 10.00000000000 10.00000000000 10.00000000000 10.00000000000 10.00000000000 10.00000000000 10.00000000000 10.00000000000 10.00000000000 10.00000000000 10.00000000000 10.00000000000 10.00000000000 10.00000000000 10.00000000000 10.00000000000 10.00000000000 10.00000000000 10.00000000000 10.00000000000 10.00000000000
 10.00000000000 10.00000000000 10.00000000000 10.00000000000 10.00000000000 10.00000000000 10.00000000000 10.00000000000 10.00000000000 10.00000000000 10.00000000000 10.00000000000 10.00000000000 10.00000000000 10.00000000000 10.00000000000 10.00000000000 10.00000000000 10.00000000000 10.00000000000 10.00000000000 10.00000000000 10.00000000000 10.00000000000 10.00000000000 10.00000000000 10.00000000000 10.00000000000 10.00000000000 10.00000000000 10.00000000000 10.00000000000

 10.00000000000 10.00000000000 10.00000000000 10.00000000000 10.00000000000 10.00000000000 10.00000000000 10.00000000000 10.00000000000 10.00000000000 10.00000000000 10.00000000000 10.00000000000 10.00000000000 10.00000000000 10.00000000000 10.00000000000 10.00000000000 10.00000000000 10.00000000000 10.00000000000 10.00000000000 10.00000000000 10.00000000000 10.00000000000 10.00000000000 10.00000000000 10.00000000000 10.00000000000 10.00000000000 10.00000000000 10.00000000000
 10.00000000000  9.99942542702  9.99885722585  9.99830165814  9.99776477075  9.99725230164  9.99676960023  9.99632156499  9.99591259924  9.99554658492  9.99522687247  9.99495628405  9.99473712651  9.99457121015  9.99445986934  9.99440398151  9.99440398151  9.99445986934  9.99457121015  9.99473712651  9.99495628405  9.99522687247  9.99554658492  9.99591259924  9.99632156499  9.99676960023  9.99725230164  9.99776477075  9.99830165814  9.99885722585  9.99942542702 10.00000000000
 10.00000000000  9.99885722585  9.99772712318  9.99662214452  9.99555431551  9.99453504784  9.99357498092  9.99268385775  9.99187043698  9.99114244068  9.99050653408  9.98996833188  9.98953242387  9.98920241209  9.98898095177  9.98886978893  9.98886978893  9.98898095177  9.98920241209  9.98953242387  9.98996833188  9.99050653407  9.99114244068  9.99187043698  9.99268385775  9.99357498092  9.99453504784  9.99555431551  9.99662214452  9.99772712318  9.99885722585 10.00000000000
 10.00000000000  9.99830165814  9.99662214452  9.99497996237  9.99339298125  9.99187815925  9.99045130795  9.98912690787  9.98791797779  9.98683599689  9.98589087440  9.98509095865  9.98444307481  9.98395257975  9.98362342262  9.98345820045  9.98345820045  9.98362342261  9.98395257975  9.98444307481  9.98509095865  9.98589087439  9.98683599689  9.98791797779  9.98912690787  9.99045130795  9.99187815925  9.99339298125  9.99497996237  9.99662214452  9.99830165814 10.00000000000
 10.00000000000  9.99776477075  9.99555431551  9.99339298125  9.99130428221  9.98931053480  9.98743254851  9.98568938313  9.98409817660  9.98267404218  9.98143002808  9.98037712881  9.97952433420  9.97887870107  9.97844543235  9.97822794994  9.97822794994  9.97844543235  9.97887870107  9.97952433420  9.98037712881  9.98143002808  9.98267404217  9.98409817660  9.98568938313  9.98743254851  9.98931053480  9.99130428221  9.99339298125  9.99555431551  9.99776477075 10.00000000000
 10.00000000000  9.99725230164  9.99453504784  9.99187815925  9.98931053480  9.98685960355  9.98455094524  9.98240799185  9.98045181587  9.97870100336  9.97717160369  9.97587714253  9.97482868134  9.97403490451  9.97350221588  9.97323482759  9.97323482759  9.97350221588  9.97403490451  9.97482868134  9.97587714253  9.97717160369  9.97870100336  9.98045181587  9.98240799184  9.98455094523  9.98685960355  9.98931053480  9.99187815925  9.99453504784  9.99725230164 10.00000000000
 10.00000000000  9.99676960023  9.99357498092  9.99045130795  9.98743254851  9.98455094524  9.98183657055  9.97931697605  9.97701694323  9.97495833361  9.97316002877  9.97163794449  9.97040509941  9.96947171643  9.96884533504  9.96853091500  9.96853091500  9.96884533504  9.96947171643  9.97040509941  9.97163794449  9.97316002877  9.97495833361  9.97701694322  9.97931697605  9.98183657055  9.98455094523  9.98743254851  9.99045130795  9.99357498092  9.99676960023 10.00000000000
 10.00000000000  9.99632156499  9.99268385775  9.98912690787  9.98568938313  9.98240799185  9.97931697605  9.97644771245  9.97382842824  9.97148402971  9.96943603274  9.96770257759  9.96629850565  9.96523547340  9.96452207908  9.96416397963  9.96416397963  9.96452207908  9.96523547340  9.96629850565  9.96770257759  9.96943603274  9.97148402971  9.97382842824  9.97644771245  9.97931697605  9.98240799184  9.98568938313  9.98912690787  9.99268385775  9.99632156499 10.00000000000
 10.00000000000  9.99591259924  9.99187043698  9.98791797779  9.98409817660  9.98045181587  9.97701694323  9.97382842824  9.97091764631  9.96831228725  9.96603627683  9.96410979165  9.96254934272  9.96136790045  9.96057503394  9.96017703971  9.96017703971  9.96057503393  9.96136790045  9.96254934272  9.96410979165  9.96603627683  9.96831228724  9.97091764631  9.97382842824  9.97701694322  9.98045181587  9.98409817660  9.98791797779  9.99187043698  9.99591259924 10.00000000000
 10.00000000000  9.99554658492  9.99114244068  9.98683599689  9.98267404218  9.97870100336  9.97495833361  9.97148402971  9.96831228725  9.96547329113  9.96299312870  9.96089380426  9.95919332833  9.95790585210  9.95704181758  9.95660809660  9.95660809660  9.95704181758  9.95790585210  9.95919332832  9.96089380425  9.96299312870  9.96547329113  9.96831228724  9.97148402971  9.97495833361  9.97870100336  9.98267404217  9.98683599688  9.99114244068  9.99554658492 10.00000000000
 10.00000000000  9.99522687247  9.99050653408  9.98589087440  9.98143002808  9.97717160369  9.97316002877  9.96943603274  9.96603627683  9.96299312870  9.96033456783  9.95808419945  9.95626134834  9.95488120119  9.95395496588  9.95349001917  9.95349001917  9.95395496588  9.95488120119  9.95626134834  9.95808419945  9.96033456783  9.96299312870  9.96603627683  9.96943603274  9.97316002877  9.97717160368  9.98143002808  9.98589087439  9.99050653407  9.99522687247 10.00000000000
 10.00000000000  9.99495628405  9.98996833188  9.98509095865  9.98037712881  9.97587714253  9.97163794449  9.96770257759  9.96410979165  9.96089380426  9.95808419945  9.95570594085  9.95377946907  9.95232085036  9.95134194346  9.95085055439  9.95085055439  9.95134194346  9.95232085035  9.95377946907  9.95570594085  9.95808419945  9.96089380425  9.96410979165  9.96770257759  9.97163794448  9.97587714253  9.98037712881  9.98509095865  9.98996833187  9.99495628405 10.00000000000
 10.00000000000  9.99473712651  9.98953242387  9.98444307481  9.97952433420  9.97482868134  9.97040509941  9.96629850565  9.96254934272  9.95919332833  9.95626134834  9.95377946907  9.95176903730  9.95024683398  9.94922524690  9.94871243107  9.94871243107  9.94922524690  9.95024683398  9.95176903730  9.95377946907  9.95626134834  9.95919332832  9.96254934272  9.96629850565  9.97040509941  9.97482868134  9.97952433420  9.98444307481  9.98953242387  9.99473712651 10.00000000000
 10.00000000000  9.99457121015  9.98920241209  9.98395257975  9.97887870107  9.97403490451  9.96947171643  9.96523547340  9.96136790045  9.95790585210  9.95488120119  9.95232085036  9.95024683398  9.94867647549  9.94762256436  9.94709352067  9.94709352067  9.94762256436  9.94867647549  9.95024683398  9.95232085035  9.95488120119  9.95790585210  9.96136790045  9.96523547340  9.96947171642  9.97403490451  9.97887870107  9.98395257975  9.98920241209  9.99457121015 10.00000000000
 10.00000000000  9.99445986934  9.98898095177  9.98362342262  9.97844543235  9.97350221588  9.96884533504  9.96452207908  9.96057503394  9.95704181758  9.95395496588  9.95134194346  9.94922524690  9.94762256436  9.94654695547  9.94600701862  9.94600701862  9.94654695547  9.94762256436  9.94922524689  9.95134194346  9.95395496588  9.95704181758  9.96057503393  9.96452207908  9.96884533504  9.97350221588  9.97844543235  9.98362342261  9.98898095177  9.99445986934 10.00000000000
 10.00000000000  9.99440398151  9.98886978893  9.98345820045  9.97822794994  9.97323482759  9.96853091500  9.96416397963  9.96017703971  9.95660809660  9.95349001917  9.95085055439  9.94871243107  9.94709352067  9.94600701862  9.94546161293  9.94546161293  9.94600701862  9.94709352067  9.94871243107  9.95085055439  9.95349001917  9.95660809659  9.96017703971  9.96416397963  9.96853091499  9.97323482759  9.97822794994  9.98345820045  9.98886978893  9.99440398151 10.00000000000
 10.00000000000  9.99440398151  9.98886978893  9.98345820045  9.97822794994  9.97323482759  9.96853091500  9.96416397963  9.96017703971  9.95660809660  9.95349001917  9.95085055439  9.94871243107  9.94709352067  9.94600701862  9.94546161293  9.94546161293  9.94600701862  9.94709352067  9.94871243107  9.95085055439  9.95349001917  9.95660809659  9.96017703971  9.96416397963  9.96853091499  9.97323482759  9.97822794994  9.98345820045  9.98886978893  9.99440398151 10.00000000000
 10.00000000000  9.99445986934  9.98898095177  9.98362342261  9.97844543235  9.97350221588  9.96884533504  9.96452207908  9.96057503393  9.95704181758  9.95395496588  9.95134194346  9.94922524690  9.94762256436  9.94654695547  9.94600701862  9.94600701862  9.94654695547  9.94762256435  9.94922524689  9.95134194346  9.95395496588  9.95704181758  9.96057503393  9.96452207908  9.96884533504  9.97350221588  9.97844543235  9.98362342261  9.98898095177  9.99445986934 10.00000000000
 10.00000000000  9.99457121015  9.98920241209  9.98395257975  9.97887870107  9.97403490451  9.96947171643  9.96523547340  9.96136790045  9.95790585210  9.95488120119  9.95232085035  9.95024683398  9.94867647549  9.94762256436  9.94709352067  9.94709352067  9.94762256435  9.94867647549  9.95024683398  9.95232085035  9.95488120119  9.95790585210  9.96136790045  9.96523547340  9.96947171642  9.97403490451  9.97887870107  9.98395257975  9.98920241209  9.99457121015 10.00000000000
 10.00000000000  9.99473712651  9.98953242387  9.98444307481  9.97952433420  9.97482868134  9.97040509941  9.96629850565  9.96254934272  9.95919332832  9.95626134834  9.95377946907  9.95176903730  9.95024683398  9.94922524689  9.94871243107  9.94871243107  9.94922524689  9.95024683398  9.95176903730  9.95377946906  9.95626134834  9.95919332832  9.96254934272  9.96629850565  9.97040509940  9.97482868134  9.97952433420  9.98444307481  9.98953242387  9.99473712651 10.00000000000
 10.00000000000  9.99495628405  9.98996833188  9.98509095865  9.98037712881  9.97587714253  9.97163794449  9.96770257759  9.96410979165  9.96089380425  9.95808419945  9.95570594085  9.95377946907  9.95232085035  9.95134194346  9.95085055439  9.95085055439  9.95134194346  9.95232085035  9.95377946906  9.95570594085  9.95808419945  9.96089380425  9.96410979165  9.96770257758  9.97163794448  9.97587714253  9.98037712881  9.98509095865  9.98996833187  9.99495628405 10.00000000000
 10.00000000000  9.99522687247  9.99050653407  9.98589087439  9.98143002808  9.97717160369  9.97316002877  9.96943603274  9.96603627683  9.96299312870  9.96033456783  9.95808419945  9.95626134834  9.95488120119  9.95395496588  9.95349001917  9.95349001917  9.95395496588  9.95488120119  9.95626134834  9.95808419945  9.96033456783  9.96299312869  9.96603627683  9.96943603273  9.97316002877  9.97717160368  9.98143002808  9.98589087439  9.99050653407  9.99522687247 10.00000000000
 10.00000000000  9.99554658492  9.99114244068  9.98683599689  9.98267404217  9.97870100336  9.97495833361  9.97148402971  9.96831228724  9.96547329113  9.96299312870  9.96089380425  9.95919332832  9.95790585210  9.95704181758  9.95660809659  9.95660809659  9.95704181758  9.95790585210  9.95919332832  9.96089380425  9.96299312869  9.96547329112  9.96831228724  9.97148402971  9.97495833361  9.97870100336  9.98267404217  9.98683599688  9.99114244068  9.99554658492 10.00000000000
 10.00000000000  9.99591259924  9.99187043698  9.98791797779  9.98409817660  9.98045181587  9.97701694322  9.97382842824  9.97091764631  9.96831228724  9.96603627683  9.96410979165  9.96254934272  9.96136790045  9.96057503393  9.96017703971  9.96017703971  9.96057503393  9.96136790045  9.96254934272  9.96410979165  9.96603627683  9.96831228724  9.97091764631  9.97382842824  9.97701694322  9.98045181587  9.98409817660  9.98791797779  9.99187043698  9.99591259924 10.00000000000
 10.00000000000  9.99632156499  9.99268385775  9.98912690787  9.98568938313  9.98240799184  9.97931697605  9.97644771245  9.97382842824  9.97148402971  9.96943603274  9.96770257759  9.96629850565  9.96523547340  9.96452207908  9.96416397963  9.96416397963  9.96452207908  9.96523547340  9.96629850565  9.96770257758  9.96943603273  9.97148402971  9.97382842824  9.97644771245  9.97931697605  9.98240799184  9.98568938313  9.98912690787  9.99268385775  9.99632156499 10.00000000000
 10.00000000000  9.99676960023  9.99357498092  9.99045130795  9.98743254851  9.98455094523  9.98183657055  9.97931697605  9.97701694322  9.97495833361  9.97316002877  9.97163794448  9.97040509941  9.96947171642  9.96884533504  9.96853091499  9.96853091499  9.96884533504  9.96947171642  9.97040509940  9.97163794448  9.97316002877  9.97495833361  9.97701694322  9.97931697605  9.98183657055  9.98455094523  9.98743254851  9.99045130795  9.99357498092  9.99676960023 10.00000000000
 10.00000000000  9.99725230164  9.99453504784  9.99187815925  9.98931053480  9.98685960355  9.98455094523  9.98240799184  9.98045181587  9.97870100336  9.97717160368  9.97587714253  9.97482868134  9.97403490451  9.97350221588  9.97323482759  9.97323482759  9.97350221588  9.97403490451  9.97482868134  9.97587714253  9.97717160368  9.97870100336  9.98045181587  9.98240799184  9.98455094523  9.98685960355  9.98931053480  9.99187815925  9.99453504784  9.99725230164 10.00000000000
 10.00000000000  9.99776477075  9.99555431551  9.99339298125  9.99130428221  9.98931053480  9.98743254851  9.98568938313  9.98409817660  9.98267404217  9.98143002808  9.98037712881  9.97952433420  9.97887870107  9.97844543235  9.97822794994  9.97822794994  9.97844543235  9.97887870107  9.97952433420  9.98037712881  9.98143002808  9.98267404217  9.98409817660  9.98568938313  9.98743254851  9.98931053480  9.99130428221  9.99339298125  9.99555431551  9.99776477075 10.00000000000
 10.00000000000  9.99830165814  9.99662214452  9.99497996237  9.99339298125  9.99187815925  9.99045130795  9.98912690787  9.98791797779  9.98683599688  9.98589087439  9.98509095865  9.98444307481  9.98395257975  9.98362342261  9.98345820045  9.98345820045  9.98362342261  9.98395257975  9.98444307481  9.98509095865  9.98589087439  9.98683599688  9.98791797779  9.98912690787  9.99045130795  9.99187815925  9.99339298125  9.99497996237  9.99662214452  9.99830165814 10.00000000000
 10.00000000000  9.99885722585  9.99772712318  9.99662214452  9.99555431551  9.99453504784  9.99357498092  9.99268385775  9.99187043698  9.99114244068  9.99050653407  9.98996833187  9.98953242387  9.98920241209  9.98898095177  9.98886978893  9.98886978893  9.98898095177  9.98920241209  9.98953242387  9.98996833187  9.99050653407  9.99114244068  9.99187043698  9.99268385775  9.99357498092  9.99453504784  9.99555431551  9.99662214452  9.99772712318  9.99885722585 10.00000000000
 10.00000000000  9.99942542702  9.99885722585  9.99830165814  9.99776477075  9.99725230164  9.99676960023  9.99632156499  9.99591259924  9.99554658492  9.99522687247  9.99495628405  9.99473712651  9.99457121015  9.99445986934  9.99440398151  9.99440398151  9.99445986934  9.99457121015  9.99473712651  9.99495628405  9.99522687247  9.99554658492  9.99591259924  9.99632156499  9.99676960023  9.99725230164  9.99776477075  9.99830165814  9.99885722585  9.99942542702 10.00000000000
 10.00000000000 10.00000000000 10.00000000000 10.00000000000 10.00000000000 10.00000000000 10.00000000000 10.00000000000 10.00000000000 10.00000000000 10.00000000000 10.00000000000 10.00000000000 10.00000000000 10.00000000000 10.00000000000 10.00000000000 10.00000000000 10.00000000000 10.00000000000 10.00000000000 10.00000000000 10.00000000000 10.00000000000 10.00000000000 10.00000000000 10.00000000000 10.00000000000 10.00000000000 10.00000000000 10.00000000000 10.00000000000

 10.00000000000 10.00000000000 10.00000000000 10.00000000000 10.00000000000 10.00000000000 10.00000000000 10.00000000000 10.00000000000 10.00000000000 10.00000000000 10.00000000000 10.00000000000 10.00000000000 10.00000000000 10.00000000000 10.00000000000 10.00000000000 10.00000000000 10.00000000000 10.00000000000 10.00000000000 10.00000000000 10.00000000000 10.00000000000 10.00000000000 10.00000000000 10.00000000000 10.00000000000 10.00000000000 10.00000000000 10.00000000000
 10.00000000000  9.99883812165  9.99768916911  9.99656584096  9.99548039300  9.99444444486  9.99346881721  9.99256340499  9.99173708899  9.99099768490  9.99035192594  9.98980547307  9.98936294507  9.98902796040  9.98880318232  9.98869036013  9.98869036013  9.98880318232  9.98902796040  9.98936294507  9.98980547307  9.99035192594  9.99099768490  9.99173708899  9.99256340499  9.99346881721  9.99444444486  9.99548039300  9.99656584096  9.99768916911  9.99883812165 10.00000000000
 10.00000000000  9.99768916911  9.99540404278  9.99316987401  9.99101103580  9.98895063687  9.98701019792  9.98520939956  9.98356590648  9.98209526582  9.98081087243  9.97972398886  9.97884380498  9.97817752077  9.97773043590  9.97750603145  9.97750603145  9.97773043590  9.97817752077  9.97884380498  9.97972398886  9.98081087243  9.98209526582  9.98356590648  9.98520939956  9.98701019792  9.98895063687  9.99101103580  9.99316987400  9.99540404278  9.99768916911 10.00000000000
 10.00000000000  9.99656584096  9.99316987401  9.98984962099  9.98664129767  9.98357924305  9.98069543875  9.97801913448  9.97557658642  9.97339090595  9.97148200736  9.96986663683  9.96855846032  9.96756818582  9.96690369596  9.96657016874  9.96657016874  9.96690369596  9.96756818582  9.96855846032  9.96986663683  9.97148200736  9.97339090595  9.97557658642  9.97801913448  9.98069543875  9.98357924305  9.98664129766  9.98984962099  9.99316987400  9.99656584096 10.00000000000
 10.00000000000  9.99548039300  9.99101103580  9.98664129767  9.98241883175  9.97838882519  9.97459336708  9.97107095574  9.96785615419  9.96497939020  9.96246688652  9.96034069779  9.95861882484  9.95731537437  9.95644073220  9.95600172135  9.95600172135  9.95644073220  9.95731537437  9.95861882484  9.96034069779  9.96246688652  9.96497939020  9.96785615419  9.97107095574  9.97459336708  9.97838882519  9.98241883175  9.98664129766  9.99101103580  9.99548039300 10.00000000000
 10.00000000000  9.99444444486  9.98895063687  9.98357924305  9.97838882519  9.97343491959  9.96876926107  9.96443917754  9.96048716602  9.95695064580  9.95386187114  9.95124797482  9.94913110661  9.94752862772  9.94645332198  9.94591358879  9.94591358879  9.94645332198  9.94752862772  9.94913110661  9.95124797482  9.95386187114  9.95695064579  9.96048716602  9.96443917754  9.96876926106  9.97343491959  9.97838882519  9.98357924305  9.98895063687  9.99444444486 10.00000000000
 10.00000000000  9.99346881721  9.98701019792  9.98069543875  9.97459336708  9.96876926107  9.96328393873  9.95819304642  9.95354655977  9.94938849214  9.94575678992  9.94268338123  9.94019433618  9.93831009284  9.93704570329  9.93641105856  9.93641105856  9.93704570329  9.93831009284  9.94019433618  9.94268338122  9.94575678992  9.94938849214  9.95354655976  9.95819304641  9.96328393872  9.96876926106  9.97459336708  9.98069543875  9.98701019791  9.99346881721 10.00000000000
 10.00000000000  9.99256340499  9.98520939956  9.97801913448  9.97107095574  9.96443917754  9.95819304642  9.95239593153  9.94710475564  9.94236966147  9.93823388989  9.93473383249  9.93189921082  9.92975333052  9.92831335875  9.92759057798  9.92759057798  9.92831335874  9.92975333052  9.93189921082  9.93473383249  9.93823388989  9.94236966146  9.94710475564  9.95239593153  9.95819304641  9.96443917754  9.97107095574  9.97801913448  9.98520939956  9.99256340499 10.00000000000
 10.00000000000  9.99173708899  9.98356590648  9.97557658642  9.96785615419  9.96048716602  9.95354655977  9.94710475564  9.94122502312  9.93596310821  9.93136709535  9.92747746234  9.92432727583  9.92194247023  9.92034215267  9.91953888244  9.91953888244  9.92034215267  9.92194247023  9.92432727583  9.92747746233  9.93136709535  9.93596310821  9.94122502312  9.94710475564  9.95354655976  9.96048716602  9.96785615419  9.97557658642  9.98356590648  9.99173708899 10.00000000000
 10.00000000000  9.99099768490  9.98209526582  9.97339090595  9.96497939020  9.95695064580  9.94938849214  9.94236966147  9.93596310821  9.93022960083  9.92522156828  9.92098315619  9.91755043597  9.91495170478  9.91320781439  9.91233247284  9.91233247284  9.91320781439  9.91495170478  9.91755043597  9.92098315619  9.92522156828  9.93022960082  9.93596310821  9.94236966146  9.94938849214  9.95695064579  9.96497939020  9.97339090595  9.98209526581  9.99099768490 10.00000000000
 10.00000000000  9.99035192594  9.98081087243  9.97148200736  9.96246688652  9.95386187114  9.94575678992  9.93823388989  9.93136709535  9.92522156828  9.91985354071  9.91531037119  9.91163076499  9.90884509168  9.90697573407  9.90603740872  9.90603740872  9.90697573407  9.90884509168  9.91163076499  9.91531037119  9.91985354071  9.92522156828  9.93136709535  9.93823388989  9.94575678992  9.95386187114  9.96246688652  9.97148200736  9.98081087242  9.99035192594 10.00000000000
 10.00000000000  9.98980547307  9.97972398886  9.96986663683  9.96034069779  9.95124797482  9.94268338123  9.93473383249  9.92747746234  9.92098315619  9.91531037119  9.91050919227  9.90662056109  9.90367660783  9.90170101671  9.90070936182  9.90070936182  9.90170101671  9.90367660783  9.90662056108  9.91050919227  9.91531037119  9.92098315619  9.92747746233  9.93473383249  9.94268338122  9.95124797481  9.96034069779  9.96986663683  9.97972398886  9.98980547306 10.00000000000
 10.00000000000  9.98936294507  9.97884380498  9.96855846032  9.95861882484  9.94913110661  9.94019433618  9.93189921082  9.92432727583  9.91755043597  9.91163076499  9.90662056109  9.90256258233  9.89949038967  9.89742872531  9.89639386072  9.89639386072  9.89742872531  9.89949038967  9.90256258232  9.90662056108  9.91163076499  9.91755043597  9.92432727583  9.93189921081  9.94019433617  9.94913110661  9.95861882484  9.96855846031  9.97884380498  9.98936294507 10.00000000000
 10.00000000000  9.98902796040  9.97817752077  9.96756818582  9.95731537437  9.94752862772  9.93831009284  9.92975333052  9.92194247023  9.91495170478  9.90884509168  9.90367660783  9.89949038967  9.89632108429  9.89419423729  9.89312664989  9.89312664989  9.89419423729  9.89632108429  9.89949038967  9.90367660783  9.90884509168  9.91495170478  9.92194247023  9.92975333051  9.93831009284  9.94752862771  9.95731537437  9.96756818582  9.97817752076  9.98902796040 10.00000000000
 10.00000000000  9.98880318232  9.97773043590  9.96690369596  9.95644073220  9.94645332198  9.93704570329  9.92831335875  9.92034215267  9.91320781439  9.90697573407  9.90170101671  9.89742872531  9.89419423729  9.89202363864  9.89093408694  9.89093408694  9.89202363863  9.89419423729  9.89742872531  9.90170101671  9.90697573407  9.91320781439  9.92034215267  9.92831335874  9.93704570329  9.94645332197  9.95644073220  9.96690369596  9.97773043590  9.98880318232 10.00000000000
 10.00000000000  9.98869036013  9.97750603145  9.96657016874  9.95600172135  9.94591358879  9.93641105856  9.92759057798  9.91953888244  9.91233247284  9.90603740872  9.90070936182  9.89639386072  9.89312664989  9.89093408694  9.88983350861  9.88983350861  9.89093408694  9.89312664989  9.89639386072  9.90070936182  9.90603740872  9.91233247284  9.91953888243  9.92759057798  9.93641105855  9.94591358878  9.95600172135  9.96657016874  9.97750603145  9.98869036013 10.00000000000
 10.00000000000  9.98869036013  9.97750603145  9.96657016874  9.95600172135  9.94591358879  9.93641105856  9.92759057798  9.91953888244  9.91233247284  9.90603740872  9.90070936182  9.89639386072  9.89312664989  9.89093408694  9.88983350861  9.88983350861  9.89093408694  9.89312664988  9.89639386072  9.90070936182  9.90603740872  9.91233247284  9.91953888243  9.92759057798  9.93641105855  9.94591358878  9.95600172135  9.96657016874  9.97750603145  9.98869036013 10.00000000000
 10.00000000000  9.98880318232  9.97773043590  9.96690369596  9.95644073220  9.94645332198  9.93704570329  9.92831335874  9.92034215267  9.91320781439  9.90697573407  9.90170101671  9.89742872531  9.89419423729  9.89202363863  9.89093408694  9.89093408694  9.89202363863  9.89419423729  9.89742872531  9.90170101671  9.90697573406  9.91320781439  9.92034215267  9.92831335874  9.93704570329  9.94645332197  9.95644073220  9.96690369596  9.97773043590  9.98880318232 10.00000000000
 10.00000000000  9.98902796040  9.97817752077  9.96756818582  9.95731537437  9.94752862772  9.93831009284  9.92975333052  9.92194247023  9.91495170478  9.90884509168  9.90367660783  9.89949038967  9.89632108429  9.89419423729  9.89312664989  9.89312664988  9.89419423729  9.89632108429  9.89949038967  9.90367660783  9.90884509167  9.91495170477  9.92194247023  9.92975333051  9.93831009283  9.94752862771  9.95731537437  9.96756818582  9.97817752076  9.98902796040 10.00000000000
