
 10.00000000000 10.00000000000 10.00000000000 10.00000000000 10.00000000000 10.00000000000 10.00000000000 10.00000000000 10.00000000000 10.00000000000 10.00000000000 10.00000000000 10.00000000000 10.00000000000 10.00000000000 10.00000000000 10.00000000000 10.00000000000 10.00000000000 10.00000000000 10.00000000000 10.00000000000 10.00000000000 10.00000000000 10.00000000000 10.00000000000 10.00000000000 10.00000000000 10.00000000000 10.00000000000 10.00000000000 10.00000000000
 10.00000000000 10.00000000000 10.00000000000 10.00000000000 10.00000000000 10.00000000000 10.00000000000 10.00000000000 10.00000000000 10.00000000000 10.00000000000 10.00000000000 10.00000000000 10.00000000000 10.00000000000 10.00000000000 10.00000000000 10.00000000000 10.00000000000 10.00000000000 10.00000000000 10.00000000000 10.00000000000 10.00000000000 10.00000000000 10.00000000000 10.00000000000 10.00000000000 10.00000000000 10.00000000000 10.00000000000 10.00000000000
 10.00000000000 10.00000000000 10.00000000000 10.00000000000 10.00000000000 10.00000000000 10.00000000000 10.00000000000 10.00000000000 10.00000000000 10.00000000000 10.00000000000 10.00000000000 10.00000000000 10.00000000000 10.00000000000 10.00000000000 10.00000000000 10.00000000000 10.00000000000 10.00000000000 10.00000000000 10.00000000000 10.00000000000 10.00000000000 10.00000000000 10.00000000000 10.00000000000 10.00000000000 10.00000000000 10.00000000000 10.00000000000
 10.00000000000 10.00000000000 10.00000000000 10.00000000000 10.00000000000 10.00000000000 10.00000000000 10.00000000000 10.00000000000 10.00000000000 10.00000000000 10.00000000000 10.00000000000 10.00000000000 10.00000000000 10.00000000000 10.00000000000 10.00000000000 10.00000000000 10.00000000000 10.00000000000 10.00000000000 10.00000000000 10.00000000000 10.00000000000 10.00000000000 10.00000000000 10.00000000000 10.00000000000 10.00000000000 10.00000000000 10.00000000000
 10.00000000000 10.00000000000 10.00000000000 10.00000000000 10.00000000000 10.00000000000 10.00000000000 10.00000000000 10.00000000000 10.00000000000 10.00000000000 10.00000000000 10.00000000000 10.00000000000 10.00000000000 10.00000000000 10.00000000000 10.00000000000 10.00000000000 10.00000000000 10.00000000000 10.00000000000 10.00000000000 10.00000000000 10.00000000000 10.00000000000 10.00000000000 10.00000000000 10.00000000000 10.00000000000 10.00000000000 10.00000000000
 10.00000000000 10.00000000000 10.00000000000 10.00000000000 10.00000000000 10.00000000000 10.00000000000 10.00000000000 10.00000000000 10.00000000000 10.00000000000 10.00000000000 10.00000000000 10.00000000000 10.00000000000 10.00000000000 10.00000000000 10.00000000000 10.00000000000 10.00000000000 10.00000000000 10.00000000000 10.00000000000 10.00000000000 10.00000000000 10.00000000000 10.00000000000 10.00000000000 10.00000000000 10.00000000000 10.00000000000 10.00000000000
 10.00000000000 10.00000000000 10.00000000000 10.00000000000 10.00000000000 10.00000000000 10.00000000000 10.00000000000 10.00000000000 10.00000000000 10.00000000000 10.00000000000 10.00000000000 10.00000000000 10.00000000000 10.00000000000 10.00000000000 10.00000000000 10.00000000000 10.00000000000 10.00000000000 10.00000000000 10.00000000000 10.00000000000 10.00000000000 10.00000000000 10.00000000000 10.00000000000 10.00000000000 10.00000000000 10.00000000000 10.00000000000
 10.00000000000 10.00000000000 10.00000000000 10.00000000000 10.00000000000 10.00000000000 10.00000000000 10.00000000000 10.00000000000 10.00000000000 10.00000000000 10.00000000000 10.00000000000 10.00000000000 10.00000000000 10.00000000000 10.00000000000 10.00000000000 10.00000000000 10.00000000000 10.00000000000 10.00000000000 10.00000000000 10.00000000000 10.00000000000 10.00000000000 10.00000000000 10.00000000000 10.00000000000 10.00000000000 10.00000000000 10.00000000000
 10.00000000000 10.00000000000 10.00000000000 10.00000000000 10.00000000000 10.00000000000 10.00000000000 10.00000000000 10.00000000000 10.00000000000 10.00000000000 10.00000000000 10.00000000000 10.00000000000 10.00000000000 10.00000000000 10.00000000000 10.00000000000 10.00000000000 10.00000000000 10.00000000000 10.00000000000 10.00000000000 10.00000000000 10.00000000000 10.00000000000 10.00000000000 10.00000000000 10.00000000000 10.00000000000 10.00000000000 10.00000000000
 10.00000000000 10.00000000000 10.00000000000 10.00000000000 10.00000000000 10.00000000000 10.00000000000 10.00000000000 10.00000000000 10.00000000000 10.00000000000 10.00000000000 10.00000000000 10.00000000000 10.00000000000 10.00000000000 10.00000000000 10.00000000000 10.00000000000 10.00000000000 10.00000000000 10.00000000000 10.00000000000 10.00000000000 10.00000000000 10.00000000000 10.00000000000 10.00000000000 10.00000000000 10.00000000000 10.00000000000 10.00000000000
 10.00000000000 10.00000000000 10.00000000000 10.00000000000 10.00000000000 10.00000000000 10.00000000000 10.00000000000 10.00000000000 10.00000000000 10.00000000000 10.00000000000 10.00000000000 10.00000000000 10.00000000000 10.00000000000 10.00000000000 10.00000000000 10.00000000000 10.00000000000 10.00000000000 10.00000000000 10.00000000000 10.00000000000 10.00000000000 10.00000000000 10.00000000000 10.00000000000 10.00000000000 10.00000000000 10.00000000000 10.00000000000
 10.00000000000 10.00000000000 10.00000000000 10.00000000000 10.00000000000 10.00000000000 10.00000000000 10.00000000000 10.00000000000 10.00000000000 10.00000000000 10.00000000000 10.00000000000 10.00000000000 10.00000000000 10.00000000000 10.00000000000 10.00000000000 10.00000000000 10.00000000000 10.00000000000 10.00000000000 10.00000000000 10.00000000000 10.00000000000 10.00000000000 10.00000000000 10.00000000000 10.00000000000 10.00000000000 10.00000000000 10.00000000000
 10.00000000000 10.00000000000 10.00000000000 10.00000000000 10.00000000000 10.00000000000 10.00000000000 10.00000000000 10.00000000000 10.00000000000 10.00000000000 10.00000000000 10.00000000000 10.00000000000 10.00000000000 10.00000000000 10.00000000000 10.00000000000 10.00000000000 10.00000000000 10.00000000000 10.00000000000 10.00000000000 10.00000000000 10.00000000000 10.00000000000 10.00000000000 10.00000000000 10.00000000000 10.00000000000 10.00000000000 10.00000000000
 10.00000000000 10.00000000000 10.00000000000 10.00000000000 10.00000000000 10.00000000000 10.00000000000 10.00000000000 10.00000000000 10.00000000000 10.00000000000 10.00000000000 10.00000000000 10.00000000000 10.00000000000 10.00000000000 10.00000000000 10.00000000000 10.00000000000 10.00000000000 10.00000000000 10.00000000000 10.00000000000 10.00000000000 10.00000000000 10.00000000000 10.00000000000 10.00000000000 10.00000000000 10.00000000000 10.00000000000 10.00000000000
 10.00000000000 10.00000000000 10.00000000000 10.00000000000 10.00000000000 10.00000000000 10.00000000000 10.00000000000 10.00000000000 10.00000000000 10.00000000000 10.00000000000 10.00000000000 10.00000000000 10.00000000000 10.00000000000 10.00000000000 10.00000000000 10.00000000000 10.00000000000 10.00000000000 10.00000000000 10.00000000000 10.00000000000 10.00000000000 10.00000000000 10.00000000000 10.00000000000 10.00000000000 10.00000000000 10.00000000000 10.00000000000
 10.00000000000 10.00000000000 10.00000000000 10.00000000000 10.00000000000 10.00000000000 10.00000000000 10.00000000000 10.00000000000 10.00000000000 10.00000000000 10.00000000000 10.00000000000 10.00000000000 10.00000000000 10.00000000000 10.00000000000 10.00000000000 10.00000000000 10.00000000000 10.00000000000 10.00000000000 10.00000000000 10.00000000000 10.00000000000 10.00000000000 10.00000000000 10.00000000000 10.00000000000 10.00000000000 10.00000000000 10.00000000000
 10.00000000000 10.00000000000 10.00000000000 10.00000000000 10.00000000000 10.00000000000 10.00000000000 10.00000000000 10.00000000000 10.00000000000 10.00000000000 10.00000000000 10.00000000000 10.00000000000 10.00000000000 10.00000000000 10.00000000000 10.00000000000 10.00000000000 10.00000000000 10.00000000000 10.00000000000 10.00000000000 10.00000000000 10.00000000000 10.00000000000 10.00000000000 10.00000000000 10.00000000000 10.00000000000 10.00000000000 10.00000000000
 10.00000000000 10.00000000000 10.00000000000 10.00000000000 10.00000000000 10.00000000000 10.00000000000 10.00000000000 10.00000000000 10.00000000000 10.00000000000 10.00000000000 10.00000000000 10.00000000000 10.00000000000 10.00000000000 10.00000000000 10.00000000000 10.00000000000 10.00000000000 10.00000000000 10.00000000000 10.00000000000 10.00000000000 10.00000000000 10.00000000000 10.00000000000 10.00000000000 10.00000000000 10.00000000000 10.00000000000 10.00000000000
 10.00000000000 10.00000000000 10.00000000000 10.00000000000 10.00000000000 10.00000000000 10.00000000000 10.00000000000 10.00000000000 10.00000000000 10.00000000000 10.00000000000 10.00000000000 10.00000000000 10.00000000000 10.00000000000 10.00000000000 10.00000000000 10.00000000000 10.00000000000 10.00000000000 10.00000000000 10.00000000000 10.00000000000 10.00000000000 10.00000000000 10.00000000000 10.00000000000 10.00000000000 10.00000000000 10.00000000000 10.00000000000
 10.00000000000 10.00000000000 10.00000000000 10.00000000000 10.00000000000 10.00000000000 10.00000000000 10.00000000000 10.00000000000 10.00000000000 10.00000000000 10.00000000000 10.00000000000 10.00000000000 10.00000000000 10.00000000000 10.00000000000 10.00000000000 10.00000000000 10.00000000000 10.00000000000 10.00000000000 10.00000000000 10.00000000000 10.00000000000 10.00000000000 10.00000000000 10.00000000000 10.00000000000 10.00000000000 10.00000000000 10.00000000000
 10.00000000000 10.00000000000 10.00000000000 10.00000000000 10.00000000000 10.00000000000 10.00000000000 10.00000000000 10.00000000000 10.00000000000 10.00000000000 10.00000000000 10.00000000000 10.00000000000 10.00000000000 10.00000000000 10.00000000000 10.00000000000 10.00000000000 10.00000000000 10.00000000000 10.00000000000 10.00000000000 10.00000000000 10.00000000000 10.00000000000 10.00000000000 10.00000000000 10.00000000000 10.00000000000 10.00000000000 10.00000000000
 10.00000000000 10.00000000000 10.00000000000 10.00000000000 10.00000000000 10.00000000000 10.00000000000 10.00000000000 10.00000000000 10.00000000000 10.00000000000 10.00000000000 10.00000000000 10.00000000000 10.00000000000 10.00000000000 10.00000000000 10.00000000000 10.00000000000 10.00000000000 10.00000000000 10.00000000000 10.00000000000 10.00000000000 10.00000000000 10.00000000000 10.00000000000 10.00000000000 10.00000000000 10.00000000000 10.00000000000 10.00000000000
 10.00000000000 10.00000000000 10.00000000000 10.00000000000 10.00000000000 10.00000000000 10.00000000000 10.00000000000 10.00000000000 10.00000000000 10.00000000000 10.00000000000 10.00000000000 10.00000000000 10.00000000000 10.00000000000 10.00000000000 10.00000000000 10.00000000000 10.00000000000 10.00000000000 10.00000000000 10.00000000000 10.00000000000 10.00000000000 10.00000000000 10.00000000000 10.00000000000 10.00000000000 10.00000000000 10.00000000000 10.00000000000
 10.00000000000 10.00000000000 10.00000000000 10.00000000000 10.00000000000 10.00000000000 10.00000000000 10.00000000000 10.00000000000 10.00000000000 10.00000000000 10.00000000000 10.00000000000 10.00000000000 10.00000000000 10.00000000000 10.00000000000 10.00000000000 10.00000000000 10.00000000000 10.00000000000 10.00000000000 10.00000000000 10.00000000000 10.00000000000 10.00000000000 10.00000000000 10.00000000000 10.00000000000 10.00000000000 10.00000000000 10.00000000000
 10.00000000000 10.00000000000 10.00000000000 10.00000000000 10.00000000000 10.00000000000 10.00000000000 10.00000000000 10.00000000000 10.00000000000 10.00000000000 10.00000000000 10.00000000000 10.00000000000 10.00000000000 10.00000000000 10.00000000000 10.00000000000 10.00000000000 10.00000000000 10.00000000000 10.00000000000 10.00000000000 10.00000000000 10.00000000000 10.00000000000 10.00000000000 10.00000000000 10.00000000000 10.00000000000 10.00000000000 10.00000000000
 10.00000000000 10.00000000000 10.00000000000 10.00000000000 10.00000000000 10.00000000000 10.00000000000 10.00000000000 10.00000000000 10.00000000000 10.00000000000 10.00000000000 10.00000000000 10.00000000000 10.00000000000 10.00000000000 10.00000000000 10.00000000000 10.00000000000 10.00000000000 10.00000000000 10.00000000000 10.00000000000 10.00000000000 10.00000000000 10.00000000000 10.00000000000 10.00000000000 10.00000000000 10.00000000000 10.00000000000 10.00000000000
 10.00000000000 10.00000000000 10.00000000000 10.00000000000 10.00000000000 10.00000000000 10.00000000000 10.00000000000 10.00000000000 10.00000000000 10.00000000000 10.00000000000 10.00000000000 10.00000000000 10.00000000000 10.00000000000 10.00000000000 10.00000000000 10.00000000000 10.00000000000 10.00000000000 10.00000000000 10.00000000000 10.00000000000 10.00000000000 10.00000000000 10.00000000000 10.00000000000 10.00000000000 10.00000000000 10.00000000000 10.00000000000
 10.00000000000 10.00000000000 10.00000000000 10.00000000000 10.00000000000 10.00000000000 10.00000000000 10.00000000000 10.00000000000 10.00000000000 10.00000000000 10.00000000000 10.00000000000 10.00000000000 10.00000000000 10.00000000000 10.00000000000 10.00000000000 10.00000000000 10.00000000000 10.00000000000 10.00000000000 10.00000000000 10.00000000000 10.00000000000 10.00000000000 10.00000000000 10.00000000000 10.00000000000 10.00000000000 10.00000000000 10.00000000000
 10.00000000000 10.00000000000 10.00000000000 10.00000000000 10.00000000000 10.00000000000 10.00000000000 10.00000000000 10.00000000000 10.00000000000 10.00000000000 10.00000000000 10.00000000000 10.00000000000 10.00000000000 10.00000000000 10.00000000000 10.00000000000 10.00000000000 10.00000000000 10.00000000000 10.00000000000 10.00000000000 10.00000000000 10.00000000000 10.00000000000 10.00000000000 10.00000000000 10.00000000000 10.00000000000 10.00000000000 10.00000000000
 10.00000000000 10.00000000000 10.00000000000 10.00000000000 10.00000000000 10.00000000000 10.00000000000 10.00000000000 10.00000000000 10.00000000000 10.00000000000 10.00000000000 10.00000000000 10.00000000000 10.00000000000 10.00000000000 10.00000000000 10.00000000000 10.00000000000 10.00000000000 10.00000000000 10.00000000000 10.00000000000 10.00000000000 10.00000000000 10.00000000000 10.00000000000 10.00000000000 10.00000000000 10.00000000000 10.00000000000 10.00000000000
 10.00000000000 10.00000000000 10.00000000000 10.00000000000 10.00000000000 10.00000000000 10.00000000000 10.00000000000 10.00000000000 10.00000000000 10.00000000000 10.00000000000 10.00000000000 10.00000000000 10.00000000000 10.00000000000 10.00000000000 10.00000000000 10.00000000000 10.00000000000 10.00000000000 10.00000000000 10.00000000000 10.00000000000 10.00000000000 10.00000000000 10.00000000000 10.00000000000 10.00000000000 10.00000000000 10.00000000000 10.00000000000
 10.00000000000 10.00000000000 10.00000000000 10.00000000000 10.00000000000 10.00000000000 10.00000000000 10.00000000000 10.00000000000 10.00000000000 10.00000000000 10.00000000000 10.00000000000 10.00000000000 10.00000000000 10.00000000000 10.00000000000 10.00000000000 10.00000000000 10.00000000000 10.00000000000 10.00000000000 10.00000000000 10.00000000000 10.00000000000 10.00000000000 10.00000000000 10.00000000000 10.00000000000 10.00000000000 10.00000000000 10.00000000000

 10.00000000000 10.00000000000 10.00000000000 10.00000000000 10.00000000000 10.00000000000 10.00000000000 10.00000000000 10.00000000000 10.00000000000 10.00000000000 10.00000000000 10.00000000000 10.00000000000 10.00000000000 10.00000000000 10.00000000000 10.00000000000 10.00000000000 10.00000000000 10.00000000000 10.00000000000 10.00000000000 10.00000000000 10.00000000000 10.00000000000 10.00000000000 10.00000000000 10.00000000000 10.00000000000 10.00000000000 10.00000000000
 10.00000000000  9.99859644956  9.99720779414  9.99584872942  9.99453355903  9.99327601444  9.99208909254  9.99098491443  9.98997460737  9.98906821033  9.98827460192  9.98760144849  9.98705516912  9.98664091399  9.98636255244  9.98622266727  9.98622255255  9.98636221299  9.98664036370  9.98705443052  9.98760055182  9.98827358389  9.98906711261  9.98997347490  9.99098379358  9.99208802920  9.99327505213  9.99453273716  9.99584808164  9.99720734696  9.99859622130 10.00000000000
 10.00000000000  9.99720779414  9.99444521854  9.99174150710  9.98912511408  9.98662335602  9.98426208864  9.98206542592  9.98005550528  9.97825229953  9.97667347342  9.97533428021  9.97424749186  9.97342335587  9.97286957131  9.97259127741  9.97259104916  9.97286889590  9.97342226095  9.97424602226  9.97533249609  9.97667144782  9.97825011537  9.98005325199  9.98206319574  9.98425997288  9.98662144130  9.98912347879  9.99174021819  9.99444432879  9.99720733996 10.00000000000
 10.00000000000  9.99584872942  9.99174150710  9.98772179242  9.98383188653  9.98011240022  9.97660177374  9.97333585925  9.97034757154  9.96766660832  9.96531923662  9.96332813858  9.96171230738  9.96048698258  9.95966361422  9.95924984550  9.95924950606  9.95966260979  9.96048535429  9.96171012188  9.96332548535  9.96531622428  9.96766336019  9.97034422059  9.97333254267  9.97659862732  9.98010955277  9.98382945463  9.98771987563  9.99174018391  9.99584805400 10.00000000000
 10.00000000000  9.99453355903  9.98912511408  9.98383188653  9.97870957406  9.97381165047  9.96918873372  9.96488803617  9.96095290453  9.95742245110  9.95433127201  9.95170924350  9.94958138418  9.94796776921  9.94688348234  9.94633859272  9.94633814558  9.94688215923  9.94796562428  9.94957850526  9.95170574844  9.95432730389  9.95741817237  9.96094849037  9.96488366729  9.96918458898  9.97380789956  9.97870637055  9.98382936158  9.98912337106  9.99453266931 10.00000000000
 10.00000000000  9.99327601444  9.98662335602  9.98011240022  9.97381165047  9.96778687772  9.96210034362  9.95681012435  9.95196954457  9.94762672325  9.94382422632  9.94059881511  9.93798127585  9.93599631314  9.93466249003  9.93399219868  9.93399164844  9.93466086182  9.93599367363  9.93797773309  9.94059451413  9.94381934321  9.94762145792  9.95196411256  9.95680474807  9.96209524316  9.96778226190  9.97380770828  9.98010929305  9.98662121109  9.99327491956 10.00000000000
 10.00000000000  9.99208909254  9.98426208864  9.97660177374  9.96918873372  9.96210034362  9.95540985435  9.94918559734  9.94349031828  9.93838064206  9.93390666301  9.93011164769  9.92703183292  9.92469629906  9.92312689826  9.92233821900  9.92233757130  9.92312498170  9.92469319209  9.92702766273  9.93010658501  9.93390091509  9.93837444422  9.94348392426  9.94917926890  9.95540385059  9.96209491033  9.96918409336  9.97659811629  9.98425956384  9.99208780376 10.00000000000
 10.00000000000  9.99098491443  9.98206542592  9.97333585925  9.96488803617  9.95681012435  9.94918559734  9.94209232847  9.93560183117  9.92977864843  9.92467988449  9.92035486462  9.91684490324  9.91418315783  9.91239454574  9.91149570245  9.91149496397  9.91239236050  9.91417961531  9.91684014846  9.92034909224  9.92467333081  9.92977158175  9.93559454081  9.94208511289  9.94917875196  9.95680392941  9.96488274531  9.97333168908  9.98206254718  9.99098344498 10.00000000000
 10.00000000000  9.98997460737  9.98005550528  9.97034757154  9.96095290453  9.95196954457  9.94349031828  9.93560183117  9.92838362240  9.92190748484  9.91623694275  9.91142687171  9.90752323876  9.90456293809  9.90257369675  9.90157402692  9.90157320523  9.90257126529  9.90455899641  9.90751794822  9.91142044891  9.91622965062  9.92189962191  9.92837551059  9.93559380256  9.94348270158  9.95196265160  9.96094701751  9.97034293149  9.98005230217  9.98997297235 10.00000000000
 10.00000000000  9.98906821033  9.97825229953  9.96766660832  9.95742245110  9.94762672325  9.93838064206  9.92977864843  9.92190748484  9.91484545279  9.90866184178  9.90341651281  9.89915961308  9.89593139473  9.89376211017  9.89267195853  9.89267106206  9.89375945745  9.89592709436  9.89915384112  9.90340950554  9.90865388607  9.91483687435  9.92189863486  9.92976988923  9.93837233225  9.94761920304  9.95741602837  9.96766154604  9.97824880494  9.98906642652 10.00000000000
 10.00000000000  9.98827460192  9.97667347342  9.96531923662  9.95433127201  9.94382422632  9.93390666301  9.92467988449  9.91623694275  9.90866184178  9.90202892346  9.89640241895  9.89183614055  9.88837328515  9.88604632019  9.88487692465  9.88487596260  9.88604347344  9.88836867023  9.89182994639  9.89639489914  9.90202038584  9.90865263587  9.91622744545  9.92467048461  9.93389774538  9.94381615605  9.95432437949  9.96531380406  9.97666972323  9.98827268764 10.00000000000
 10.00000000000  9.98760144849  9.97533428021  9.96332813858  9.95170924350  9.94059881511  9.93011164769  9.92035486462  9.91142687171  9.90341651281  9.89640241895  9.89045253212  9.88562377734  9.88196185304  9.87950110852  9.87826448015  9.87826346240  9.87949809696  9.88195697094  9.88561722457  9.89044457694  9.89639338704  9.90340677392  9.91141682455  9.92034492052  9.93010221377  9.94059027760  9.95170195194  9.96332239149  9.97533031289  9.98759942338 10.00000000000
 10.00000000000  9.98705516912  9.97424749186  9.96171230738  9.94958138418  9.93798127585  9.92703183292  9.91684490324  9.90752323876  9.89915961308  9.89183614055  9.88562377734  9.88058197744  9.87675847189  9.87418913934  9.87289793813  9.87289687513  9.87418599386  9.87675337269  9.88057513329  9.88561546841  9.89182670700  9.89914944112  9.90751274482  9.91683451694  9.92702197949  9.93797235869  9.94957376837  9.96170630473  9.97424334813  9.98705305395 10.00000000000
 10.00000000000  9.98664091399  9.97342335587  9.96048698258  9.94796776921  9.93599631314  9.92469629906  9.91418315783  9.90456293809  9.89593139473  9.88837328515  9.88196185304  9.87675847189  9.87281241575  9.87016072436  9.86882813203  9.86882703467  9.87015747723  9.87280715176  9.87675140655  9.88195327559  9.88836354674  9.89592089404  9.90455210502  9.91417243588  9.92468612720  9.93598710780  9.94795990728  9.96048078594  9.97341907822  9.98663873047 10.00000000000
 10.00000000000  9.98636255244  9.97286957131  9.95966361422  9.94688348234  9.93466249003  9.92312689826  9.91239454574  9.90257369675  9.89376211017  9.88604632019  9.87950110852  9.87418913934  9.87016072436  9.86745368424  9.86609327513  9.86609215468  9.86745036875  9.87015534957  9.87418192528  9.87949235052  9.88603637679  9.89375138845  9.90256263565  9.91238359810  9.92311651228  9.93465309093  9.94687545493  9.95965728714  9.97286520362  9.98636032296 10.00000000000
 10.00000000000  9.98622266727  9.97259127741  9.95924984550  9.94633859272  9.93399219868  9.92233821900  9.91149570245  9.90157402692  9.89267195853  9.88487692465  9.87826448015  9.87289793813  9.86882813203  9.86609327513  9.86471888605  9.86471775399  9.86608992530  9.86882270155  9.87289064932  9.87825563140  9.88486687823  9.89266112572  9.90156285122  9.91148464139  9.92232772542  9.93398270220  9.94633048214  9.95924345287  9.97258686447  9.98622041468 10.00000000000
 10.00000000000  9.98622255255  9.97259104916  9.95924950606  9.94633814558  9.93399164844  9.92233757130  9.91149496397  9.90157320523  9.89267106206  9.88487596260  9.87826346240  9.87289687513  9.86882703467  9.86609215468  9.86471775399  9.86471662193  9.86608880484  9.86882160419  9.87288958632  9.87825461366  9.88486591618  9.89266022925  9.90156202952  9.91148390290  9.92232707772  9.93398215195  9.94633003500  9.95924311343  9.97258663621  9.98622029997 10.00000000000
 10.00000000000  9.98636221299  9.97286889590  9.95966260979  9.94688215923  9.93466086182  9.92312498170  9.91239236050  9.90257126529  9.89375945745  9.88604347344  9.87949809696  9.87418599386  9.87015747723  9.86745036875  9.86608992530  9.86608880484  9.86744705326  9.87015210243  9.87417877979  9.87948933895  9.88603353005  9.89374873573  9.90256020419  9.91238141286  9.92311459572  9.93465146272  9.94687413181  9.95965628272  9.97286452821  9.98635998351 10.00000000000
 10.00000000000  9.98664036370  9.97342226095  9.96048535429  9.94796562428  9.93599367363  9.92469319209  9.91417961531  9.90455899641  9.89592709436  9.88836867023  9.88195697094  9.87675337269  9.87280715176  9.87015534957  9.86882270155  9.86882160419  9.87015210243  9.87280188777  9.87674630735  9.88194839349  9.88835893182  9.89591659367  9.90454816334  9.91416889336  9.92468302022  9.93598446829  9.94795776236  9.96047915765  9.97341798330  9.98663818018 10.00000000000
 10.00000000000  9.98705443052  9.97424602226  9.96171012188  9.94957850526  9.93797773309  9.92702766273  9.91684014846  9.90751794822  9.89915384112  9.89182994639  9.88561722457  9.88057513329  9.87675140655  9.87418192528  9.87289064932  9.87288958632  9.87417877979  9.87674630735  9.88056828913  9.88560891564  9.89182051285  9.89914366916  9.90750745429  9.91682976216  9.92701780930  9.93796881593  9.94957088945  9.96170411923  9.97424187852  9.98705231535 10.00000000000
 10.00000000000  9.98760055182  9.97533249609  9.96332548535  9.95170574844  9.94059451413  9.93010658501  9.92034909224  9.91142044891  9.90340950554  9.89639489914  9.89044457694  9.88561546841  9.88195327559  9.87949235052  9.87825563140  9.87825461366  9.87948933895  9.88194839349  9.88560891564  9.89043662176  9.89638586723  9.90339976665  9.91141040175  9.92033914814  9.93009715108  9.94058597662  9.95169845687  9.96331973826  9.97532852877  9.98759852671 10.00000000000
 10.00000000000  9.98827358389  9.97667144782  9.96531622428  9.95432730389  9.94381934321  9.93390091509  9.92467333081  9.91622965062  9.90865388607  9.90202038584  9.89639338704  9.89182670700  9.88836354674  9.88603637679  9.88486687823  9.88486591618  9.88603353005  9.88835893182  9.89182051285  9.89638586723  9.90201184822  9.90864468017  9.91622015332  9.92466393093  9.93389199746  9.94381127294  9.95432041137  9.96531079171  9.97666769762  9.98827166960 10.00000000000
 10.00000000000  9.98906711261  9.97825011537  9.96766336019  9.95741817237  9.94762145792  9.93837444422  9.92977158175  9.92189962191  9.91483687435  9.90865263587  9.90340677392  9.89914944112  9.89592089404  9.89375138845  9.89266112572  9.89266022925  9.89374873573  9.89591659367  9.89914366916  9.90339976665  9.90864468017  9.91482829591  9.92189077193  9.92976282255  9.93836613441  9.94761393770  9.95741174964  9.96765829790  9.97824662078  9.98906532880 10.00000000000
 10.00000000000  9.98997347490  9.98005325199  9.97034422059  9.96094849037  9.95196411256  9.94348392426  9.93559454081  9.92837551059  9.92189863486  9.91622744545  9.91141682455  9.90751274482  9.90455210502  9.90256263565  9.90156285122  9.90156202952  9.90256020419  9.90454816334  9.90750745429  9.91141040175  9.91622015332  9.92189077193  9.92836739878  9.93558651220  9.94347630756  9.95195721960  9.96094260335  9.97033958054  9.98005004888  9.98997183988 10.00000000000
 10.00000000000  9.99098379358  9.98206319574  9.97333254267  9.96488366729  9.95680474807  9.94917926890  9.94208511289  9.93559380256  9.92976988923  9.92467048461  9.92034492052  9.91683451694  9.91417243588  9.91238359810  9.91148464139  9.91148390290  9.91238141286  9.91416889336  9.91682976216  9.92033914814  9.92466393093  9.92976282255  9.93558651220  9.94207789732  9.94917242352  9.95679855313  9.96487837643  9.97332837250  9.98206031700  9.99098232413 10.00000000000
 10.00000000000  9.99208802920  9.98425997288  9.97659862732  9.96918458898  9.96209524316  9.95540385059  9.94917875196  9.94348270158  9.93837233225  9.93389774538  9.93010221377  9.92702197949  9.92468612720  9.92311651228  9.92232772542  9.92232707772  9.92311459572  9.92468302022  9.92701780930  9.93009715108  9.93389199746  9.93836613441  9.94347630756  9.94917242352  9.95539784683  9.96208980988  9.96917994862  9.97659496986  9.98425744807  9.99208674041 10.00000000000
 10.00000000000  9.99327505213  9.98662144130  9.98010955277  9.97380789956  9.96778226190  9.96209491033  9.95680392941  9.95196265160  9.94761920304  9.94381615605  9.94059027760  9.93797235869  9.93598710780  9.93465309093  9.93398270220  9.93398215195  9.93465146272  9.93598446829  9.93796881593  9.94058597662  9.94381127294  9.94761393770  9.95195721960  9.95679855313  9.96208980988  9.96777764609  9.97380395737  9.98010644560  9.98661929637  9.99327395725 10.00000000000
 10.00000000000  9.99453273716  9.98912347879  9.98382945463  9.97870637055  9.97380770828  9.96918409336  9.96488274531  9.96094701751  9.95741602837  9.95432437949  9.95170195194  9.94957376837  9.94795990728  9.94687545493  9.94633048214  9.94633003500  9.94687413181  9.94795776236  9.94957088945  9.95169845687  9.95432041137  9.95741174964  9.96094260335  9.96487837643  9.96917994862  9.97380395737  9.97870316705  9.98382692968  9.98912173577  9.99453184744 10.00000000000
 10.00000000000  9.99584808164  9.99174021819  9.98771987563  9.98382936158  9.98010929305  9.97659811629  9.97333168908  9.97034293149  9.96766154604  9.96531380406  9.96332239149  9.96170630473  9.96048078594  9.95965728714  9.95924345287  9.95924311343  9.95965628272  9.96047915765  9.96170411923  9.96331973826  9.96531079171  9.96765829790  9.97033958054  9.97332837250  9.97659496986  9.98010644560  9.98382692968  9.98771795885  9.99173889500  9.99584740622 10.00000000000
 10.00000000000  9.99720734696  9.99444432879  9.99174018391  9.98912337106  9.98662121109  9.98425956384  9.98206254718  9.98005230217  9.97824880494  9.97666972323  9.97533031289  9.97424334813  9.97341907822  9.97286520362  9.97258686447  9.97258663621  9.97286452821  9.97341798330  9.97424187852  9.97532852877  9.97666769762  9.97824662078  9.98005004888  9.98206031700  9.98425744807  9.98661929637  9.98912173577  9.99173889500  9.99444343903  9.99720689279 10.00000000000
 10.00000000000  9.99859622130  9.99720733996  9.99584805400  9.99453266931  9.99327491956  9.99208780376  9.99098344498  9.98997297235  9.98906642652  9.98827268764  9.98759942338  9.98705305395  9.98663873047  9.98636032296  9.98622041468  9.98622029997  9.98635998351  9.98663818018  9.98705231535  9.98759852671  9.98827166960  9.98906532880  9.98997183988  9.99098232413  9.99208674041  9.99327395725  9.99453184744  9.99584740622  9.99720689279  9.99859599304 10.00000000000
 10.00000000000 10.00000000000 10.00000000000 10.00000000000 10.00000000000 10.00000000000 10.00000000000 10.00000000000 10.00000000000 10.00000000000 10.00000000000 10.00000000000 10.00000000000 10.00000000000 10.00000000000 10.00000000000 10.00000000000 10.00000000000 10.00000000000 10.00000000000 10.00000000000 10.00000000000 10.00000000000 10.00000000000 10.00000000000 10.00000000000 10.00000000000 10.00000000000 10.00000000000 10.00000000000 10.00000000000 10.00000000000

 10.00000000000 10.00000000000 10.00000000000 10.00000000000 10.00000000000 10.00000000000 10.00000000000 10.00000000000 10.00000000000 10.00000000000 10.00000000000 10.00000000000 10.00000000000 10.00000000000 10.00000000000 10.00000000000 10.00000000000 10.00000000000 10.00000000000 10.00000000000 10.00000000000 10.00000000000 10.00000000000 10.00000000000 10.00000000000 10.00000000000 10.00000000000 10.00000000000 10.00000000000 10.00000000000 10.00000000000 10.00000000000
 10.00000000000  9.99718913770  9.99440815540  9.99168652848  9.98905293690  9.98653490087  9.98415845319  9.98194785589  9.97992536490  9.97811104332  9.97652262091  9.97517539452  9.97408216293  9.97325318820  9.97269617610  9.97241626818  9.97241603992  9.97269550069  9.97325209328  9.97408069332  9.97517361040  9.97652059531  9.97810885916  9.97992311160  9.98194562571  9.98415633742  9.98653298614  9.98905130161  9.99168523957  9.99440726564  9.99718868353 10.00000000000
 10.00000000000  9.99440815540  9.98887574942  9.98346141617  9.97822220814  9.97321287164  9.96848519529  9.96408744619  9.96006390171  9.95645447794  9.95329444973  9.95061425238  9.94843935157  9.94679016626  9.94568202923  9.94512517124  9.94512471709  9.94568068535  9.94678798768  9.94843642748  9.95061070248  9.95329041935  9.95645013208  9.96005941829  9.96408300876  9.96848098552  9.97320906188  9.97821895437  9.98345885160  9.98887397906  9.99440725172 10.00000000000
 10.00000000000  9.99168652848  9.98346141617  9.97541182717  9.96762257604  9.96017505122  9.95314624682  9.94660792449  9.94062591714  9.93525957606  9.93056135405  9.92657650979  9.92334291357  9.92089093181  9.91924336771  9.91841543698  9.91841476159  9.91924136919  9.92088769197  9.92333856505  9.92657123061  9.93055536033  9.93525311318  9.94061924969  9.94660132543  9.95313998632  9.96016938560  9.96761773724  9.97540801331  9.98345878339  9.99168518458 10.00000000000
 10.00000000000  9.98905293690  9.97822220814  9.96762257604  9.95736571238  9.94755878187  9.93830316799  9.92969336956  9.92181608344  9.91474947581  9.90856263199  9.90331516575  9.89905696200  9.89582802320  9.89365838988  9.89256810760  9.89256721792  9.89365575726  9.89582375541  9.89905123375  9.90330821156  9.90855473655  9.91474096235  9.92180730050  9.92968467671  9.93829492113  9.94755131862  9.95735933830  9.96761755210  9.97821874002  9.98905116661 10.00000000000
 10.00000000000  9.98653490087  9.97321287164  9.96017505122  9.94755878187  9.93549586869  9.92411101342  9.91352045741  9.90383085295  9.89513836558  9.88752799569  9.88107309582  9.87583505188  9.87186309207  9.86919418706  9.86785300771  9.86785191288  9.86919094739  9.87185784019  9.87582800279  9.88106453809  9.88751827967  9.89512788905  9.90382004480  9.91350976012  9.92410086495  9.93548668453  9.94755093803  9.96016886884  9.97320860383  9.98653272237 10.00000000000
 10.00000000000  9.98415845319  9.96848519529  9.95314624682  9.93830316799  9.92411101342  9.91071649079  9.89825636484  9.88685612871  9.87662894624  9.86767485154  9.86008017828  9.85391718159  9.84924381038  9.84610358712  9.84452555609  9.84452426736  9.84609977370  9.84923762837  9.85390888409  9.86007010496  9.86766341480  9.87661661429  9.88684340641  9.89824377304  9.91070454500  9.92410020272  9.93829393499  9.95313896952  9.96848017164  9.98415588887 10.00000000000
 10.00000000000  9.98194785589  9.96408744619  9.94660792449  9.92969336956  9.91352045741  9.89825636484  9.88405695107  9.87106524288  9.85941022741  9.84920593711  9.84055079603  9.83352718523  9.82820117968  9.82462240811  9.82282399127  9.82282252189  9.82461806011  9.82819413106  9.83351772456  9.84053931061  9.84919289714  9.85939616673  9.87105073713  9.88404259411  9.89824274446  9.91350813123  9.92968284224  9.94659962703  9.96408171831  9.98194493210 10.00000000000
 10.00000000000  9.97992536490  9.96006390171  9.94062591714  9.92181608344  9.90383085295  9.88685612871  9.87106524288  9.85661727129  9.84365568866  9.83230734790  9.82268174915  9.81487055237  9.80894728057  9.80496716027  9.80296704979  9.80296541484  9.80496232235  9.80893943774  9.81486002570  9.82266896959  9.83229283861  9.84364004366  9.85660113107  9.87104926823  9.88684097363  9.90381713790  9.92180436994  9.94061668475  9.96005752843  9.97992211166 10.00000000000
 10.00000000000  9.97811104332  9.95645447794  9.93525957606  9.91474947581  9.89513836558  9.87662894624  9.85941022741  9.84365568866  9.82952181085  9.81714695968  9.80665058445  9.79813268210  9.79167346915  9.78733320380  9.78515210444  9.78515032071  9.78732792564  9.79166491263  9.79812119751  9.80663664196  9.81713113007  9.82950474217  9.84363807970  9.85939279908  9.87661241206  9.89512340248  9.91473669639  9.93524950354  9.95644752470  9.97810749404 10.00000000000
 10.00000000000  9.97652262091  9.95329444973  9.93056135405  9.90856263199  9.88752799569  9.86767485154  9.84920593711  9.83230734790  9.81714695968  9.80387322752  9.79261432218  9.78347755059  9.77654899964  9.77189334113  9.76955374124  9.76955182704  9.77188767691  9.77653981726  9.78346522598  9.79259935988  9.80385624007  9.81712864253  9.83228845095  9.84918723400  9.86765710798  9.88751193812  9.90854891783  9.93055054478  9.95328698790  9.97651881202 10.00000000000
 10.00000000000  9.97517539452  9.95061425238  9.92657650979  9.90331516575  9.88107309582  9.86008017828  9.84055079603  9.82268174915  9.80665058445  9.79261432218  9.78070853882  9.77104675001  9.76372002954  9.75879679930  9.75632273035  9.75632070533  9.75879080714  9.76371031554  9.77103371185  9.78069271025  9.79259635122  9.80663120681  9.82266175814  9.84053101008  9.86006140743  9.88105610858  9.90330065760  9.92656507471  9.95060635854  9.97517136512 10.00000000000
 10.00000000000  9.97408216293  9.94843935157  9.92334291357  9.89905696200  9.87583505188  9.85391718159  9.83352718523  9.81487055237  9.79813268210  9.78347755059  9.77104675001  9.76095884031  9.75330894767  9.74816854175  9.74558532963  9.74558321456  9.74816228312  9.75329880170  9.76094522237  9.77103021758  9.78345878050  9.79811244277  9.81484967240  9.83350651943  9.85389757605  9.87581730925  9.89904180869  9.92333096999  9.94843110671  9.97407795434 10.00000000000
 10.00000000000  9.97325318820  9.94679016626  9.92089093181  9.89582802320  9.87186309207  9.84924381038  9.82820117968  9.80894728057  9.79167346915  9.77654899964  9.76372002954  9.75330894767  9.74541395656  9.74010883990  9.73744285073  9.73744066731  9.74010237902  9.74540348270  9.75329488963  9.76370296283  9.77652962295  9.79165257575  9.80892572582  9.82817984602  9.84922357124  9.87184477606  9.89581238018  9.92087860225  9.94678165494  9.97324884360 10.00000000000
 10.00000000000  9.97269617610  9.94568202923  9.91924336771  9.89365838988  9.86919418706  9.84610358712  9.82462240811  9.80496716027  9.78733320380  9.77189334113  9.75879679930  9.74816854175  9.74010883990  9.73469303378  9.73197141625  9.73196918686  9.73468643690  9.74009814558  9.74815418780  9.75877937335  9.77187355658  9.78731187060  9.80494515180  9.82460062539  9.84608292196  9.86917548550  9.89364241759  9.91923077861  9.94567333875  9.97269174005 10.00000000000
 10.00000000000  9.97241626818  9.94512517124  9.91841543698  9.89256810760  9.86785300771  9.84452555609  9.82282399127  9.80296704979  9.78515210444  9.76955374124  9.75632273035  9.74558532963  9.73744285073  9.73197141625  9.72922184191  9.72921958943  9.73196475102  9.73743204561  9.74557082696  9.75630512385  9.76953375170  9.78513055022  9.80294481330  9.82280198288  9.84450467682  9.86783411239  9.89255196983  9.91840271746  9.94511639073  9.97241178617 10.00000000000
 10.00000000000  9.97241603992  9.94512471709  9.91841476159  9.89256721792  9.86785191288  9.84452426736  9.82282252189  9.80296541484  9.78515032071  9.76955182704  9.75632070533  9.74558321456  9.73744066731  9.73196918686  9.72921958943  9.72921733695  9.73196252163  9.73742986219  9.74556871189  9.75630309883  9.76953183751  9.78512876649  9.80294317835  9.82280051349  9.84450338810  9.86783301756  9.89255108014  9.91840204207  9.94511593657  9.97241155792 10.00000000000
 10.00000000000  9.97269550069  9.94568068535  9.91924136919  9.89365575726  9.86919094739  9.84609977370  9.82461806011  9.80496232235  9.78732792564  9.77188767691  9.75879080714  9.74816228312  9.74010237902  9.73468643690  9.73196475102  9.73196252163  9.73467984001  9.74009168470  9.74814792917  9.75877338119  9.77186789235  9.78730659244  9.80494031388  9.82459627740  9.84607910854  9.86917224583  9.89363978496  9.91922878009  9.94567199488  9.97269106464 10.00000000000
 10.00000000000  9.97325209328  9.94678798768  9.92088769197  9.89582375541  9.87185784019  9.84923762837  9.82819413106  9.80893943774  9.79166491263  9.77653981726  9.76371031554  9.75329880170  9.74540348270  9.74009814558  9.73743204561  9.73742986219  9.74009168470  9.74539300885  9.75328474366  9.76369324883  9.77652044057  9.79164401923  9.80891788299  9.82817279741  9.84921738923  9.87183952418  9.89580811239  9.92087536241  9.94677947636  9.97324774868 10.00000000000
