
 10.00000000000 10.00000000000 10.00000000000 10.00000000000 10.00000000000 10.00000000000 10.00000000000 10.00000000000 10.00000000000 10.00000000000 10.00000000000 10.00000000000 10.00000000000 10.00000000000 10.00000000000 10.00000000000 10.00000000000 10.00000000000 10.00000000000 10.00000000000 10.00000000000 10.00000000000 10.00000000000 10.00000000000 10.00000000000 10.00000000000 10.00000000000 10.00000000000 10.00000000000 10.00000000000 10.00000000000 10.00000000000
 10.00000000000 10.00000000000 10.00000000000 10.00000000000 10.00000000000 10.00000000000 10.00000000000 10.00000000000 10.00000000000 10.00000000000 10.00000000000 10.00000000000 10.00000000000 10.00000000000 10.00000000000 10.00000000000 10.00000000000 10.00000000000 10.00000000000 10.00000000000 10.00000000000 10.00000000000 10.00000000000 10.00000000000 10.00000000000 10.00000000000 10.00000000000 10.00000000000 10.00000000000 10.00000000000 10.00000000000 10.00000000000
 10.00000000000 10.00000000000 10.00000000000 10.00000000000 10.00000000000 10.00000000000 10.00000000000 10.00000000000 10.00000000000 10.00000000000 10.00000000000 10.00000000000 10.00000000000 10.00000000000 10.00000000000 10.00000000000 10.00000000000 10.00000000000 10.00000000000 10.00000000000 10.00000000000 10.00000000000 10.00000000000 10.00000000000 10.00000000000 10.00000000000 10.00000000000 10.00000000000 10.00000000000 10.00000000000 10.00000000000 10.00000000000
 10.00000000000 10.00000000000 10.00000000000 10.00000000000 10.00000000000 10.00000000000 10.00000000000 10.00000000000 10.00000000000 10.00000000000 10.00000000000 10.00000000000 10.00000000000 10.00000000000 10.00000000000 10.00000000000 10.00000000000 10.00000000000 10.00000000000 10.00000000000 10.00000000000 10.00000000000 10.00000000000 10.00000000000 10.00000000000 10.00000000000 10.00000000000 10.00000000000 10.00000000000 10.00000000000 10.00000000000 10.00000000000
 10.00000000000 10.00000000000 10.00000000000 10.00000000000 10.00000000000 10.00000000000 10.00000000000 10.00000000000 10.00000000000 10.00000000000 10.00000000000 10.00000000000 10.00000000000 10.00000000000 10.00000000000 10.00000000000 10.00000000000 10.00000000000 10.00000000000 10.00000000000 10.00000000000 10.00000000000 10.00000000000 10.00000000000 10.00000000000 10.00000000000 10.00000000000 10.00000000000 10.00000000000 10.00000000000 10.00000000000 10.00000000000
 10.00000000000 10.00000000000 10.00000000000 10.00000000000 10.00000000000 10.00000000000 10.00000000000 10.00000000000 10.00000000000 10.00000000000 10.00000000000 10.00000000000 10.00000000000 10.00000000000 10.00000000000 10.00000000000 10.00000000000 10.00000000000 10.00000000000 10.00000000000 10.00000000000 10.00000000000 10.00000000000 10.00000000000 10.00000000000 10.00000000000 10.00000000000 10.00000000000 10.00000000000 10.00000000000 10.00000000000 10.00000000000
 10.00000000000 10.00000000000 10.00000000000 10.00000000000 10.00000000000 10.00000000000 10.00000000000 10.00000000000 10.00000000000 10.00000000000 10.00000000000 10.00000000000 10.00000000000 10.00000000000 10.00000000000 10.00000000000 10.00000000000 10.00000000000 10.00000000000 10.00000000000 10.00000000000 10.00000000000 10.00000000000 10.00000000000 10.00000000000 10.00000000000 10.00000000000 10.00000000000 10.00000000000 10.00000000000 10.00000000000 10.00000000000
 10.00000000000 10.00000000000 10.00000000000 10.00000000000 10.00000000000 10.00000000000 10.00000000000 10.00000000000 10.00000000000 10.00000000000 10.00000000000 10.00000000000 10.00000000000 10.00000000000 10.00000000000 10.00000000000 10.00000000000 10.00000000000 10.00000000000 10.00000000000 10.00000000000 10.00000000000 10.00000000000 10.00000000000 10.00000000000 10.00000000000 10.00000000000 10.00000000000 10.00000000000 10.00000000000 10.00000000000 10.00000000000
 10.00000000000 10.00000000000 10.00000000000 10.00000000000 10.00000000000 10.00000000000 10.00000000000 10.00000000000 10.00000000000 10.00000000000 10.00000000000 10.00000000000 10.00000000000 10.00000000000 10.00000000000 10.00000000000 10.00000000000 10.00000000000 10.00000000000 10.00000000000 10.00000000000 10.00000000000 10.00000000000 10.00000000000 10.00000000000 10.00000000000 10.00000000000 10.00000000000 10.00000000000 10.00000000000 10.00000000000 10.00000000000
 10.00000000000 10.00000000000 10.00000000000 10.00000000000 10.00000000000 10.00000000000 10.00000000000 10.00000000000 10.00000000000 10.00000000000 10.00000000000 10.00000000000 10.00000000000 10.00000000000 10.00000000000 10.00000000000 10.00000000000 10.00000000000 10.00000000000 10.00000000000 10.00000000000 10.00000000000 10.00000000000 10.00000000000 10.00000000000 10.00000000000 10.00000000000 10.00000000000 10.00000000000 10.00000000000 10.00000000000 10.00000000000
 10.00000000000 10.00000000000 10.00000000000 10.00000000000 10.00000000000 10.00000000000 10.00000000000 10.00000000000 10.00000000000 10.00000000000 10.00000000000 10.00000000000 10.00000000000 10.00000000000 10.00000000000 10.00000000000 10.00000000000 10.00000000000 10.00000000000 10.00000000000 10.00000000000 10.00000000000 10.00000000000 10.00000000000 10.00000000000 10.00000000000 10.00000000000 10.00000000000 10.00000000000 10.00000000000 10.00000000000 10.00000000000
 10.00000000000 10.00000000000 10.00000000000 10.00000000000 10.00000000000 10.00000000000 10.00000000000 10.00000000000 10.00000000000 10.00000000000 10.00000000000 10.00000000000 10.00000000000 10.00000000000 10.00000000000 10.00000000000 10.00000000000 10.00000000000 10.00000000000 10.00000000000 10.00000000000 10.00000000000 10.00000000000 10.00000000000 10.00000000000 10.00000000000 10.00000000000 10.00000000000 10.00000000000 10.00000000000 10.00000000000 10.00000000000
 10.00000000000 10.00000000000 10.00000000000 10.00000000000 10.00000000000 10.00000000000 10.00000000000 10.00000000000 10.00000000000 10.00000000000 10.00000000000 10.00000000000 10.00000000000 10.00000000000 10.00000000000 10.00000000000 10.00000000000 10.00000000000 10.00000000000 10.00000000000 10.00000000000 10.00000000000 10.00000000000 10.00000000000 10.00000000000 10.00000000000 10.00000000000 10.00000000000 10.00000000000 10.00000000000 10.00000000000 10.00000000000
 10.00000000000 10.00000000000 10.00000000000 10.00000000000 10.00000000000 10.00000000000 10.00000000000 10.00000000000 10.00000000000 10.00000000000 10.00000000000 10.00000000000 10.00000000000 10.00000000000 10.00000000000 10.00000000000 10.00000000000 10.00000000000 10.00000000000 10.00000000000 10.00000000000 10.00000000000 10.00000000000 10.00000000000 10.00000000000 10.00000000000 10.00000000000 10.00000000000 10.00000000000 10.00000000000 10.00000000000 10.00000000000
 10.00000000000 10.00000000000 10.00000000000 10.00000000000 10.00000000000 10.00000000000 10.00000000000 10.00000000000 10.00000000000 10.00000000000 10.00000000000 10.00000000000 10.00000000000 10.00000000000 10.00000000000 10.00000000000 10.00000000000 10.00000000000 10.00000000000 10.00000000000 10.00000000000 10.00000000000 10.00000000000 10.00000000000 10.00000000000 10.00000000000 10.00000000000 10.00000000000 10.00000000000 10.00000000000 10.00000000000 10.00000000000
 10.00000000000 10.00000000000 10.00000000000 10.00000000000 10.00000000000 10.00000000000 10.00000000000 10.00000000000 10.00000000000 10.00000000000 10.00000000000 10.00000000000 10.00000000000 10.00000000000 10.00000000000 10.00000000000 10.00000000000 10.00000000000 10.00000000000 10.00000000000 10.00000000000 10.00000000000 10.00000000000 10.00000000000 10.00000000000 10.00000000000 10.00000000000 10.00000000000 10.00000000000 10.00000000000 10.00000000000 10.00000000000
 10.00000000000 10.00000000000 10.00000000000 10.00000000000 10.00000000000 10.00000000000 10.00000000000 10.00000000000 10.00000000000 10.00000000000 10.00000000000 10.00000000000 10.00000000000 10.00000000000 10.00000000000 10.00000000000 10.00000000000 10.00000000000 10.00000000000 10.00000000000 10.00000000000 10.00000000000 10.00000000000 10.00000000000 10.00000000000 10.00000000000 10.00000000000 10.00000000000 10.00000000000 10.00000000000 10.00000000000 10.00000000000
 10.00000000000 10.00000000000 10.00000000000 10.00000000000 10.00000000000 10.00000000000 10.00000000000 10.00000000000 10.00000000000 10.00000000000 10.00000000000 10.00000000000 10.00000000000 10.00000000000 10.00000000000 10.00000000000 10.00000000000 10.00000000000 10.00000000000 10.00000000000 10.00000000000 10.00000000000 10.00000000000 10.00000000000 10.00000000000 10.00000000000 10.00000000000 10.00000000000 10.00000000000 10.00000000000 10.00000000000 10.00000000000
 10.00000000000 10.00000000000 10.00000000000 10.00000000000 10.00000000000 10.00000000000 10.00000000000 10.00000000000 10.00000000000 10.00000000000 10.00000000000 10.00000000000 10.00000000000 10.00000000000 10.00000000000 10.00000000000 10.00000000000 10.00000000000 10.00000000000 10.00000000000 10.00000000000 10.00000000000 10.00000000000 10.00000000000 10.00000000000 10.00000000000 10.00000000000 10.00000000000 10.00000000000 10.00000000000 10.00000000000 10.00000000000
 10.00000000000 10.00000000000 10.00000000000 10.00000000000 10.00000000000 10.00000000000 10.00000000000 10.00000000000 10.00000000000 10.00000000000 10.00000000000 10.00000000000 10.00000000000 10.00000000000 10.00000000000 10.00000000000 10.00000000000 10.00000000000 10.00000000000 10.00000000000 10.00000000000 10.00000000000 10.00000000000 10.00000000000 10.00000000000 10.00000000000 10.00000000000 10.00000000000 10.00000000000 10.00000000000 10.00000000000 10.00000000000
 10.00000000000 10.00000000000 10.00000000000 10.00000000000 10.00000000000 10.00000000000 10.00000000000 10.00000000000 10.00000000000 10.00000000000 10.00000000000 10.00000000000 10.00000000000 10.00000000000 10.00000000000 10.00000000000 10.00000000000 10.00000000000 10.00000000000 10.00000000000 10.00000000000 10.00000000000 10.00000000000 10.00000000000 10.00000000000 10.00000000000 10.00000000000 10.00000000000 10.00000000000 10.00000000000 10.00000000000 10.00000000000
 10.00000000000 10.00000000000 10.00000000000 10.00000000000 10.00000000000 10.00000000000 10.00000000000 10.00000000000 10.00000000000 10.00000000000 10.00000000000 10.00000000000 10.00000000000 10.00000000000 10.00000000000 10.00000000000 10.00000000000 10.00000000000 10.00000000000 10.00000000000 10.00000000000 10.00000000000 10.00000000000 10.00000000000 10.00000000000 10.00000000000 10.00000000000 10.00000000000 10.00000000000 10.00000000000 10.00000000000 10.00000000000
 10.00000000000 10.00000000000 10.00000000000 10.00000000000 10.00000000000 10.00000000000 10.00000000000 10.00000000000 10.00000000000 10.00000000000 10.00000000000 10.00000000000 10.00000000000 10.00000000000 10.00000000000 10.00000000000 10.00000000000 10.00000000000 10.00000000000 10.00000000000 10.00000000000 10.00000000000 10.00000000000 10.00000000000 10.00000000000 10.00000000000 10.00000000000 10.00000000000 10.00000000000 10.00000000000 10.00000000000 10.00000000000
 10.00000000000 10.00000000000 10.00000000000 10.00000000000 10.00000000000 10.00000000000 10.00000000000 10.00000000000 10.00000000000 10.00000000000 10.00000000000 10.00000000000 10.00000000000 10.00000000000 10.00000000000 10.00000000000 10.00000000000 10.00000000000 10.00000000000 10.00000000000 10.00000000000 10.00000000000 10.00000000000 10.00000000000 10.00000000000 10.00000000000 10.00000000000 10.00000000000 10.00000000000 10.00000000000 10.00000000000 10.00000000000
 10.00000000000 10.00000000000 10.00000000000 10.00000000000 10.00000000000 10.00000000000 10.00000000000 10.00000000000 10.00000000000 10.00000000000 10.00000000000 10.00000000000 10.00000000000 10.00000000000 10.00000000000 10.00000000000 10.00000000000 10.00000000000 10.00000000000 10.00000000000 10.00000000000 10.00000000000 10.00000000000 10.00000000000 10.00000000000 10.00000000000 10.00000000000 10.00000000000 10.00000000000 10.00000000000 10.00000000000 10.00000000000
 10.00000000000 10.00000000000 10.00000000000 10.00000000000 10.00000000000 10.00000000000 10.00000000000 10.00000000000 10.00000000000 10.00000000000 10.00000000000 10.00000000000 10.00000000000 10.00000000000 10.00000000000 10.00000000000 10.00000000000 10.00000000000 10.00000000000 10.00000000000 10.00000000000 10.00000000000 10.00000000000 10.00000000000 10.00000000000 10.00000000000 10.00000000000 10.00000000000 10.00000000000 10.00000000000 10.00000000000 10.00000000000
 10.00000000000 10.00000000000 10.00000000000 10.00000000000 10.00000000000 10.00000000000 10.00000000000 10.00000000000 10.00000000000 10.00000000000 10.00000000000 10.00000000000 10.00000000000 10.00000000000 10.00000000000 10.00000000000 10.00000000000 10.00000000000 10.00000000000 10.00000000000 10.00000000000 10.00000000000 10.00000000000 10.00000000000 10.00000000000 10.00000000000 10.00000000000 10.00000000000 10.00000000000 10.00000000000 10.00000000000 10.00000000000
 10.00000000000 10.00000000000 10.00000000000 10.00000000000 10.00000000000 10.00000000000 10.00000000000 10.00000000000 10.00000000000 10.00000000000 10.00000000000 10.00000000000 10.00000000000 10.00000000000 10.00000000000 10.00000000000 10.00000000000 10.00000000000 10.00000000000 10.00000000000 10.00000000000 10.00000000000 10.00000000000 10.00000000000 10.00000000000 10.00000000000 10.00000000000 10.00000000000 10.00000000000 10.00000000000 10.00000000000 10.00000000000
 10.00000000000 10.00000000000 10.00000000000 10.00000000000 10.00000000000 10.00000000000 10.00000000000 10.00000000000 10.00000000000 10.00000000000 10.00000000000 10.00000000000 10.00000000000 10.00000000000 10.00000000000 10.00000000000 10.00000000000 10.00000000000 10.00000000000 10.00000000000 10.00000000000 10.00000000000 10.00000000000 10.00000000000 10.00000000000 10.00000000000 10.00000000000 10.00000000000 10.00000000000 10.00000000000 10.00000000000 10.00000000000
 10.00000000000 10.00000000000 10.00000000000 10.00000000000 10.00000000000 10.00000000000 10.00000000000 10.00000000000 10.00000000000 10.00000000000 10.00000000000 10.00000000000 10.00000000000 10.00000000000 10.00000000000 10.00000000000 10.00000000000 10.00000000000 10.00000000000 10.00000000000 10.00000000000 10.00000000000 10.00000000000 10.00000000000 10.00000000000 10.00000000000 10.00000000000 10.00000000000 10.00000000000 10.00000000000 10.00000000000 10.00000000000
 10.00000000000 10.00000000000 10.00000000000 10.00000000000 10.00000000000 10.00000000000 10.00000000000 10.00000000000 10.00000000000 10.00000000000 10.00000000000 10.00000000000 10.00000000000 10.00000000000 10.00000000000 10.00000000000 10.00000000000 10.00000000000 10.00000000000 10.00000000000 10.00000000000 10.00000000000 10.00000000000 10.00000000000 10.00000000000 10.00000000000 10.00000000000 10.00000000000 10.00000000000 10.00000000000 10.00000000000 10.00000000000
 10.00000000000 10.00000000000 10.00000000000 10.00000000000 10.00000000000 10.00000000000 10.00000000000 10.00000000000 10.00000000000 10.00000000000 10.00000000000 10.00000000000 10.00000000000 10.00000000000 10.00000000000 10.00000000000 10.00000000000 10.00000000000 10.00000000000 10.00000000000 10.00000000000 10.00000000000 10.00000000000 10.00000000000 10.00000000000 10.00000000000 10.00000000000 10.00000000000 10.00000000000 10.00000000000 10.00000000000 10.00000000000

 10.00000000000 10.00000000000 10.00000000000 10.00000000000 10.00000000000 10.00000000000 10.00000000000 10.00000000000 10.00000000000 10.00000000000 10.00000000000 10.00000000000 10.00000000000 10.00000000000 10.00000000000 10.00000000000 10.00000000000 10.00000000000 10.00000000000 10.00000000000 10.00000000000 10.00000000000 10.00000000000 10.00000000000 10.00000000000 10.00000000000 10.00000000000 10.00000000000 10.00000000000 10.00000000000 10.00000000000 10.00000000000
 10.00000000000  9.99942525546  9.99885688448  9.99830115047  9.99776410199  9.99725147865  9.99676863145  9.99632046037  9.99591137011  9.99554524390  9.99522543331  9.99495476152  9.99473553624  9.99456956846  9.99445819307  9.99440228786  9.99440228786  9.99445819307  9.99456956845  9.99473553624  9.99495476152  9.99522543331  9.99554524390  9.99591137011  9.99632046037  9.99676863145  9.99725147865  9.99776410199  9.99830115047  9.99885688448  9.99942525546 10.00000000000
 10.00000000000  9.99885688448  9.99772644395  9.99662113439  9.99555298485  9.99453341030  9.99357305331  9.99268165985  9.99186799134  9.99113977239  9.99050367053  9.98996530245  9.98952925964  9.98919914554  9.98897761642  9.98886641900  9.98886641900  9.98897761642  9.98919914554  9.98952925964  9.98996530245  9.99050367053  9.99113977239  9.99186799134  9.99268165985  9.99357305331  9.99453341030  9.99555298485  9.99662113439  9.99772644395  9.99885688448 10.00000000000
 10.00000000000  9.99830115047  9.99662113439  9.99497846015  9.99339100235  9.99187572398  9.99044844129  9.98912363924  9.98791434073  9.98683202872  9.98588661584  9.98508645341  9.98443836910  9.98394772187  9.98361846241  9.98345318883  9.98345318883  9.98361846241  9.98394772187  9.98443836910  9.98508645340  9.98588661584  9.98683202872  9.98791434073  9.98912363923  9.99044844129  9.99187572397  9.99339100235  9.99497846015  9.99662113439  9.99830115047 10.00000000000
 10.00000000000  9.99776410199  9.99555298485  9.99339100235  9.99130167537  9.98930732677  9.98742877221  9.98568507731  9.98409338545  9.98266881485  9.98142441822  9.98037119398  9.97951813530  9.97887230171  9.97843889820  9.97822134804  9.97822134804  9.97843889820  9.97887230171  9.97951813530  9.98037119398  9.98142441822  9.98266881484  9.98409338544  9.98568507731  9.98742877221  9.98930732676  9.99130167537  9.99339100235  9.99555298485  9.99776410199 10.00000000000
 10.00000000000  9.99725147865  9.99453341030  9.99187572398  9.98930732677  9.98685565569  9.98454629805  9.98240269302  9.98044591978  9.97869457051  9.97716470008  9.97586983901  9.97482105286  9.97402702934  9.97349417482  9.97322670316  9.97322670316  9.97349417482  9.97402702934  9.97482105285  9.97586983901  9.97716470008  9.97869457051  9.98044591978  9.98240269302  9.98454629804  9.98685565568  9.98930732676  9.99187572397  9.99453341030  9.99725147865 10.00000000000
 10.00000000000  9.99676863145  9.99357305331  9.99044844129  9.98742877221  9.98454629805  9.98183110016  9.97931073859  9.97701000270  9.97495076125  9.97315190226  9.97162934722  9.97039611961  9.96946244624  9.96883586959  9.96852135141  9.96852135141  9.96883586959  9.96946244624  9.97039611961  9.97162934722  9.97315190226  9.97495076124  9.97701000270  9.97931073859  9.98183110016  9.98454629804  9.98742877221  9.99044844129  9.99357305331  9.99676863145 10.00000000000
 10.00000000000  9.99632046037  9.99268165985  9.98912363924  9.98568507731  9.98240269302  9.97931073859  9.97644060036  9.97382051451  9.97147539554  9.96942676671  9.96769277480  9.96628826669  9.96522490334  9.96451128637  9.96415307503  9.96415307503  9.96451128637  9.96522490334  9.96628826669  9.96769277480  9.96942676671  9.97147539553  9.97382051451  9.97644060036  9.97931073859  9.98240269302  9.98568507731  9.98912363923  9.99268165985  9.99632046037 10.00000000000
 10.00000000000  9.99591137011  9.99186799134  9.98791434073  9.98409338545  9.98044591978  9.97701000270  9.97382051451  9.97090884057  9.96830267985  9.96602596637  9.96409888393  9.96253794967  9.96135613897  9.96056302471  9.96016490598  9.96016490598  9.96056302471  9.96135613897  9.96253794967  9.96409888393  9.96602596637  9.96830267985  9.97090884056  9.97382051450  9.97701000270  9.98044591977  9.98409338544  9.98791434073  9.99186799134  9.99591137011 10.00000000000
 10.00000000000  9.99554524390  9.99113977239  9.98683202872  9.98266881485  9.97869457051  9.97495076125  9.97147539554  9.96830267985  9.96546280911  9.96298187961  9.96088190353  9.95918089808  9.95789301988  9.95702871507  9.95659485825  9.95659485825  9.95702871507  9.95789301988  9.95918089808  9.96088190353  9.96298187961  9.96546280910  9.96830267985  9.97147539553  9.97495076124  9.97869457050  9.98266881484  9.98683202872  9.99113977239  9.99554524390 10.00000000000
 10.00000000000  9.99522543331  9.99050367053  9.98588661584  9.98142441822  9.97716470008  9.97315190226  9.96942676671  9.96602596637  9.96298187961  9.96032249554  9.95807142783  9.95624800846  9.95486742992  9.95394090454  9.95347581205  9.95347581205  9.95394090454  9.95486742992  9.95624800846  9.95807142783  9.96032249554  9.96298187961  9.96602596637  9.96942676671  9.97315190226  9.97716470008  9.98142441821  9.98588661584  9.99050367053  9.99522543331 10.00000000000
 10.00000000000  9.99495476152  9.98996530245  9.98508645341  9.98037119398  9.97586983901  9.97162934722  9.96769277480  9.96409888393  9.96088190353  9.95807142783  9.95569242940  9.95376535643  9.95230628134  9.95132706757  9.95083552427  9.95083552427  9.95132706757  9.95230628134  9.95376535643  9.95569242940  9.95807142783  9.96088190353  9.96409888393  9.96769277480  9.97162934722  9.97586983901  9.98037119398  9.98508645340  9.98996530245  9.99495476152 10.00000000000
 10.00000000000  9.99473553624  9.98952925964  9.98443836910  9.97951813530  9.97482105286  9.97039611961  9.96628826669  9.96253794967  9.95918089808  9.95624800846  9.95376535643  9.95175429672  9.95023161673  9.94920970911  9.94869673219  9.94869673219  9.94920970911  9.95023161672  9.95175429672  9.95376535643  9.95624800846  9.95918089808  9.96253794966  9.96628826669  9.97039611961  9.97482105285  9.97951813530  9.98443836910  9.98952925964  9.99473553624 10.00000000000
 10.00000000000  9.99456956846  9.98919914554  9.98394772187  9.97887230171  9.97402702934  9.96946244624  9.96522490334  9.96135613897  9.95789301988  9.95486742992  9.95230628134  9.95023161673  9.94866076614  9.94760652411  9.94707731413  9.94707731412  9.94760652411  9.94866076614  9.95023161672  9.95230628134  9.95486742992  9.95789301988  9.96135613896  9.96522490333  9.96946244624  9.97402702933  9.97887230170  9.98394772187  9.98919914554  9.99456956845 10.00000000000
 10.00000000000  9.99445819307  9.98897761642  9.98361846241  9.97843889820  9.97349417482  9.96883586959  9.96451128637  9.96056302471  9.95702871507  9.95394090454  9.95132706757  9.94920970911  9.94760652411  9.94653057735  9.94599047070  9.94599047070  9.94653057735  9.94760652411  9.94920970911  9.95132706757  9.95394090454  9.95702871507  9.96056302471  9.96451128637  9.96883586959  9.97349417482  9.97843889819  9.98361846241  9.98897761642  9.99445819307 10.00000000000
 10.00000000000  9.99440228786  9.98886641900  9.98345318883  9.97822134804  9.97322670316  9.96852135141  9.96415307503  9.96016490598  9.95659485825  9.95347581205  9.95083552427  9.94869673219  9.94707731413  9.94599047070  9.94544489345  9.94544489345  9.94599047070  9.94707731412  9.94869673219  9.95083552427  9.95347581204  9.95659485824  9.96016490598  9.96415307502  9.96852135141  9.97322670316  9.97822134804  9.98345318882  9.98886641900  9.99440228786 10.00000000000
 10.00000000000  9.99440228786  9.98886641900  9.98345318883  9.97822134804  9.97322670316  9.96852135141  9.96415307503  9.96016490598  9.95659485825  9.95347581205  9.95083552427  9.94869673219  9.94707731412  9.94599047070  9.94544489345  9.94544489345  9.94599047070  9.94707731412  9.94869673219  9.95083552427  9.95347581204  9.95659485824  9.96016490598  9.96415307502  9.96852135141  9.97322670316  9.97822134804  9.98345318882  9.98886641900  9.99440228786 10.00000000000
 10.00000000000  9.99445819307  9.98897761642  9.98361846241  9.97843889820  9.97349417482  9.96883586959  9.96451128637  9.96056302471  9.95702871507  9.95394090454  9.95132706757  9.94920970911  9.94760652411  9.94653057735  9.94599047070  9.94599047070  9.94653057735  9.94760652410  9.94920970910  9.95132706757  9.95394090454  9.95702871506  9.96056302471  9.96451128637  9.96883586959  9.97349417482  9.97843889819  9.98361846241  9.98897761642  9.99445819307 10.00000000000
 10.00000000000  9.99456956845  9.98919914554  9.98394772187  9.97887230171  9.97402702934  9.96946244624  9.96522490334  9.96135613897  9.95789301988  9.95486742992  9.95230628134  9.95023161672  9.94866076614  9.94760652411  9.94707731412  9.94707731412  9.94760652410  9.94866076613  9.95023161672  9.95230628134  9.95486742992  9.95789301988  9.96135613896  9.96522490333  9.96946244624  9.97402702933  9.97887230170  9.98394772187  9.98919914554  9.99456956845 10.00000000000
 10.00000000000  9.99473553624  9.98952925964  9.98443836910  9.97951813530  9.97482105285  9.97039611961  9.96628826669  9.96253794967  9.95918089808  9.95624800846  9.95376535643  9.95175429672  9.95023161672  9.94920970911  9.94869673219  9.94869673219  9.94920970910  9.95023161672  9.95175429672  9.95376535642  9.95624800845  9.95918089807  9.96253794966  9.96628826668  9.97039611961  9.97482105285  9.97951813530  9.98443836910  9.98952925964  9.99473553624 10.00000000000
 10.00000000000  9.99495476152  9.98996530245  9.98508645340  9.98037119398  9.97586983901  9.97162934722  9.96769277480  9.96409888393  9.96088190353  9.95807142783  9.95569242940  9.95376535643  9.95230628134  9.95132706757  9.95083552427  9.95083552427  9.95132706757  9.95230628134  9.95376535642  9.95569242940  9.95807142783  9.96088190352  9.96409888393  9.96769277479  9.97162934722  9.97586983901  9.98037119398  9.98508645340  9.98996530244  9.99495476152 10.00000000000
 10.00000000000  9.99522543331  9.99050367053  9.98588661584  9.98142441822  9.97716470008  9.97315190226  9.96942676671  9.96602596637  9.96298187961  9.96032249554  9.95807142783  9.95624800846  9.95486742992  9.95394090454  9.95347581204  9.95347581204  9.95394090454  9.95486742992  9.95624800845  9.95807142783  9.96032249553  9.96298187960  9.96602596637  9.96942676671  9.97315190226  9.97716470007  9.98142441821  9.98588661584  9.99050367052  9.99522543331 10.00000000000
 10.00000000000  9.99554524390  9.99113977239  9.98683202872  9.98266881484  9.97869457051  9.97495076124  9.97147539553  9.96830267985  9.96546280910  9.96298187961  9.96088190353  9.95918089808  9.95789301988  9.95702871507  9.95659485824  9.95659485824  9.95702871506  9.95789301988  9.95918089807  9.96088190352  9.96298187960  9.96546280910  9.96830267985  9.97147539553  9.97495076124  9.97869457050  9.98266881484  9.98683202872  9.99113977239  9.99554524390 10.00000000000
 10.00000000000  9.99591137011  9.99186799134  9.98791434073  9.98409338544  9.98044591978  9.97701000270  9.97382051451  9.97090884056  9.96830267985  9.96602596637  9.96409888393  9.96253794966  9.96135613896  9.96056302471  9.96016490598  9.96016490598  9.96056302471  9.96135613896  9.96253794966  9.96409888393  9.96602596637  9.96830267985  9.97090884056  9.97382051450  9.97701000270  9.98044591977  9.98409338544  9.98791434073  9.99186799134  9.99591137011 10.00000000000
 10.00000000000  9.99632046037  9.99268165985  9.98912363923  9.98568507731  9.98240269302  9.97931073859  9.97644060036  9.97382051450  9.97147539553  9.96942676671  9.96769277480  9.96628826669  9.96522490333  9.96451128637  9.96415307502  9.96415307502  9.96451128637  9.96522490333  9.96628826668  9.96769277479  9.96942676671  9.97147539553  9.97382051450  9.97644060036  9.97931073859  9.98240269301  9.98568507731  9.98912363923  9.99268165984  9.99632046037 10.00000000000
 10.00000000000  9.99676863145  9.99357305331  9.99044844129  9.98742877221  9.98454629804  9.98183110016  9.97931073859  9.97701000270  9.97495076124  9.97315190226  9.97162934722  9.97039611961  9.96946244624  9.96883586959  9.96852135141  9.96852135141  9.96883586959  9.96946244624  9.97039611961  9.97162934722  9.97315190226  9.97495076124  9.97701000270  9.97931073859  9.98183110016  9.98454629804  9.98742877221  9.99044844129  9.99357305331  9.99676863145 10.00000000000
 10.00000000000  9.99725147865  9.99453341030  9.99187572397  9.98930732676  9.98685565568  9.98454629804  9.98240269302  9.98044591977  9.97869457050  9.97716470008  9.97586983901  9.97482105285  9.97402702933  9.97349417482  9.97322670316  9.97322670316  9.97349417482  9.97402702933  9.97482105285  9.97586983901  9.97716470007  9.97869457050  9.98044591977  9.98240269301  9.98454629804  9.98685565568  9.98930732676  9.99187572397  9.99453341030  9.99725147865 10.00000000000
 10.00000000000  9.99776410199  9.99555298485  9.99339100235  9.99130167537  9.98930732676  9.98742877221  9.98568507731  9.98409338544  9.98266881484  9.98142441821  9.98037119398  9.97951813530  9.97887230170  9.97843889819  9.97822134804  9.97822134804  9.97843889819  9.97887230170  9.97951813530  9.98037119398  9.98142441821  9.98266881484  9.98409338544  9.98568507731  9.98742877221  9.98930732676  9.99130167536  9.99339100235  9.99555298485  9.99776410199 10.00000000000
 10.00000000000  9.99830115047  9.99662113439  9.99497846015  9.99339100235  9.99187572397  9.99044844129  9.98912363923  9.98791434073  9.98683202872  9.98588661584  9.98508645340  9.98443836910  9.98394772187  9.98361846241  9.98345318882  9.98345318882  9.98361846241  9.98394772187  9.98443836910  9.98508645340  9.98588661584  9.98683202872  9.98791434073  9.98912363923  9.99044844129  9.99187572397  9.99339100235  9.99497846015  9.99662113439  9.99830115047 10.00000000000
 10.00000000000  9.99885688448  9.99772644395  9.99662113439  9.99555298485  9.99453341030  9.99357305331  9.99268165985  9.99186799134  9.99113977239  9.99050367053  9.98996530245  9.98952925964  9.98919914554  9.98897761642  9.98886641900  9.98886641900  9.98897761642  9.98919914554  9.98952925964  9.98996530244  9.99050367052  9.99113977239  9.99186799134  9.99268165984  9.99357305331  9.99453341030  9.99555298485  9.99662113439  9.99772644395  9.99885688448 10.00000000000
 10.00000000000  9.99942525546  9.99885688448  9.99830115047  9.99776410199  9.99725147865  9.99676863145  9.99632046037  9.99591137011  9.99554524390  9.99522543331  9.99495476152  9.99473553624  9.99456956845  9.99445819307  9.99440228786  9.99440228786  9.99445819307  9.99456956845  9.99473553624  9.99495476152  9.99522543331  9.99554524390  9.99591137011  9.99632046037  9.99676863145  9.99725147865  9.99776410199  9.99830115047  9.99885688448  9.99942525546 10.00000000000
 10.00000000000 10.00000000000 10.00000000000 10.00000000000 10.00000000000 10.00000000000 10.00000000000 10.00000000000 10.00000000000 10.00000000000 10.00000000000 10.00000000000 10.00000000000 10.00000000000 10.00000000000 10.00000000000 10.00000000000 10.00000000000 10.00000000000 10.00000000000 10.00000000000 10.00000000000 10.00000000000 10.00000000000 10.00000000000 10.00000000000 10.00000000000 10.00000000000 10.00000000000 10.00000000000 10.00000000000 10.00000000000

 10.00000000000 10.00000000000 10.00000000000 10.00000000000 10.00000000000 10.00000000000 10.00000000000 10.00000000000 10.00000000000 10.00000000000 10.00000000000 10.00000000000 10.00000000000 10.00000000000 10.00000000000 10.00000000000 10.00000000000 10.00000000000 10.00000000000 10.00000000000 10.00000000000 10.00000000000 10.00000000000 10.00000000000 10.00000000000 10.00000000000 10.00000000000 10.00000000000 10.00000000000 10.00000000000 10.00000000000 10.00000000000
 10.00000000000  9.99883778029  9.99768848988  9.99656483083  9.99547906234  9.99444280732  9.99346688960  9.99256120709  9.99173464335  9.99099501661  9.99034906240  9.98980244364  9.98935978085  9.98902469385  9.98879984697  9.98868699020  9.98868699020  9.98879984697  9.98902469385  9.98935978085  9.98980244364  9.99034906240  9.99099501661  9.99173464335  9.99256120709  9.99346688960  9.99444280732  9.99547906234  9.99656483083  9.99768848988  9.99883778028 10.00000000000
 10.00000000000  9.99768848988  9.99540269129  9.99316786411  9.99100838813  9.98894737860  9.98700636248  9.98520502632  9.98356104030  9.98208995663  9.98080517471  9.97971796109  9.97883750901  9.97817102119  9.97772379943  9.97749932617  9.97749932617  9.97772379942  9.97817102119  9.97883750901  9.97971796109  9.98080517471  9.98208995663  9.98356104030  9.98520502631  9.98700636248  9.98894737860  9.99100838813  9.99316786411  9.99540269129  9.99768848988 10.00000000000
 10.00000000000  9.99656483083  9.99316786411  9.98984663196  9.98663736016  9.98357439748  9.98068973485  9.97801263076  9.97556934962  9.97338301034  9.97147353395  9.96985767258  9.96854909720  9.96755851992  9.96689382646  9.96656019692  9.96656019692  9.96689382646  9.96755851992  9.96854909720  9.96985767258  9.97147353395  9.97338301034  9.97556934962  9.97801263075  9.98068973484  9.98357439748  9.98663736016  9.98984663196  9.99316786411  9.99656483083 10.00000000000
 10.00000000000  9.99547906234  9.99100838813  9.98663736016  9.98241364482  9.97838244205  9.97458585323  9.97106238829  9.96784662104  9.96496898918  9.96245572436  9.96032888903  9.95860649065  9.95730264132  9.95642773094  9.95598858530  9.95598858530  9.95642773094  9.95730264132  9.95860649065  9.96032888903  9.96245572436  9.96496898918  9.96784662104  9.97106238828  9.97458585322  9.97838244205  9.98241364482  9.98663736016  9.99100838813  9.99547906234 10.00000000000
 10.00000000000  9.99444280732  9.98894737860  9.98357439748  9.97838244205  9.97342706437  9.96876001438  9.96442863427  9.96047543434  9.95693784610  9.95384813477  9.95123344273  9.94911592792  9.94751295818  9.94643732238  9.94589742331  9.94589742331  9.94643732238  9.94751295818  9.94911592792  9.95123344272  9.95384813477  9.95693784610  9.96047543434  9.96442863426  9.96876001437  9.97342706437  9.97838244205  9.98357439748  9.98894737860  9.99444280732 10.00000000000
 10.00000000000  9.99346688960  9.98700636248  9.98068973485  9.97458585323  9.96876001438  9.96327305408  9.95818063551  9.95353274994  9.94937342511  9.94574062030  9.94266627493  9.94017646874  9.93829164760  9.93702686953  9.93639202953  9.93639202953  9.93702686953  9.93829164760  9.94017646873  9.94266627492  9.94574062029  9.94937342511  9.95353274994  9.95818063550  9.96327305407  9.96876001437  9.97458585322  9.98068973484  9.98700636248  9.99346688960 10.00000000000
 10.00000000000  9.99256120709  9.98520502632  9.97801263076  9.97106238829  9.96442863427  9.95818063551  9.95238178034  9.94708900938  9.94235248171  9.93821545293  9.93471432752  9.93187883797  9.92973229886  9.92829188408  9.92756888067  9.92756888067  9.92829188408  9.92973229885  9.93187883797  9.93471432751  9.93821545293  9.94235248171  9.94708900938  9.95238178033  9.95818063550  9.96442863426  9.97106238828  9.97801263075  9.98520502631  9.99256120708 10.00000000000
 10.00000000000  9.99173464335  9.98356104030  9.97556934962  9.96784662104  9.96047543434  9.95353274994  9.94708900938  9.94120750200  9.93594399202  9.93134658025  9.92745575883  9.92430460663  9.92191906796  9.92031825746  9.91951473949  9.91951473949  9.92031825746  9.92191906796  9.92430460663  9.92745575883  9.93134658024  9.93594399201  9.94120750199  9.94708900938  9.95353274994  9.96047543434  9.96784662104  9.97556934962  9.98356104029  9.99173464335 10.00000000000
 10.00000000000  9.99099501661  9.98208995663  9.97338301034  9.96496898918  9.95693784610  9.94937342511  9.94235248171  9.93594399202  9.93020874435  9.92519918555  9.92095947687  9.91752570304  9.91492617203  9.91318174383  9.91230613199  9.91230613199  9.91318174383  9.91492617203  9.91752570303  9.92095947686  9.92519918554  9.93020874435  9.93594399201  9.94235248170  9.94937342510  9.95693784610  9.96496898918  9.97338301034  9.98208995663  9.99099501661 10.00000000000
 10.00000000000  9.99034906240  9.98080517471  9.97147353395  9.96245572436  9.95384813477  9.94574062030  9.93821545293  9.93134658025  9.92519918555  9.91982952002  9.91528495902  9.91160422212  9.90881769046  9.90694775568  9.90600914026  9.90600914026  9.90694775568  9.90881769046  9.91160422211  9.91528495902  9.91982952001  9.92519918554  9.93134658024  9.93821545292  9.94574062029  9.95384813477  9.96245572436  9.97147353395  9.98080517471  9.99034906239 10.00000000000
 10.00000000000  9.98980244364  9.97971796109  9.96985767258  9.96032888903  9.95123344273  9.94266627493  9.93471432752  9.92745575883  9.92095947687  9.91528495902  9.91048230803  9.90659248063  9.90364761931  9.90167141759  9.90067945583  9.90067945583  9.90167141759  9.90364761931  9.90659248063  9.91048230802  9.91528495902  9.92095947686  9.92745575882  9.93471432751  9.94266627492  9.95123344272  9.96032888903  9.96985767257  9.97971796109  9.98980244364 10.00000000000
 10.00000000000  9.98935978085  9.97883750901  9.96854909720  9.95860649065  9.94911592792  9.94017646874  9.93187883797  9.92430460663  9.91752570304  9.91160422212  9.90659248063  9.90253325244  9.89946011132  9.89739780918  9.89636262406  9.89636262406  9.89739780918  9.89946011131  9.90253325243  9.90659248063  9.91160422211  9.91752570303  9.92430460662  9.93187883796  9.94017646873  9.94911592791  9.95860649065  9.96854909719  9.97883750901  9.98935978085 10.00000000000
 10.00000000000  9.98902469385  9.97817102119  9.96755851992  9.95730264132  9.94751295818  9.93829164760  9.92973229886  9.92191906796  9.91492617203  9.90881769046  9.90364761931  9.89946011132  9.89628982680  9.89416232140  9.89309440310  9.89309440310  9.89416232140  9.89628982679  9.89946011131  9.90364761931  9.90881769045  9.91492617203  9.92191906795  9.92973229885  9.93829164759  9.94751295817  9.95730264131  9.96755851991  9.97817102119  9.98902469385 10.00000000000
 10.00000000000  9.98879984697  9.97772379943  9.96689382646  9.95642773094  9.94643732238  9.93702686953  9.92829188408  9.92031825746  9.91318174383  9.90694775568  9.90167141759  9.89739780918  9.89416232140  9.89199105048  9.89090116092  9.89090116092  9.89199105048  9.89416232139  9.89739780918  9.90167141758  9.90694775567  9.91318174382  9.92031825745  9.92829188407  9.93702686953  9.94643732237  9.95642773094  9.96689382645  9.97772379942  9.98879984697 10.00000000000
 10.00000000000  9.98868699020  9.97749932617  9.96656019692  9.95598858530  9.94589742331  9.93639202953  9.92756888067  9.91951473949  9.91230613199  9.90600914026  9.90067945583  9.89636262406  9.89309440310  9.89090116092  9.88980024122  9.88980024122  9.89090116091  9.89309440310  9.89636262406  9.90067945582  9.90600914025  9.91230613198  9.91951473948  9.92756888066  9.93639202952  9.94589742330  9.95598858529  9.96656019691  9.97749932617  9.98868699020 10.00000000000
 10.00000000000  9.98868699020  9.97749932617  9.96656019692  9.95598858530  9.94589742331  9.93639202953  9.92756888067  9.91951473949  9.91230613199  9.90600914026  9.90067945583  9.89636262406  9.89309440310  9.89090116092  9.88980024122  9.88980024122  9.89090116091  9.89309440309  9.89636262405  9.90067945582  9.90600914025  9.91230613198  9.91951473948  9.92756888066  9.93639202952  9.94589742330  9.95598858529  9.96656019691  9.97749932617  9.98868699020 10.00000000000
 10.00000000000  9.98879984697  9.97772379942  9.96689382646  9.95642773094  9.94643732238  9.93702686953  9.92829188408  9.92031825746  9.91318174383  9.90694775568  9.90167141759  9.89739780918  9.89416232140  9.89199105048  9.89090116091  9.89090116091  9.89199105047  9.89416232139  9.89739780917  9.90167141758  9.90694775567  9.91318174382  9.92031825745  9.92829188407  9.93702686952  9.94643732237  9.95642773094  9.96689382645  9.97772379942  9.98879984697 10.00000000000
 10.00000000000  9.98902469385  9.97817102119  9.96755851992  9.95730264132  9.94751295818  9.93829164760  9.92973229885  9.92191906796  9.91492617203  9.90881769046  9.90364761931  9.89946011131  9.89628982679  9.89416232139  9.89309440310  9.89309440309  9.89416232139  9.89628982679  9.89946011131  9.90364761930  9.90881769045  9.91492617202  9.92191906795  9.92973229884  9.93829164759  9.94751295817  9.95730264131  9.96755851991  9.97817102119  9.98902469385 10.00000000000
