
 10.00000000000 10.00000000000 10.00000000000 10.00000000000 10.00000000000 10.00000000000 10.00000000000 10.00000000000 10.00000000000 10.00000000000 10.00000000000 10.00000000000 10.00000000000 10.00000000000 10.00000000000 10.00000000000 10.00000000000 10.00000000000 10.00000000000 10.00000000000 10.00000000000 10.00000000000 10.00000000000 10.00000000000 10.00000000000 10.00000000000 10.00000000000 10.00000000000 10.00000000000 10.00000000000 10.00000000000 10.00000000000
 10.00000000000 10.00000000000 10.00000000000 10.00000000000 10.00000000000 10.00000000000 10.00000000000 10.00000000000 10.00000000000 10.00000000000 10.00000000000 10.00000000000 10.00000000000 10.00000000000 10.00000000000 10.00000000000 10.00000000000 10.00000000000 10.00000000000 10.00000000000 10.00000000000 10.00000000000 10.00000000000 10.00000000000 10.00000000000 10.00000000000 10.00000000000 10.00000000000 10.00000000000 10.00000000000 10.00000000000 10.00000000000
 10.00000000000 10.00000000000 10.00000000000 10.00000000000 10.00000000000 10.00000000000 10.00000000000 10.00000000000 10.00000000000 10.00000000000 10.00000000000 10.00000000000 10.00000000000 10.00000000000 10.00000000000 10.00000000000 10.00000000000 10.00000000000 10.00000000000 10.00000000000 10.00000000000 10.00000000000 10.00000000000 10.00000000000 10.00000000000 10.00000000000 10.00000000000 10.00000000000 10.00000000000 10.00000000000 10.00000000000 10.00000000000
 10.00000000000 10.00000000000 10.00000000000 10.00000000000 10.00000000000 10.00000000000 10.00000000000 10.00000000000 10.00000000000 10.00000000000 10.00000000000 10.00000000000 10.00000000000 10.00000000000 10.00000000000 10.00000000000 10.00000000000 10.00000000000 10.00000000000 10.00000000000 10.00000000000 10.00000000000 10.00000000000 10.00000000000 10.00000000000 10.00000000000 10.00000000000 10.00000000000 10.00000000000 10.00000000000 10.00000000000 10.00000000000
 10.00000000000 10.00000000000 10.00000000000 10.00000000000 10.00000000000 10.00000000000 10.00000000000 10.00000000000 10.00000000000 10.00000000000 10.00000000000 10.00000000000 10.00000000000 10.00000000000 10.00000000000 10.00000000000 10.00000000000 10.00000000000 10.00000000000 10.00000000000 10.00000000000 10.00000000000 10.00000000000 10.00000000000 10.00000000000 10.00000000000 10.00000000000 10.00000000000 10.00000000000 10.00000000000 10.00000000000 10.00000000000
 10.00000000000 10.00000000000 10.00000000000 10.00000000000 10.00000000000 10.00000000000 10.00000000000 10.00000000000 10.00000000000 10.00000000000 10.00000000000 10.00000000000 10.00000000000 10.00000000000 10.00000000000 10.00000000000 10.00000000000 10.00000000000 10.00000000000 10.00000000000 10.00000000000 10.00000000000 10.00000000000 10.00000000000 10.00000000000 10.00000000000 10.00000000000 10.00000000000 10.00000000000 10.00000000000 10.00000000000 10.00000000000
 10.00000000000 10.00000000000 10.00000000000 10.00000000000 10.00000000000 10.00000000000 10.00000000000 10.00000000000 10.00000000000 10.00000000000 10.00000000000 10.00000000000 10.00000000000 10.00000000000 10.00000000000 10.00000000000 10.00000000000 10.00000000000 10.00000000000 10.00000000000 10.00000000000 10.00000000000 10.00000000000 10.00000000000 10.00000000000 10.00000000000 10.00000000000 10.00000000000 10.00000000000 10.00000000000 10.00000000000 10.00000000000
 10.00000000000 10.00000000000 10.00000000000 10.00000000000 10.00000000000 10.00000000000 10.00000000000 10.00000000000 10.00000000000 10.00000000000 10.00000000000 10.00000000000 10.00000000000 10.00000000000 10.00000000000 10.00000000000 10.00000000000 10.00000000000 10.00000000000 10.00000000000 10.00000000000 10.00000000000 10.00000000000 10.00000000000 10.00000000000 10.00000000000 10.00000000000 10.00000000000 10.00000000000 10.00000000000 10.00000000000 10.00000000000
 10.00000000000 10.00000000000 10.00000000000 10.00000000000 10.00000000000 10.00000000000 10.00000000000 10.00000000000 10.00000000000 10.00000000000 10.00000000000 10.00000000000 10.00000000000 10.00000000000 10.00000000000 10.00000000000 10.00000000000 10.00000000000 10.00000000000 10.00000000000 10.00000000000 10.00000000000 10.00000000000 10.00000000000 10.00000000000 10.00000000000 10.00000000000 10.00000000000 10.00000000000 10.00000000000 10.00000000000 10.00000000000
 10.00000000000 10.00000000000 10.00000000000 10.00000000000 10.00000000000 10.00000000000 10.00000000000 10.00000000000 10.00000000000 10.00000000000 10.00000000000 10.00000000000 10.00000000000 10.00000000000 10.00000000000 10.00000000000 10.00000000000 10.00000000000 10.00000000000 10.00000000000 10.00000000000 10.00000000000 10.00000000000 10.00000000000 10.00000000000 10.00000000000 10.00000000000 10.00000000000 10.00000000000 10.00000000000 10.00000000000 10.00000000000
 10.00000000000 10.00000000000 10.00000000000 10.00000000000 10.00000000000 10.00000000000 10.00000000000 10.00000000000 10.00000000000 10.00000000000 10.00000000000 10.00000000000 10.00000000000 10.00000000000 10.00000000000 10.00000000000 10.00000000000 10.00000000000 10.00000000000 10.00000000000 10.00000000000 10.00000000000 10.00000000000 10.00000000000 10.00000000000 10.00000000000 10.00000000000 10.00000000000 10.00000000000 10.00000000000 10.00000000000 10.00000000000
 10.00000000000 10.00000000000 10.00000000000 10.00000000000 10.00000000000 10.00000000000 10.00000000000 10.00000000000 10.00000000000 10.00000000000 10.00000000000 10.00000000000 10.00000000000 10.00000000000 10.00000000000 10.00000000000 10.00000000000 10.00000000000 10.00000000000 10.00000000000 10.00000000000 10.00000000000 10.00000000000 10.00000000000 10.00000000000 10.00000000000 10.00000000000 10.00000000000 10.00000000000 10.00000000000 10.00000000000 10.00000000000
 10.00000000000 10.00000000000 10.00000000000 10.00000000000 10.00000000000 10.00000000000 10.00000000000 10.00000000000 10.00000000000 10.00000000000 10.00000000000 10.00000000000 10.00000000000 10.00000000000 10.00000000000 10.00000000000 10.00000000000 10.00000000000 10.00000000000 10.00000000000 10.00000000000 10.00000000000 10.00000000000 10.00000000000 10.00000000000 10.00000000000 10.00000000000 10.00000000000 10.00000000000 10.00000000000 10.00000000000 10.00000000000
 10.00000000000 10.00000000000 10.00000000000 10.00000000000 10.00000000000 10.00000000000 10.00000000000 10.00000000000 10.00000000000 10.00000000000 10.00000000000 10.00000000000 10.00000000000 10.00000000000 10.00000000000 10.00000000000 10.00000000000 10.00000000000 10.00000000000 10.00000000000 10.00000000000 10.00000000000 10.00000000000 10.00000000000 10.00000000000 10.00000000000 10.00000000000 10.00000000000 10.00000000000 10.00000000000 10.00000000000 10.00000000000
 10.00000000000 10.00000000000 10.00000000000 10.00000000000 10.00000000000 10.00000000000 10.00000000000 10.00000000000 10.00000000000 10.00000000000 10.00000000000 10.00000000000 10.00000000000 10.00000000000 10.00000000000 10.00000000000 10.00000000000 10.00000000000 10.00000000000 10.00000000000 10.00000000000 10.00000000000 10.00000000000 10.00000000000 10.00000000000 10.00000000000 10.00000000000 10.00000000000 10.00000000000 10.00000000000 10.00000000000 10.00000000000
 10.00000000000 10.00000000000 10.00000000000 10.00000000000 10.00000000000 10.00000000000 10.00000000000 10.00000000000 10.00000000000 10.00000000000 10.00000000000 10.00000000000 10.00000000000 10.00000000000 10.00000000000 10.00000000000 10.00000000000 10.00000000000 10.00000000000 10.00000000000 10.00000000000 10.00000000000 10.00000000000 10.00000000000 10.00000000000 10.00000000000 10.00000000000 10.00000000000 10.00000000000 10.00000000000 10.00000000000 10.00000000000
 10.00000000000 10.00000000000 10.00000000000 10.00000000000 10.00000000000 10.00000000000 10.00000000000 10.00000000000 10.00000000000 10.00000000000 10.00000000000 10.00000000000 10.00000000000 10.00000000000 10.00000000000 10.00000000000 10.00000000000 10.00000000000 10.00000000000 10.00000000000 10.00000000000 10.00000000000 10.00000000000 10.00000000000 10.00000000000 10.00000000000 10.00000000000 10.00000000000 10.00000000000 10.00000000000 10.00000000000 10.00000000000
 10.00000000000 10.00000000000 10.00000000000 10.00000000000 10.00000000000 10.00000000000 10.00000000000 10.00000000000 10.00000000000 10.00000000000 10.00000000000 10.00000000000 10.00000000000 10.00000000000 10.00000000000 10.00000000000 10.00000000000 10.00000000000 10.00000000000 10.00000000000 10.00000000000 10.00000000000 10.00000000000 10.00000000000 10.00000000000 10.00000000000 10.00000000000 10.00000000000 10.00000000000 10.00000000000 10.00000000000 10.00000000000
 10.00000000000 10.00000000000 10.00000000000 10.00000000000 10.00000000000 10.00000000000 10.00000000000 10.00000000000 10.00000000000 10.00000000000 10.00000000000 10.00000000000 10.00000000000 10.00000000000 10.00000000000 10.00000000000 10.00000000000 10.00000000000 10.00000000000 10.00000000000 10.00000000000 10.00000000000 10.00000000000 10.00000000000 10.00000000000 10.00000000000 10.00000000000 10.00000000000 10.00000000000 10.00000000000 10.00000000000 10.00000000000
 10.00000000000 10.00000000000 10.00000000000 10.00000000000 10.00000000000 10.00000000000 10.00000000000 10.00000000000 10.00000000000 10.00000000000 10.00000000000 10.00000000000 10.00000000000 10.00000000000 10.00000000000 10.00000000000 10.00000000000 10.00000000000 10.00000000000 10.00000000000 10.00000000000 10.00000000000 10.00000000000 10.00000000000 10.00000000000 10.00000000000 10.00000000000 10.00000000000 10.00000000000 10.00000000000 10.00000000000 10.00000000000
 10.00000000000 10.00000000000 10.00000000000 10.00000000000 10.00000000000 10.00000000000 10.00000000000 10.00000000000 10.00000000000 10.00000000000 10.00000000000 10.00000000000 10.00000000000 10.00000000000 10.00000000000 10.00000000000 10.00000000000 10.00000000000 10.00000000000 10.00000000000 10.00000000000 10.00000000000 10.00000000000 10.00000000000 10.00000000000 10.00000000000 10.00000000000 10.00000000000 10.00000000000 10.00000000000 10.00000000000 10.00000000000
 10.00000000000 10.00000000000 10.00000000000 10.00000000000 10.00000000000 10.00000000000 10.00000000000 10.00000000000 10.00000000000 10.00000000000 10.00000000000 10.00000000000 10.00000000000 10.00000000000 10.00000000000 10.00000000000 10.00000000000 10.00000000000 10.00000000000 10.00000000000 10.00000000000 10.00000000000 10.00000000000 10.00000000000 10.00000000000 10.00000000000 10.00000000000 10.00000000000 10.00000000000 10.00000000000 10.00000000000 10.00000000000
 10.00000000000 10.00000000000 10.00000000000 10.00000000000 10.00000000000 10.00000000000 10.00000000000 10.00000000000 10.00000000000 10.00000000000 10.00000000000 10.00000000000 10.00000000000 10.00000000000 10.00000000000 10.00000000000 10.00000000000 10.00000000000 10.00000000000 10.00000000000 10.00000000000 10.00000000000 10.00000000000 10.00000000000 10.00000000000 10.00000000000 10.00000000000 10.00000000000 10.00000000000 10.00000000000 10.00000000000 10.00000000000
 10.00000000000 10.00000000000 10.00000000000 10.00000000000 10.00000000000 10.00000000000 10.00000000000 10.00000000000 10.00000000000 10.00000000000 10.00000000000 10.00000000000 10.00000000000 10.00000000000 10.00000000000 10.00000000000 10.00000000000 10.00000000000 10.00000000000 10.00000000000 10.00000000000 10.00000000000 10.00000000000 10.00000000000 10.00000000000 10.00000000000 10.00000000000 10.00000000000 10.00000000000 10.00000000000 10.00000000000 10.00000000000
 10.00000000000 10.00000000000 10.00000000000 10.00000000000 10.00000000000 10.00000000000 10.00000000000 10.00000000000 10.00000000000 10.00000000000 10.00000000000 10.00000000000 10.00000000000 10.00000000000 10.00000000000 10.00000000000 10.00000000000 10.00000000000 10.00000000000 10.00000000000 10.00000000000 10.00000000000 10.00000000000 10.00000000000 10.00000000000 10.00000000000 10.00000000000 10.00000000000 10.00000000000 10.00000000000 10.00000000000 10.00000000000
 10.00000000000 10.00000000000 10.00000000000 10.00000000000 10.00000000000 10.00000000000 10.00000000000 10.00000000000 10.00000000000 10.00000000000 10.00000000000 10.00000000000 10.00000000000 10.00000000000 10.00000000000 10.00000000000 10.00000000000 10.00000000000 10.00000000000 10.00000000000 10.00000000000 10.00000000000 10.00000000000 10.00000000000 10.00000000000 10.00000000000 10.00000000000 10.00000000000 10.00000000000 10.00000000000 10.00000000000 10.00000000000
 10.00000000000 10.00000000000 10.00000000000 10.00000000000 10.00000000000 10.00000000000 10.00000000000 10.00000000000 10.00000000000 10.00000000000 10.00000000000 10.00000000000 10.00000000000 10.00000000000 10.00000000000 10.00000000000 10.00000000000 10.00000000000 10.00000000000 10.00000000000 10.00000000000 10.00000000000 10.00000000000 10.00000000000 10.00000000000 10.00000000000 10.00000000000 10.00000000000 10.00000000000 10.00000000000 10.00000000000 10.00000000000
 10.00000000000 10.00000000000 10.00000000000 10.00000000000 10.00000000000 10.00000000000 10.00000000000 10.00000000000 10.00000000000 10.00000000000 10.00000000000 10.00000000000 10.00000000000 10.00000000000 10.00000000000 10.00000000000 10.00000000000 10.00000000000 10.00000000000 10.00000000000 10.00000000000 10.00000000000 10.00000000000 10.00000000000 10.00000000000 10.00000000000 10.00000000000 10.00000000000 10.00000000000 10.00000000000 10.00000000000 10.00000000000
 10.00000000000 10.00000000000 10.00000000000 10.00000000000 10.00000000000 10.00000000000 10.00000000000 10.00000000000 10.00000000000 10.00000000000 10.00000000000 10.00000000000 10.00000000000 10.00000000000 10.00000000000 10.00000000000 10.00000000000 10.00000000000 10.00000000000 10.00000000000 10.00000000000 10.00000000000 10.00000000000 10.00000000000 10.00000000000 10.00000000000 10.00000000000 10.00000000000 10.00000000000 10.00000000000 10.00000000000 10.00000000000
 10.00000000000 10.00000000000 10.00000000000 10.00000000000 10.00000000000 10.00000000000 10.00000000000 10.00000000000 10.00000000000 10.00000000000 10.00000000000 10.00000000000 10.00000000000 10.00000000000 10.00000000000 10.00000000000 10.00000000000 10.00000000000 10.00000000000 10.00000000000 10.00000000000 10.00000000000 10.00000000000 10.00000000000 10.00000000000 10.00000000000 10.00000000000 10.00000000000 10.00000000000 10.00000000000 10.00000000000 10.00000000000
 10.00000000000 10.00000000000 10.00000000000 10.00000000000 10.00000000000 10.00000000000 10.00000000000 10.00000000000 10.00000000000 10.00000000000 10.00000000000 10.00000000000 10.00000000000 10.00000000000 10.00000000000 10.00000000000 10.00000000000 10.00000000000 10.00000000000 10.00000000000 10.00000000000 10.00000000000 10.00000000000 10.00000000000 10.00000000000 10.00000000000 10.00000000000 10.00000000000 10.00000000000 10.00000000000 10.00000000000 10.00000000000
 10.00000000000 10.00000000000 10.00000000000 10.00000000000 10.00000000000 10.00000000000 10.00000000000 10.00000000000 10.00000000000 10.00000000000 10.00000000000 10.00000000000 10.00000000000 10.00000000000 10.00000000000 10.00000000000 10.00000000000 10.00000000000 10.00000000000 10.00000000000 10.00000000000 10.00000000000 10.00000000000 10.00000000000 10.00000000000 10.00000000000 10.00000000000 10.00000000000 10.00000000000 10.00000000000 10.00000000000 10.00000000000

 10.00000000000 10.00000000000 10.00000000000 10.00000000000 10.00000000000 10.00000000000 10.00000000000 10.00000000000 10.00000000000 10.00000000000 10.00000000000 10.00000000000 10.00000000000 10.00000000000 10.00000000000 10.00000000000 10.00000000000 10.00000000000 10.00000000000 10.00000000000 10.00000000000 10.00000000000 10.00000000000 10.00000000000 10.00000000000 10.00000000000 10.00000000000 10.00000000000 10.00000000000 10.00000000000 10.00000000000 10.00000000000
 10.00000000000  9.99904608161  9.99810242807  9.99717915406  9.99628607982  9.99543259827  9.99462755789  9.99387916431  9.99319490229  9.99258147783  9.99204477923  9.99158985431  9.99122090065  9.99094126504  9.99075344843  9.99065911299  9.99065908847  9.99075337587  9.99094114741  9.99122074277  9.99158966264  9.99204456162  9.99258124319  9.99319466022  9.99387892473  9.99462733060  9.99543239258  9.99628590414  9.99717901560  9.99810233249  9.99904603282 10.00000000000
 10.00000000000  9.99810242807  9.99622527376  9.99438865609  9.99261210876  9.99091431588  9.98931287903  9.98782412163  9.98646293354  9.98524265601  9.98417500394  9.98327002050  9.98253605753  9.98197977431  9.98160614722  9.98141848373  9.98141843494  9.98160600285  9.98197954027  9.98253574340  9.98326963914  9.98417457096  9.98524218915  9.98646245190  9.98782364493  9.98931242679  9.99091390661  9.99261175922  9.99438838059  9.99622508357  9.99810233099 10.00000000000
 10.00000000000  9.99717915406  9.99438865609  9.99165841063  9.98901745289  9.98649355623  9.98411288606  9.98189970904  9.97987616203  9.97806208082  9.97647488429  9.97512950664  9.97403836778  9.97321137117  9.97265591790  9.97237692713  9.97237685457  9.97265570320  9.97321102311  9.97403790061  9.97512893949  9.97647424039  9.97806138651  9.97987544575  9.98189900011  9.98411221351  9.98649294758  9.98901693307  9.99165800092  9.99438837326  9.99717900969 10.00000000000
 10.00000000000  9.99628607982  9.99261210876  9.98901745289  9.98554033513  9.98221731900  9.97908285327  9.97616888912  9.97350457587  9.97111603507  9.96902620752  9.96725476335  9.96581806247  9.96472915095  9.96399777905  9.96363042760  9.96363033202  9.96399749622  9.96472869245  9.96581744707  9.96725401625  9.96902535930  9.97111512046  9.97350363230  9.97616795523  9.97908196730  9.98221651722  9.98553965036  9.98901691317  9.99261173618  9.99628588963 10.00000000000
 10.00000000000  9.99543259827  9.99091431588  9.98649355623  9.98221731900  9.97813056604  9.97427566177  9.97069190259  9.96741514239  9.96447751426  9.96190724151  9.95972852622  9.95796149959  9.95662221649  9.95572267678  9.95527085699  9.95527073936  9.95572232873  9.95662165226  9.95796074226  9.95972760682  9.96190619767  9.96447638872  9.96741398123  9.97069075334  9.97427457149  9.97812957936  9.98221647632  9.98649289204  9.99091385738  9.99543236423 10.00000000000
 10.00000000000  9.99462755789  9.98931287903  9.98411288606  9.97908285327  9.97427566177  9.96974114192  9.96552551988  9.96167097693  9.95821532132  9.95519176502  9.95262879142  9.95055009551  9.94897457627  9.94791636047  9.94738483906  9.94738470060  9.94791595076  9.94897391209  9.95054920404  9.95262770916  9.95519053629  9.95821399641  9.96166961009  9.96552416706  9.96973985851  9.97427450032  9.97908186132  9.98411210422  9.98931233932  9.99462728239 10.00000000000
 10.00000000000  9.99387916431  9.98782412163  9.98189970904  9.97616888912  9.97069190259  9.96552551988  9.96072241085  9.95633064227  9.95239330320  9.94894824934  9.94602795081  9.94365942238  9.94186421319  9.94065843240  9.94005278951  9.94005263164  9.94065796524  9.94186345587  9.94365840591  9.94602671680  9.94894684831  9.95239179251  9.95632908377  9.96072086834  9.96552405651  9.97069057827  9.97616775807  9.98189881757  9.98782350623  9.99387885019 10.00000000000
 10.00000000000  9.99319490229  9.98646293354  9.97987616203  9.97350457587  9.96741514239  9.96167097693  9.95633064227  9.95144758960  9.94706974099  9.94323920381  9.93999209967  9.93735848511  9.93536233824  9.93402158570  9.93334814607  9.93334797040  9.93402106589  9.93536149557  9.93735735407  9.93999072658  9.94323764487  9.94706806003  9.95144585544  9.95632892590  9.96166934863  9.96741366881  9.97350331734  9.97987517008  9.98646224879  9.99319455276 10.00000000000
 10.00000000000  9.99258147783  9.98524265601  9.97806208082  9.97111603507  9.96447751426  9.95821532132  9.95239330320  9.94706974099  9.94229689374  9.93812068557  9.93458051739  9.93170917838  9.92953282955  9.92807103127  9.92733678924  9.92733659758  9.92807046414  9.92953191016  9.93170794438  9.93457901930  9.93811898472  9.94229505976  9.94706784896  9.95239143058  9.95821354479  9.96447590654  9.97111466198  9.97806099857  9.98524190892  9.99258109648 10.00000000000
 10.00000000000  9.99204477923  9.98417500394  9.97647488429  9.96902620752  9.96190724151  9.95519176502  9.94894824934  9.94323920381  9.93812068557  9.93364196257  9.92984530969  9.92676591189  9.92443184456  9.92286410121  9.92207664137  9.92207643568  9.92286349258  9.92443085790  9.92676458760  9.92984370197  9.93364013725  9.93811871739  9.94323717333  9.94894623970  9.95518985849  9.96190551614  9.96902473396  9.97647372286  9.98417420218  9.99204436997 10.00000000000
 10.00000000000  9.99158985431  9.98327002050  9.97512950664  9.96725476335  9.95972852622  9.95262879142  9.94602795081  9.93999209967  9.93458051739  9.92984530969  9.92583119138  9.92257538202  9.92010758317  9.91845000612  9.91761742094  9.91761720335  9.91844936223  9.92010653936  9.92257398101  9.92582949054  9.92984337865  9.93457843520  9.93998995158  9.94602582476  9.95262677445  9.95972670091  9.96725320443  9.97512827792  9.98326917230  9.99158942134 10.00000000000
 10.00000000000  9.99122090065  9.98253605753  9.97403836778  9.96581806247  9.95796149959  9.95055009551  9.94365942238  9.93735848511  9.93170917838  9.92676591189  9.92257538202  9.91917646109  9.91660017212  9.91486971608  9.91400052194  9.91400029466  9.91486904355  9.91659908187  9.91917499776  9.92257360550  9.92676389494  9.93170700355  9.93735624145  9.94365720174  9.95054798880  9.95795959307  9.96581643419  9.97403708439  9.98253517159  9.99122044842 10.00000000000
 10.00000000000  9.99094126504  9.98197977431  9.97321137117  9.96472915095  9.95662221649  9.94897457627  9.94186421319  9.93536233824  9.92953282955  9.92443184456  9.92010758317  9.91660017212  9.91394163750  9.91215593168  9.91125898395  9.91125874933  9.91215523740  9.91394051200  9.91659866147  9.92010574921  9.92442976238  9.92953058439  9.93536002203  9.94186192074  9.94897240145  9.95662024833  9.96472747002  9.97321004629  9.98197885972  9.99094079819 10.00000000000
 10.00000000000  9.99075344843  9.98160614722  9.97265591790  9.96399777905  9.95572267678  9.94791636047  9.94065843240  9.93402158570  9.92807103127  9.92286410121  9.91845000612  9.91486971608  9.91215593168  9.91033311063  9.90941751873  9.90941727916  9.91033240173  9.91215478247  9.91486817361  9.91844813353  9.92286197518  9.92806873883  9.93401922070  9.94065609167  9.94791413984  9.95572066716  9.96399606272  9.97265456512  9.98160521337  9.99075297175 10.00000000000
 10.00000000000  9.99065911299  9.98141848373  9.97237692713  9.96363042760  9.95527085699  9.94738483906  9.94005278951  9.93334814607  9.92733678924  9.92207664137  9.91761742094  9.91400052194  9.91125898395  9.90941751873  9.90849256122  9.90849231917  9.90941680248  9.91125782283  9.91399896347  9.91761552895  9.92207449330  9.92733447303  9.93334575655  9.94005042452  9.94738259541  9.95526882653  9.96362869348  9.97237556032  9.98141754020  9.99065863137 10.00000000000
 10.00000000000  9.99065908847  9.98141843494  9.97237685457  9.96363033202  9.95527073936  9.94738470060  9.94005263164  9.93334797040  9.92733659758  9.92207643568  9.91761720335  9.91400029466  9.91125874933  9.90941727916  9.90849231917  9.90849207711  9.90941656291  9.91125758820  9.91399873620  9.91761531135  9.92207428761  9.92733428138  9.93334558089  9.94005026664  9.94738245695  9.95526870891  9.96362859789  9.97237548776  9.98141749141  9.99065860685 10.00000000000
 10.00000000000  9.99075337587  9.98160600285  9.97265570320  9.96399749622  9.95572232873  9.94791595076  9.94065796524  9.93402106589  9.92807046414  9.92286349258  9.91844936223  9.91486904355  9.91215523740  9.91033240173  9.90941680248  9.90941656291  9.91033169283  9.91215408819  9.91486750108  9.91844748965  9.92286136655  9.92806817170  9.93401870089  9.94065562451  9.94791373013  9.95572031911  9.96399577989  9.97265435041  9.98160506900  9.99075289919 10.00000000000
 10.00000000000  9.99094114741  9.98197954027  9.97321102311  9.96472869245  9.95662165226  9.94897391209  9.94186345587  9.93536149557  9.92953191016  9.92443085790  9.92010653936  9.91659908187  9.91394051200  9.91215478247  9.91125782283  9.91125758820  9.91215408819  9.91393938649  9.91659757122  9.92010470540  9.92442877572  9.92952966501  9.93535917936  9.94186116343  9.94897173726  9.95661968409  9.96472701152  9.97320969823  9.98197862568  9.99094068056 10.00000000000
 10.00000000000  9.99122074277  9.98253574340  9.97403790061  9.96581744707  9.95796074226  9.95054920404  9.94365840591  9.93735735407  9.93170794438  9.92676458760  9.92257398101  9.91917499776  9.91659866147  9.91486817361  9.91399896347  9.91399873620  9.91486750108  9.91659757122  9.91917353442  9.92257220450  9.92676257064  9.93170576956  9.93735511041  9.94365618527  9.95054709733  9.95795883575  9.96581581879  9.97403661723  9.98253485746  9.99122029054 10.00000000000
 10.00000000000  9.99158966264  9.98326963914  9.97512893949  9.96725401625  9.95972760682  9.95262770916  9.94602671680  9.93999072658  9.93457901930  9.92984370197  9.92582949054  9.92257360550  9.92010574921  9.91844813353  9.91761552895  9.91761531135  9.91844748965  9.92010470540  9.92257220450  9.92582778970  9.92984177093  9.93457693711  9.93998857849  9.94602459075  9.95262569219  9.95972578151  9.96725245733  9.97512771078  9.98326879093  9.99158922968 10.00000000000
 10.00000000000  9.99204456162  9.98417457096  9.97647424039  9.96902535930  9.96190619767  9.95519053629  9.94894684831  9.94323764487  9.93811898472  9.93364013725  9.92984337865  9.92676389494  9.92442976238  9.92286197518  9.92207449330  9.92207428761  9.92286136655  9.92442877572  9.92676257064  9.92984177093  9.93363831194  9.93811701654  9.94323561439  9.94894483867  9.95518862975  9.96190447231  9.96902388573  9.97647307895  9.98417376920  9.99204415236 10.00000000000
 10.00000000000  9.99258124319  9.98524218915  9.97806138651  9.97111512046  9.96447638872  9.95821399641  9.95239179251  9.94706806003  9.94229505976  9.93811871739  9.93457843520  9.93170700355  9.92953058439  9.92806873883  9.92733447303  9.92733428138  9.92806817170  9.92952966501  9.93170576956  9.93457693711  9.93811701654  9.94229322578  9.94706616800  9.95238991989  9.95821221987  9.96447478100  9.97111374736  9.97806030427  9.98524144206  9.99258086184 10.00000000000
 10.00000000000  9.99319466022  9.98646245190  9.97987544575  9.97350363230  9.96741398123  9.96166961009  9.95632908377  9.95144585544  9.94706784896  9.94323717333  9.93998995158  9.93735624145  9.93536002203  9.93401922070  9.93334575655  9.93334558089  9.93401870089  9.93535917936  9.93735511041  9.93998857849  9.94323561439  9.94706616800  9.95144412127  9.95632736740  9.96166798178  9.96741250765  9.97350237378  9.97987445380  9.98646176714  9.99319431069 10.00000000000
 10.00000000000  9.99387892473  9.98782364493  9.98189900011  9.97616795523  9.97069075334  9.96552416706  9.96072086834  9.95632892590  9.95239143058  9.94894623970  9.94602582476  9.94365720174  9.94186192074  9.94065609167  9.94005042452  9.94005026664  9.94065562451  9.94186116343  9.94365618527  9.94602459075  9.94894483867  9.95238991989  9.95632736740  9.96071932583  9.96552270369  9.97068942902  9.97616682419  9.98189810864  9.98782302953  9.99387861061 10.00000000000
 10.00000000000  9.99462733060  9.98931242679  9.98411221351  9.97908196730  9.97427457149  9.96973985851  9.96552405651  9.96166934863  9.95821354479  9.95518985849  9.95262677445  9.95054798880  9.94897240145  9.94791413984  9.94738259541  9.94738245695  9.94791373013  9.94897173726  9.95054709733  9.95262569219  9.95518862975  9.95821221987  9.96166798178  9.96552270369  9.96973857509  9.97427341003  9.97908097535  9.98411143167  9.98931188707  9.99462705510 10.00000000000
 10.00000000000  9.99543239258  9.99091390661  9.98649294758  9.98221651722  9.97812957936  9.97427450032  9.97069057827  9.96741366881  9.96447590654  9.96190551614  9.95972670091  9.95795959307  9.95662024833  9.95572066716  9.95526882653  9.95526870891  9.95572031911  9.95661968409  9.95795883575  9.95972578151  9.96190447231  9.96447478100  9.96741250765  9.97068942902  9.97427341003  9.97812859268  9.98221567454  9.98649228339  9.99091344811  9.99543215854 10.00000000000
 10.00000000000  9.99628590414  9.99261175922  9.98901693307  9.98553965036  9.98221647632  9.97908186132  9.97616775807  9.97350331734  9.97111466198  9.96902473396  9.96725320443  9.96581643419  9.96472747002  9.96399606272  9.96362869348  9.96362859789  9.96399577989  9.96472701152  9.96581581879  9.96725245733  9.96902388573  9.97111374736  9.97350237378  9.97616682419  9.97908097535  9.98221567454  9.98553896559  9.98901639334  9.99261138664  9.99628571396 10.00000000000
 10.00000000000  9.99717901560  9.99438838059  9.99165800092  9.98901691317  9.98649289204  9.98411210422  9.98189881757  9.97987517008  9.97806099857  9.97647372286  9.97512827792  9.97403708439  9.97321004629  9.97265456512  9.97237556032  9.97237548776  9.97265435041  9.97320969823  9.97403661723  9.97512771078  9.97647307895  9.97806030427  9.97987445380  9.98189810864  9.98411143167  9.98649228339  9.98901639334  9.99165759120  9.99438809775  9.99717887123 10.00000000000
 10.00000000000  9.99810233249  9.99622508357  9.99438837326  9.99261173618  9.99091385738  9.98931233932  9.98782350623  9.98646224879  9.98524190892  9.98417420218  9.98326917230  9.98253517159  9.98197885972  9.98160521337  9.98141754020  9.98141749141  9.98160506900  9.98197862568  9.98253485746  9.98326879093  9.98417376920  9.98524144206  9.98646176714  9.98782302953  9.98931188707  9.99091344811  9.99261138664  9.99438809775  9.99622489339  9.99810223541 10.00000000000
 10.00000000000  9.99904603282  9.99810233099  9.99717900969  9.99628588963  9.99543236423  9.99462728239  9.99387885019  9.99319455276  9.99258109648  9.99204436997  9.99158942134  9.99122044842  9.99094079819  9.99075297175  9.99065863137  9.99065860685  9.99075289919  9.99094068056  9.99122029054  9.99158922968  9.99204415236  9.99258086184  9.99319431069  9.99387861061  9.99462705510  9.99543215854  9.99628571396  9.99717887123  9.99810223541  9.99904598403 10.00000000000
 10.00000000000 10.00000000000 10.00000000000 10.00000000000 10.00000000000 10.00000000000 10.00000000000 10.00000000000 10.00000000000 10.00000000000 10.00000000000 10.00000000000 10.00000000000 10.00000000000 10.00000000000 10.00000000000 10.00000000000 10.00000000000 10.00000000000 10.00000000000 10.00000000000 10.00000000000 10.00000000000 10.00000000000 10.00000000000 10.00000000000 10.00000000000 10.00000000000 10.00000000000 10.00000000000 10.00000000000 10.00000000000

 10.00000000000 10.00000000000 10.00000000000 10.00000000000 10.00000000000 10.00000000000 10.00000000000 10.00000000000 10.00000000000 10.00000000000 10.00000000000 10.00000000000 10.00000000000 10.00000000000 10.00000000000 10.00000000000 10.00000000000 10.00000000000 10.00000000000 10.00000000000 10.00000000000 10.00000000000 10.00000000000 10.00000000000 10.00000000000 10.00000000000 10.00000000000 10.00000000000 10.00000000000 10.00000000000 10.00000000000 10.00000000000
 10.00000000000  9.99808342082  9.99618751259  9.99433263941  9.99253856414  9.99082417795  9.98920726275  9.98770429306  9.98633028010  9.98509865801  9.98402120904  9.98310802203  9.98236747735  9.98180625029  9.98142932499  9.98124001196  9.98123996317  9.98142918062  9.98180601625  9.98236716322  9.98310764066  9.98402077606  9.98509819115  9.98632979845  9.98770381636  9.98920681051  9.99082376868  9.99253821460  9.99433236390  9.99618732241  9.99808332374 10.00000000000
 10.00000000000  9.99618751259  9.99241614054  9.98872638920  9.98515756872  9.98174725617  9.97853082336  9.97554104252  9.97280777627  9.97035775102  9.96821440783  9.96639781961  9.96492466079  9.96380821362  9.96305839571  9.96268179459  9.96268169751  9.96305810845  9.96380774793  9.96492403575  9.96639706080  9.96821354631  9.97035682208  9.97280681793  9.97554009401  9.97852992351  9.98174644183  9.98515687322  9.98872584103  9.99241576213  9.99618731943 10.00000000000
 10.00000000000  9.99433263941  9.98872638920  9.98324145393  9.97793626319  9.97286667280  9.96808526314  9.96364075323  9.95957753953  9.95593535876  9.95274906549  9.95004850836  9.94785848399  9.94619874574  9.94508404381  9.94452417598  9.94452403161  9.94508361661  9.94619805320  9.94785755446  9.95004737989  9.95274778429  9.95593397727  9.95957611432  9.96363934265  9.96808392493  9.97286546176  9.97793522888  9.98324063871  9.98872582644  9.99433235214 10.00000000000
 10.00000000000  9.99253856414  9.98515756872  9.97793626319  9.97095156337  9.96427700078  9.95798179954  9.95213010524  9.94678037728  9.94198494428  9.93778971004  9.93423398923  9.93135044530  9.92916510049  9.92769738742  9.92696021480  9.92696002462  9.92769682466  9.92916418820  9.93134922082  9.93423250268  9.93778802230  9.94198312444  9.94677849984  9.95212824706  9.95798003670  9.96427540545  9.97095020086  9.97793518929  9.98515682738  9.99253818573 10.00000000000
 10.00000000000  9.99082417795  9.98174725617  9.97286667280  9.96427700078  9.95606865748  9.94832677062  9.94113023005  9.93455094013  9.92865327170  9.92349369889  9.91912059495  9.91557415379  9.91288640004  9.91108125070  9.91017459434  9.91017436030  9.91108055816  9.91288527735  9.91557264692  9.91911876559  9.92349162193  9.92865103217  9.93454862971  9.94112794334  9.94832460125  9.95606669425  9.96427532405  9.97286535124  9.98174634388  9.99082371227 10.00000000000
 10.00000000000  9.98920726275  9.97853082336  9.96808526314  9.95798179954  9.94832677062  9.93922030241  9.93075519402  9.92301603761  9.91607857225  9.91000925443  9.90486501526  9.90069316527  9.89753140346  9.89540788713  9.89434132312  9.89434104762  9.89540707192  9.89753008190  9.90069139148  9.90486286185  9.91000680956  9.91607593602  9.92301331795  9.93075250226  9.93921774876  9.94832445963  9.95797982582  9.96808370749  9.97852974946  9.98920671459 10.00000000000
 10.00000000000  9.98770429306  9.97554104252  9.96364075323  9.95213010524  9.94113023005  9.93075519402  9.92111072864  9.91229322718  9.90438900662  9.89747381566  9.89161255483  9.88685916440  9.88325663129  9.88083706552  9.87962180152  9.87962148739  9.88083613600  9.88325512443  9.88685714189  9.89161009948  9.89747102799  9.90438600075  9.91229012618  9.92110765946  9.93075228230  9.94112759501  9.95212785476  9.96363897945  9.97553981805  9.98770366803 10.00000000000
 10.00000000000  9.98633028010  9.97280777627  9.95957753953  9.94678037728  9.93455094013  9.92301603761  9.91229322718  9.90248969773  9.89370144694  9.88601273121  9.87949575066  9.87421052053  9.87020487485  9.86751454792  9.86616328398  9.86616293445  9.86751351363  9.87020319815  9.87420827006  9.87949301856  9.88600962933  9.89369810227  9.90248624720  9.91228981206  9.92301279772  9.93454800809  9.94677787315  9.95957556582  9.97280641379  9.98632958462 10.00000000000
 10.00000000000  9.98509865801  9.97035775102  9.95593535876  9.94198494428  9.92865327170  9.91607857225  9.90438900662  9.89370144694  9.88412057773  9.87573829288  9.86863334822  9.86287121707  9.85850408988  9.85557095927  9.85409773649  9.85409735514  9.85556983083  9.85850226055  9.86286876174  9.86863036742  9.87573490863  9.88411692859  9.89369768230  9.90438528061  9.91607503742  9.92865007276  9.94198221219  9.95593320538  9.97035626451  9.98509789922 10.00000000000
 10.00000000000  9.98402120904  9.96821440783  9.95274906549  9.93778971004  9.92349369889  9.91000925443  9.89747381566  9.88601273121  9.87573829288  9.86674908565  9.85912961109  9.85295012797  9.84826664767  9.84512102141  9.84354106196  9.84354065271  9.84511981039  9.84826468448  9.85294749298  9.85912641216  9.86674545376  9.87573437671  9.88600869110  9.89746981701  9.91000546093  9.92349026587  9.93778677803  9.95274675454  9.96821281253  9.98402039472 10.00000000000
 10.00000000000  9.98310802203  9.96639781961  9.95004850836  9.93423398923  9.91912059495  9.90486501526  9.89161255483  9.87949575066  9.86863334822  9.85912961109  9.85107391887  9.84454059459  9.83958889569  9.83626310253  9.83459264412  9.83459221116  9.83626182137  9.83958681878  9.84453780697  9.85107053465  9.85912576883  9.86862920522  9.87949147653  9.89160832455  9.90486100203  9.91911696307  9.93423088738  9.95004606354  9.96639613192  9.98310716054 10.00000000000
 10.00000000000  9.98236747735  9.96492466079  9.94785848399  9.93135044530  9.91557415379  9.90069316527  9.88685916440  9.87421052053  9.86287121707  9.85295012797  9.84454059459  9.83772024176  9.83255096474  9.82907901836  9.82733514551  9.82733469329  9.82907768020  9.83254879543  9.83771733010  9.84453705980  9.85294611476  9.86286688973  9.87420605623  9.88685474591  9.90068897349  9.91557036032  9.93134720545  9.94785593040  9.96492289801  9.98236657754 10.00000000000
 10.00000000000  9.98180625029  9.96380821362  9.94619874574  9.92916510049  9.91288640004  9.89753140346  9.88325663129  9.87020487485  9.85850408988  9.84826664767  9.83958889569  9.83255096474  9.82721675260  9.82363401326  9.82183448736  9.82183402052  9.82363263183  9.82721451314  9.83254795894  9.83958524660  9.84826250469  9.85849962262  9.87020026620  9.88325206993  9.89752707613  9.91288248391  9.92916175588  9.94619610958  9.96380639383  9.98180532138 10.00000000000
 10.00000000000  9.98142932499  9.96305839571  9.94508404381  9.92769738742  9.91108125070  9.89540788713  9.88083706552  9.86751454792  9.85557095927  9.84512102141  9.83626310253  9.82907901836  9.82363401326  9.81997684949  9.81813993879  9.81813946211  9.81997543896  9.82363172663  9.82907594925  9.83625937659  9.84511679117  9.85556639793  9.86750984220  9.88083240809  9.89540346867  9.91107725209  9.92769397237  9.94508135213  9.96305653760  9.98142837652 10.00000000000
 10.00000000000  9.98124001196  9.96268179459  9.94452417598  9.92696021480  9.91017459434  9.89434132312  9.87962180152  9.86616328398  9.85409773649  9.84354106196  9.83459264412  9.82733514551  9.82183448736  9.81813993879  9.81628424894  9.81628376731  9.81813851364  9.82183217703  9.82733204459  9.83458887955  9.84353678787  9.85409312786  9.86615852949  9.87961709581  9.89433685884  9.91017055427  9.92695676435  9.94452145640  9.96267991722  9.98123905366 10.00000000000
 10.00000000000  9.98123996317  9.96268169751  9.94452403161  9.92696002462  9.91017436030  9.89434104762  9.87962148739  9.86616293445  9.85409735514  9.84354065271  9.83459221116  9.82733469329  9.82183402052  9.81813946211  9.81628376731  9.81628328569  9.81813803696  9.82183171018  9.82733159236  9.83458844659  9.84353637861  9.85409274651  9.86615817995  9.87961678168  9.89433658335  9.91017032023  9.92695657417  9.94452131203  9.96267982014  9.98123900487 10.00000000000
 10.00000000000  9.98142918062  9.96305810845  9.94508361661  9.92769682466  9.91108055816  9.89540707192  9.88083613600  9.86751351363  9.85556983083  9.84511981039  9.83626182137  9.82907768020  9.82363263183  9.81997543896  9.81813851364  9.81813803696  9.81997402843  9.82363034520  9.82907461109  9.83625809543  9.84511558015  9.85556526948  9.86750880792  9.88083147857  9.89540265345  9.91107655955  9.92769340961  9.94508092492  9.96305625034  9.98142823215 10.00000000000
 10.00000000000  9.98180601625  9.96380774793  9.94619805320  9.92916418820  9.91288527735  9.89753008190  9.88325512443  9.87020319815  9.85850226055  9.84826468448  9.83958681878  9.83254879543  9.82721451314  9.82363172663  9.82183217703  9.82183171018  9.82363034520  9.82721227368  9.83254578962  9.83958316969  9.84826054150  9.85849779329  9.87019858950  9.88325056307  9.89752575458  9.91288136122  9.92916084359  9.94619541704  9.96380592815  9.98180508734 10.00000000000
