
 10.00000000000 10.00000000000 10.00000000000 10.00000000000 10.00000000000 10.00000000000 10.00000000000 10.00000000000 10.00000000000 10.00000000000 10.00000000000 10.00000000000 10.00000000000 10.00000000000 10.00000000000 10.00000000000 10.00000000000 10.00000000000 10.00000000000 10.00000000000 10.00000000000 10.00000000000 10.00000000000 10.00000000000 10.00000000000 10.00000000000 10.00000000000 10.00000000000 10.00000000000 10.00000000000 10.00000000000 10.00000000000
 10.00000000000 10.00000000000 10.00000000000 10.00000000000 10.00000000000 10.00000000000 10.00000000000 10.00000000000 10.00000000000 10.00000000000 10.00000000000 10.00000000000 10.00000000000 10.00000000000 10.00000000000 10.00000000000 10.00000000000 10.00000000000 10.00000000000 10.00000000000 10.00000000000 10.00000000000 10.00000000000 10.00000000000 10.00000000000 10.00000000000 10.00000000000 10.00000000000 10.00000000000 10.00000000000 10.00000000000 10.00000000000
 10.00000000000 10.00000000000 10.00000000000 10.00000000000 10.00000000000 10.00000000000 10.00000000000 10.00000000000 10.00000000000 10.00000000000 10.00000000000 10.00000000000 10.00000000000 10.00000000000 10.00000000000 10.00000000000 10.00000000000 10.00000000000 10.00000000000 10.00000000000 10.00000000000 10.00000000000 10.00000000000 10.00000000000 10.00000000000 10.00000000000 10.00000000000 10.00000000000 10.00000000000 10.00000000000 10.00000000000 10.00000000000
 10.00000000000 10.00000000000 10.00000000000 10.00000000000 10.00000000000 10.00000000000 10.00000000000 10.00000000000 10.00000000000 10.00000000000 10.00000000000 10.00000000000 10.00000000000 10.00000000000 10.00000000000 10.00000000000 10.00000000000 10.00000000000 10.00000000000 10.00000000000 10.00000000000 10.00000000000 10.00000000000 10.00000000000 10.00000000000 10.00000000000 10.00000000000 10.00000000000 10.00000000000 10.00000000000 10.00000000000 10.00000000000
 10.00000000000 10.00000000000 10.00000000000 10.00000000000 10.00000000000 10.00000000000 10.00000000000 10.00000000000 10.00000000000 10.00000000000 10.00000000000 10.00000000000 10.00000000000 10.00000000000 10.00000000000 10.00000000000 10.00000000000 10.00000000000 10.00000000000 10.00000000000 10.00000000000 10.00000000000 10.00000000000 10.00000000000 10.00000000000 10.00000000000 10.00000000000 10.00000000000 10.00000000000 10.00000000000 10.00000000000 10.00000000000
 10.00000000000 10.00000000000 10.00000000000 10.00000000000 10.00000000000 10.00000000000 10.00000000000 10.00000000000 10.00000000000 10.00000000000 10.00000000000 10.00000000000 10.00000000000 10.00000000000 10.00000000000 10.00000000000 10.00000000000 10.00000000000 10.00000000000 10.00000000000 10.00000000000 10.00000000000 10.00000000000 10.00000000000 10.00000000000 10.00000000000 10.00000000000 10.00000000000 10.00000000000 10.00000000000 10.00000000000 10.00000000000
 10.00000000000 10.00000000000 10.00000000000 10.00000000000 10.00000000000 10.00000000000 10.00000000000 10.00000000000 10.00000000000 10.00000000000 10.00000000000 10.00000000000 10.00000000000 10.00000000000 10.00000000000 10.00000000000 10.00000000000 10.00000000000 10.00000000000 10.00000000000 10.00000000000 10.00000000000 10.00000000000 10.00000000000 10.00000000000 10.00000000000 10.00000000000 10.00000000000 10.00000000000 10.00000000000 10.00000000000 10.00000000000
 10.00000000000 10.00000000000 10.00000000000 10.00000000000 10.00000000000 10.00000000000 10.00000000000 10.00000000000 10.00000000000 10.00000000000 10.00000000000 10.00000000000 10.00000000000 10.00000000000 10.00000000000 10.00000000000 10.00000000000 10.00000000000 10.00000000000 10.00000000000 10.00000000000 10.00000000000 10.00000000000 10.00000000000 10.00000000000 10.00000000000 10.00000000000 10.00000000000 10.00000000000 10.00000000000 10.00000000000 10.00000000000
 10.00000000000 10.00000000000 10.00000000000 10.00000000000 10.00000000000 10.00000000000 10.00000000000 10.00000000000 10.00000000000 10.00000000000 10.00000000000 10.00000000000 10.00000000000 10.00000000000 10.00000000000 10.00000000000 10.00000000000 10.00000000000 10.00000000000 10.00000000000 10.00000000000 10.00000000000 10.00000000000 10.00000000000 10.00000000000 10.00000000000 10.00000000000 10.00000000000 10.00000000000 10.00000000000 10.00000000000 10.00000000000
 10.00000000000 10.00000000000 10.00000000000 10.00000000000 10.00000000000 10.00000000000 10.00000000000 10.00000000000 10.00000000000 10.00000000000 10.00000000000 10.00000000000 10.00000000000 10.00000000000 10.00000000000 10.00000000000 10.00000000000 10.00000000000 10.00000000000 10.00000000000 10.00000000000 10.00000000000 10.00000000000 10.00000000000 10.00000000000 10.00000000000 10.00000000000 10.00000000000 10.00000000000 10.00000000000 10.00000000000 10.00000000000
 10.00000000000 10.00000000000 10.00000000000 10.00000000000 10.00000000000 10.00000000000 10.00000000000 10.00000000000 10.00000000000 10.00000000000 10.00000000000 10.00000000000 10.00000000000 10.00000000000 10.00000000000 10.00000000000 10.00000000000 10.00000000000 10.00000000000 10.00000000000 10.00000000000 10.00000000000 10.00000000000 10.00000000000 10.00000000000 10.00000000000 10.00000000000 10.00000000000 10.00000000000 10.00000000000 10.00000000000 10.00000000000
 10.00000000000 10.00000000000 10.00000000000 10.00000000000 10.00000000000 10.00000000000 10.00000000000 10.00000000000 10.00000000000 10.00000000000 10.00000000000 10.00000000000 10.00000000000 10.00000000000 10.00000000000 10.00000000000 10.00000000000 10.00000000000 10.00000000000 10.00000000000 10.00000000000 10.00000000000 10.00000000000 10.00000000000 10.00000000000 10.00000000000 10.00000000000 10.00000000000 10.00000000000 10.00000000000 10.00000000000 10.00000000000
 10.00000000000 10.00000000000 10.00000000000 10.00000000000 10.00000000000 10.00000000000 10.00000000000 10.00000000000 10.00000000000 10.00000000000 10.00000000000 10.00000000000 10.00000000000 10.00000000000 10.00000000000 10.00000000000 10.00000000000 10.00000000000 10.00000000000 10.00000000000 10.00000000000 10.00000000000 10.00000000000 10.00000000000 10.00000000000 10.00000000000 10.00000000000 10.00000000000 10.00000000000 10.00000000000 10.00000000000 10.00000000000
 10.00000000000 10.00000000000 10.00000000000 10.00000000000 10.00000000000 10.00000000000 10.00000000000 10.00000000000 10.00000000000 10.00000000000 10.00000000000 10.00000000000 10.00000000000 10.00000000000 10.00000000000 10.00000000000 10.00000000000 10.00000000000 10.00000000000 10.00000000000 10.00000000000 10.00000000000 10.00000000000 10.00000000000 10.00000000000 10.00000000000 10.00000000000 10.00000000000 10.00000000000 10.00000000000 10.00000000000 10.00000000000
 10.00000000000 10.00000000000 10.00000000000 10.00000000000 10.00000000000 10.00000000000 10.00000000000 10.00000000000 10.00000000000 10.00000000000 10.00000000000 10.00000000000 10.00000000000 10.00000000000 10.00000000000 10.00000000000 10.00000000000 10.00000000000 10.00000000000 10.00000000000 10.00000000000 10.00000000000 10.00000000000 10.00000000000 10.00000000000 10.00000000000 10.00000000000 10.00000000000 10.00000000000 10.00000000000 10.00000000000 10.00000000000
 10.00000000000 10.00000000000 10.00000000000 10.00000000000 10.00000000000 10.00000000000 10.00000000000 10.00000000000 10.00000000000 10.00000000000 10.00000000000 10.00000000000 10.00000000000 10.00000000000 10.00000000000 10.00000000000 10.00000000000 10.00000000000 10.00000000000 10.00000000000 10.00000000000 10.00000000000 10.00000000000 10.00000000000 10.00000000000 10.00000000000 10.00000000000 10.00000000000 10.00000000000 10.00000000000 10.00000000000 10.00000000000
 10.00000000000 10.00000000000 10.00000000000 10.00000000000 10.00000000000 10.00000000000 10.00000000000 10.00000000000 10.00000000000 10.00000000000 10.00000000000 10.00000000000 10.00000000000 10.00000000000 10.00000000000 10.00000000000 10.00000000000 10.00000000000 10.00000000000 10.00000000000 10.00000000000 10.00000000000 10.00000000000 10.00000000000 10.00000000000 10.00000000000 10.00000000000 10.00000000000 10.00000000000 10.00000000000 10.00000000000 10.00000000000
 10.00000000000 10.00000000000 10.00000000000 10.00000000000 10.00000000000 10.00000000000 10.00000000000 10.00000000000 10.00000000000 10.00000000000 10.00000000000 10.00000000000 10.00000000000 10.00000000000 10.00000000000 10.00000000000 10.00000000000 10.00000000000 10.00000000000 10.00000000000 10.00000000000 10.00000000000 10.00000000000 10.00000000000 10.00000000000 10.00000000000 10.00000000000 10.00000000000 10.00000000000 10.00000000000 10.00000000000 10.00000000000
 10.00000000000 10.00000000000 10.00000000000 10.00000000000 10.00000000000 10.00000000000 10.00000000000 10.00000000000 10.00000000000 10.00000000000 10.00000000000 10.00000000000 10.00000000000 10.00000000000 10.00000000000 10.00000000000 10.00000000000 10.00000000000 10.00000000000 10.00000000000 10.00000000000 10.00000000000 10.00000000000 10.00000000000 10.00000000000 10.00000000000 10.00000000000 10.00000000000 10.00000000000 10.00000000000 10.00000000000 10.00000000000
 10.00000000000 10.00000000000 10.00000000000 10.00000000000 10.00000000000 10.00000000000 10.00000000000 10.00000000000 10.00000000000 10.00000000000 10.00000000000 10.00000000000 10.00000000000 10.00000000000 10.00000000000 10.00000000000 10.00000000000 10.00000000000 10.00000000000 10.00000000000 10.00000000000 10.00000000000 10.00000000000 10.00000000000 10.00000000000 10.00000000000 10.00000000000 10.00000000000 10.00000000000 10.00000000000 10.00000000000 10.00000000000
 10.00000000000 10.00000000000 10.00000000000 10.00000000000 10.00000000000 10.00000000000 10.00000000000 10.00000000000 10.00000000000 10.00000000000 10.00000000000 10.00000000000 10.00000000000 10.00000000000 10.00000000000 10.00000000000 10.00000000000 10.00000000000 10.00000000000 10.00000000000 10.00000000000 10.00000000000 10.00000000000 10.00000000000 10.00000000000 10.00000000000 10.00000000000 10.00000000000 10.00000000000 10.00000000000 10.00000000000 10.00000000000
 10.00000000000 10.00000000000 10.00000000000 10.00000000000 10.00000000000 10.00000000000 10.00000000000 10.00000000000 10.00000000000 10.00000000000 10.00000000000 10.00000000000 10.00000000000 10.00000000000 10.00000000000 10.00000000000 10.00000000000 10.00000000000 10.00000000000 10.00000000000 10.00000000000 10.00000000000 10.00000000000 10.00000000000 10.00000000000 10.00000000000 10.00000000000 10.00000000000 10.00000000000 10.00000000000 10.00000000000 10.00000000000
 10.00000000000 10.00000000000 10.00000000000 10.00000000000 10.00000000000 10.00000000000 10.00000000000 10.00000000000 10.00000000000 10.00000000000 10.00000000000 10.00000000000 10.00000000000 10.00000000000 10.00000000000 10.00000000000 10.00000000000 10.00000000000 10.00000000000 10.00000000000 10.00000000000 10.00000000000 10.00000000000 10.00000000000 10.00000000000 10.00000000000 10.00000000000 10.00000000000 10.00000000000 10.00000000000 10.00000000000 10.00000000000
 10.00000000000 10.00000000000 10.00000000000 10.00000000000 10.00000000000 10.00000000000 10.00000000000 10.00000000000 10.00000000000 10.00000000000 10.00000000000 10.00000000000 10.00000000000 10.00000000000 10.00000000000 10.00000000000 10.00000000000 10.00000000000 10.00000000000 10.00000000000 10.00000000000 10.00000000000 10.00000000000 10.00000000000 10.00000000000 10.00000000000 10.00000000000 10.00000000000 10.00000000000 10.00000000000 10.00000000000 10.00000000000
 10.00000000000 10.00000000000 10.00000000000 10.00000000000 10.00000000000 10.00000000000 10.00000000000 10.00000000000 10.00000000000 10.00000000000 10.00000000000 10.00000000000 10.00000000000 10.00000000000 10.00000000000 10.00000000000 10.00000000000 10.00000000000 10.00000000000 10.00000000000 10.00000000000 10.00000000000 10.00000000000 10.00000000000 10.00000000000 10.00000000000 10.00000000000 10.00000000000 10.00000000000 10.00000000000 10.00000000000 10.00000000000
 10.00000000000 10.00000000000 10.00000000000 10.00000000000 10.00000000000 10.00000000000 10.00000000000 10.00000000000 10.00000000000 10.00000000000 10.00000000000 10.00000000000 10.00000000000 10.00000000000 10.00000000000 10.00000000000 10.00000000000 10.00000000000 10.00000000000 10.00000000000 10.00000000000 10.00000000000 10.00000000000 10.00000000000 10.00000000000 10.00000000000 10.00000000000 10.00000000000 10.00000000000 10.00000000000 10.00000000000 10.00000000000
 10.00000000000 10.00000000000 10.00000000000 10.00000000000 10.00000000000 10.00000000000 10.00000000000 10.00000000000 10.00000000000 10.00000000000 10.00000000000 10.00000000000 10.00000000000 10.00000000000 10.00000000000 10.00000000000 10.00000000000 10.00000000000 10.00000000000 10.00000000000 10.00000000000 10.00000000000 10.00000000000 10.00000000000 10.00000000000 10.00000000000 10.00000000000 10.00000000000 10.00000000000 10.00000000000 10.00000000000 10.00000000000
 10.00000000000 10.00000000000 10.00000000000 10.00000000000 10.00000000000 10.00000000000 10.00000000000 10.00000000000 10.00000000000 10.00000000000 10.00000000000 10.00000000000 10.00000000000 10.00000000000 10.00000000000 10.00000000000 10.00000000000 10.00000000000 10.00000000000 10.00000000000 10.00000000000 10.00000000000 10.00000000000 10.00000000000 10.00000000000 10.00000000000 10.00000000000 10.00000000000 10.00000000000 10.00000000000 10.00000000000 10.00000000000
 10.00000000000 10.00000000000 10.00000000000 10.00000000000 10.00000000000 10.00000000000 10.00000000000 10.00000000000 10.00000000000 10.00000000000 10.00000000000 10.00000000000 10.00000000000 10.00000000000 10.00000000000 10.00000000000 10.00000000000 10.00000000000 10.00000000000 10.00000000000 10.00000000000 10.00000000000 10.00000000000 10.00000000000 10.00000000000 10.00000000000 10.00000000000 10.00000000000 10.00000000000 10.00000000000 10.00000000000 10.00000000000
 10.00000000000 10.00000000000 10.00000000000 10.00000000000 10.00000000000 10.00000000000 10.00000000000 10.00000000000 10.00000000000 10.00000000000 10.00000000000 10.00000000000 10.00000000000 10.00000000000 10.00000000000 10.00000000000 10.00000000000 10.00000000000 10.00000000000 10.00000000000 10.00000000000 10.00000000000 10.00000000000 10.00000000000 10.00000000000 10.00000000000 10.00000000000 10.00000000000 10.00000000000 10.00000000000 10.00000000000 10.00000000000
 10.00000000000 10.00000000000 10.00000000000 10.00000000000 10.00000000000 10.00000000000 10.00000000000 10.00000000000 10.00000000000 10.00000000000 10.00000000000 10.00000000000 10.00000000000 10.00000000000 10.00000000000 10.00000000000 10.00000000000 10.00000000000 10.00000000000 10.00000000000 10.00000000000 10.00000000000 10.00000000000 10.00000000000 10.00000000000 10.00000000000 10.00000000000 10.00000000000 10.00000000000 10.00000000000 10.00000000000 10.00000000000
 10.00000000000 10.00000000000 10.00000000000 10.00000000000 10.00000000000 10.00000000000 10.00000000000 10.00000000000 10.00000000000 10.00000000000 10.00000000000 10.00000000000 10.00000000000 10.00000000000 10.00000000000 10.00000000000 10.00000000000 10.00000000000 10.00000000000 10.00000000000 10.00000000000 10.00000000000 10.00000000000 10.00000000000 10.00000000000 10.00000000000 10.00000000000 10.00000000000 10.00000000000 10.00000000000 10.00000000000 10.00000000000

 10.00000000000 10.00000000000 10.00000000000 10.00000000000 10.00000000000 10.00000000000 10.00000000000 10.00000000000 10.00000000000 10.00000000000 10.00000000000 10.00000000000 10.00000000000 10.00000000000 10.00000000000 10.00000000000 10.00000000000 10.00000000000 10.00000000000 10.00000000000 10.00000000000 10.00000000000 10.00000000000 10.00000000000 10.00000000000 10.00000000000 10.00000000000 10.00000000000 10.00000000000 10.00000000000 10.00000000000 10.00000000000
 10.00000000000  9.99886521299  9.99774254966  9.99664396409  9.99558107745  9.99456502633  9.99360632760  9.99271476289  9.99189928436  9.99116794198  9.99052783097  9.98998505697  9.98954471569  9.98921088354  9.98898661531  9.98887394588  9.98887389284  9.98898645839  9.98921062915  9.98954437425  9.98998464245  9.99052736035  9.99116743452  9.99189876084  9.99271424474  9.99360583604  9.99456458148  9.99558069752  9.99664366464  9.99774234294  9.99886510747 10.00000000000
 10.00000000000  9.99774254966  9.99550921545  9.99332377639  9.99120934944  9.98918808817  9.98728091380  9.98550728552  9.98388501295  9.98243011144  9.98115669734  9.98007691857  9.97920091404  9.97853679470  9.97809063900  9.97786649595  9.97786639043  9.97809032676  9.97853628853  9.97920023466  9.98007609380  9.98115576093  9.98242910173  9.98388397128  9.98550625454  9.98727993573  9.98918720303  9.99120859348  9.99332318055  9.99550880414  9.99774233970 10.00000000000
 10.00000000000  9.99664396409  9.99332377639  9.99007478431  9.98693135192  9.98392641213  9.98109106715  9.97845424694  9.97604243047  9.97387943031  9.97198623664  9.97038091368  9.96907853897  9.96809117485  9.96742786130  9.96709462027  9.96709446335  9.96742739696  9.96809042210  9.96907752863  9.97037968711  9.97198484406  9.97387792873  9.97604088136  9.97845271372  9.98108961260  9.98392509580  9.98693022769  9.99007389821  9.99332316470  9.99664365186 10.00000000000
 10.00000000000  9.99558107745  9.99120934944  9.98693135192  9.98279232749  9.97883563628  9.97510223029  9.97163020364  9.96845442549  9.96560625596  9.96311334031  9.96099947183  9.95928451130  9.95798434867  9.95711089311  9.95667207813  9.95667187142  9.95711028143  9.95798335707  9.95928318037  9.96099785606  9.96311150585  9.96560427792  9.96845238484  9.97162818393  9.97510031420  9.97883390227  9.98279084654  9.98693018466  9.99120854367  9.99558066614 10.00000000000
 10.00000000000  9.99456502633  9.98918808817  9.98392641213  9.97883563628  9.97396908633  9.96937712955  9.96510662180  9.96120045578  9.95769721113  9.95463090042  9.95203079971  9.94992134832  9.94832210081  9.94724771374  9.94670795133  9.94670769695  9.94724696101  9.94832088054  9.94991971048  9.95202881134  9.95462864293  9.95769477694  9.96119794455  9.96510413633  9.96937477160  9.97396695244  9.97883381381  9.98392497569  9.98918709657  9.99456452017 10.00000000000
 10.00000000000  9.99360632760  9.98728091380  9.98109106715  9.97510223029  9.96937712955  9.96397501553  9.95895101278  9.95435558801  9.95023413779  9.94662668873  9.94356769683  9.94108592827  9.93920440152  9.93794037060  9.93730533079  9.93730503135  9.93793948454  9.93920296510  9.94108400031  9.94356535627  9.94662403137  9.95023127243  9.95435263197  9.95894808707  9.96397223993  9.96937461769  9.97510008501  9.98108937628  9.98727974657  9.99360573179 10.00000000000
 10.00000000000  9.99271476289  9.98550728552  9.97845424694  9.97163020364  9.96510662180  9.95895101278  9.95322619230  9.94798967415  9.94329319955  9.93918239424  9.93569653826  9.93286842850  9.93072431114  9.92928386104  9.92856018702  9.92855984559  9.92928285074  9.93072267334  9.93286623023  9.93569386952  9.93917936430  9.94328993246  9.94798630364  9.95322285638  9.95894784802  9.96510375776  9.97162775757  9.97845231899  9.98550595462  9.99271408354 10.00000000000
 10.00000000000  9.99189928436  9.98388501295  9.97604243047  9.96845442549  9.96120045578  9.95435558801  9.94798967415  9.94216667700  9.93694414583  9.93237283359  9.92849643929  9.92535145315  9.92296707962  9.92136521286  9.92056044116  9.92056006125  9.92136408870  9.92296525723  9.92534900713  9.92849346979  9.93236946217  9.93694051052  9.94216292664  9.94798596226  9.95435206657  9.96119726896  9.96845170375  9.97604028525  9.98388353206  9.99189852844 10.00000000000
 10.00000000000  9.99116794198  9.98243011144  9.97387943031  9.96560625596  9.95769721113  9.95023413779  9.94329319955  9.93694414583  9.93124973903  9.92626533574  9.92203860389  9.91860935190  9.91600944279  9.91426276554  9.91338523853  9.91338482404  9.91426153906  9.91600745452  9.91860668324  9.92203536409  9.92626165744  9.93124577282  9.93694005409  9.94328914980  9.95023029581  9.95769373423  9.96560328648  9.97387708982  9.98242849576  9.99116711726 10.00000000000
 10.00000000000  9.99052783097  9.98115669734  9.97198623664  9.96311334031  9.95463090042  9.94662668873  9.93918239424  9.93237283359  9.92626533574  9.92091929114  9.91638584651  9.91270771958  9.90991910487  9.90804564119  9.90710441382  9.90710396901  9.90804432497  9.90991697112  9.91270485566  9.91638236967  9.92091534372  9.92626107934  9.93236844247  9.93917804817  9.94662256565  9.95462716913  9.96311015356  9.97198372490  9.98115496345  9.99052694591 10.00000000000
 10.00000000000  9.98998505697  9.98007691857  9.97038091368  9.96099947183  9.95203079971  9.94356769683  9.93569653826  9.92849643929  9.92203860389  9.91638584651  9.91159226759  9.90770305565  9.90475438582  9.90277338364  9.90177812601  9.90177765544  9.90277199119  9.90475212849  9.90770002586  9.91158858938  9.91638167047  9.92203410097  9.92849179385  9.93569194048  9.94356333496  9.95202685231  9.96099610051  9.97037825647  9.98007508426  9.98998412064 10.00000000000
 10.00000000000  9.98954471569  9.97920091404  9.96907853897  9.95928451130  9.94992134832  9.94108592827  9.93286842850  9.92535145315  9.91860935190  9.91270771958  9.90770305565  9.90364255596  9.90056400500  9.89849573663  9.89745663373  9.89745614222  9.89849428223  9.90056164725  9.90363939139  9.90769921382  9.91270335776  9.91860464867  9.92534660106  9.93286362620  9.94108137236  9.94991722532  9.95928099001  9.96907576355  9.97919899812  9.98954373772 10.00000000000
 10.00000000000  9.98921088354  9.97853679470  9.96809117485  9.95798434867  9.94832210081  9.93920440152  9.93072431114  9.92296707962  9.91600944279  9.90991910487  9.90475438582  9.90056400500  9.89738696861  9.89525252789  9.89418017770  9.89417967031  9.89525102647  9.89738453464  9.90056073812  9.90475041977  9.90991460203  9.91600458750  9.92296207066  9.93071935358  9.93919969831  9.94831784452  9.95798071354  9.96808830970  9.97853481684  9.98920987394 10.00000000000
 10.00000000000  9.98898661531  9.97809063900  9.96742786130  9.95711089311  9.94724771374  9.93794037060  9.92928386104  9.92136521286  9.91426276554  9.90804564119  9.90277338364  9.89849573663  9.89525252789  9.89307362562  9.89197893629  9.89197841821  9.89307209259  9.89525004266  9.89849240095  9.90276933408  9.90804104353  9.91425780801  9.92136009842  9.92927879908  9.93793556835  9.94724336781  9.95710718142  9.96742493582  9.97808861949  9.98898558445 10.00000000000
 10.00000000000  9.98887394588  9.97786649595  9.96709462027  9.95667207813  9.94670795133  9.93730533079  9.92856018702  9.92056044116  9.91338523853  9.90710441382  9.90177812601  9.89745663373  9.89418017770  9.89197893629  9.89087302291  9.89087249946  9.89197738736  9.89417766671  9.89745326348  9.90177403447  9.90709976851  9.91338022961  9.92055527370  9.92855507258  9.93730047876  9.94670356036  9.95666832797  9.96709166447  9.97786445550  9.98887290433 10.00000000000
 10.00000000000  9.98887389284  9.97786639043  9.96709446335  9.95667187142  9.94670769695  9.93730503135  9.92855984559  9.92056006125  9.91338482404  9.90710396901  9.90177765544  9.89745614222  9.89417967031  9.89197841821  9.89087249946  9.89087197601  9.89197686928  9.89417715932  9.89745277197  9.90177356390  9.90709932369  9.91337981512  9.92055489380  9.92855473116  9.93730017932  9.94670330597  9.95666812126  9.96709150755  9.97786434998  9.98887285130 10.00000000000
 10.00000000000  9.98898645839  9.97809032676  9.96742739696  9.95711028143  9.94724696101  9.93793948454  9.92928285074  9.92136408870  9.91426153906  9.90804432497  9.90277199119  9.89849428223  9.89525102647  9.89307209259  9.89197738736  9.89197686928  9.89307055955  9.89524854124  9.89849094656  9.90276794162  9.90803972730  9.91425658152  9.92135897426  9.92927778878  9.93793468229  9.94724261508  9.95710656974  9.96742447148  9.97808830725  9.98898542753 10.00000000000
 10.00000000000  9.98921062915  9.97853628853  9.96809042210  9.95798335707  9.94832088054  9.93920296510  9.93072267334  9.92296525723  9.91600745452  9.90991697112  9.90475212849  9.90056164725  9.89738453464  9.89525004266  9.89417766671  9.89417715932  9.89524854124  9.89738210066  9.90055838037  9.90474816244  9.90991246828  9.91600259923  9.92296024827  9.93071771577  9.93919826190  9.94831662424  9.95797972194  9.96808755696  9.97853431068  9.98920961955 10.00000000000
 10.00000000000  9.98954437425  9.97920023466  9.96907752863  9.95928318037  9.94991971048  9.94108400031  9.93286623023  9.92534900713  9.91860668324  9.91270485566  9.90770002586  9.90363939139  9.90056073812  9.89849240095  9.89745326348  9.89745277197  9.89849094656  9.90055838037  9.90363622682  9.90769618403  9.91270049384  9.91860198001  9.92534415504  9.93286142793  9.94107944440  9.94991558748  9.95927965908  9.96907475321  9.97919831874  9.98954339627 10.00000000000
 10.00000000000  9.98998464245  9.98007609380  9.97037968711  9.96099785606  9.95202881134  9.94356535627  9.93569386952  9.92849346979  9.92203536409  9.91638236967  9.91158858938  9.90769921382  9.90475041977  9.90276933408  9.90177403447  9.90177356390  9.90276794162  9.90474816244  9.90769618403  9.91158491117  9.91637819362  9.92203086117  9.92848882435  9.93568927175  9.94356099439  9.95202486394  9.96099448475  9.97037702990  9.98007425948  9.98998370612 10.00000000000
 10.00000000000  9.99052736035  9.98115576093  9.97198484406  9.96311150585  9.95462864293  9.94662403137  9.93917936430  9.93236946217  9.92626165744  9.92091534372  9.91638167047  9.91270335776  9.90991460203  9.90804104353  9.90709976851  9.90709932369  9.90803972730  9.90991246828  9.91270049384  9.91637819362  9.92091139629  9.92625740104  9.93236507105  9.93917501824  9.94661990829  9.95462491163  9.96310831910  9.97198233232  9.98115402704  9.99052647528 10.00000000000
 10.00000000000  9.99116743452  9.98242910173  9.97387792873  9.96560427792  9.95769477694  9.95023127243  9.94328993246  9.93694051052  9.93124577282  9.92626107934  9.92203410097  9.91860464867  9.91600458750  9.91425780801  9.91338022961  9.91337981512  9.91425658152  9.91600259923  9.91860198001  9.92203086117  9.92625740104  9.93124180661  9.93693641878  9.94328588270  9.95022743046  9.95769130004  9.96560130844  9.97387558824  9.98242748605  9.99116660980 10.00000000000
 10.00000000000  9.99189876084  9.98388397128  9.97604088136  9.96845238484  9.96119794455  9.95435263197  9.94798630364  9.94216292664  9.93694005409  9.93236844247  9.92849179385  9.92534660106  9.92296207066  9.92136009842  9.92055527370  9.92055489380  9.92135897426  9.92296024827  9.92534415504  9.92848882435  9.93236507105  9.93693641878  9.94215917627  9.94798259176  9.95434911053  9.96119475772  9.96844966310  9.97603873614  9.98388249040  9.99189800492 10.00000000000
 10.00000000000  9.99271424474  9.98550625454  9.97845271372  9.97162818393  9.96510413633  9.95894808707  9.95322285638  9.94798596226  9.94328914980  9.93917804817  9.93569194048  9.93286362620  9.93071935358  9.92927879908  9.92855507258  9.92855473116  9.92927778878  9.93071771577  9.93286142793  9.93568927175  9.93917501824  9.94328588270  9.94798259176  9.95321952046  9.95894492230  9.96510127229  9.97162573786  9.97845078578  9.98550492365  9.99271356539 10.00000000000
 10.00000000000  9.99360583604  9.98727993573  9.98108961260  9.97510031420  9.96937477160  9.96397223993  9.95894784802  9.95435206657  9.95023029581  9.94662256565  9.94356333496  9.94108137236  9.93919969831  9.93793556835  9.93730047876  9.93730017932  9.93793468229  9.93919826190  9.94107944440  9.94356099439  9.94661990829  9.95022743046  9.95434911053  9.95894492230  9.96396946433  9.96937225974  9.97509816892  9.98108792173  9.98727876849  9.99360524023 10.00000000000
 10.00000000000  9.99456458148  9.98918720303  9.98392509580  9.97883390227  9.97396695244  9.96937461769  9.96510375776  9.96119726896  9.95769373423  9.95462716913  9.95202685231  9.94991722532  9.94831784452  9.94724336781  9.94670356036  9.94670330597  9.94724261508  9.94831662424  9.94991558748  9.95202486394  9.95462491163  9.95769130004  9.96119475772  9.96510127229  9.96937225974  9.97396481855  9.97883207980  9.98392365936  9.98918621143  9.99456407532 10.00000000000
 10.00000000000  9.99558069752  9.99120859348  9.98693022769  9.98279084654  9.97883381381  9.97510008501  9.97162775757  9.96845170375  9.96560328648  9.96311015356  9.96099610051  9.95928099001  9.95798071354  9.95710718142  9.95666832797  9.95666812126  9.95710656974  9.95797972194  9.95927965908  9.96099448475  9.96310831910  9.96560130844  9.96844966310  9.97162573786  9.97509816892  9.97883207980  9.98278936559  9.98692906044  9.99120778770  9.99558028621 10.00000000000
 10.00000000000  9.99664366464  9.99332318055  9.99007389821  9.98693018466  9.98392497569  9.98108937628  9.97845231899  9.97604028525  9.97387708982  9.97198372490  9.97037825647  9.96907576355  9.96808830970  9.96742493582  9.96709166447  9.96709150755  9.96742447148  9.96808755696  9.96907475321  9.97037702990  9.97198233232  9.97387558824  9.97603873614  9.97845078578  9.98108792173  9.98392365936  9.98692906044  9.99007301211  9.99332256886  9.99664335240 10.00000000000
 10.00000000000  9.99774234294  9.99550880414  9.99332316470  9.99120854367  9.98918709657  9.98727974657  9.98550595462  9.98388353206  9.98242849576  9.98115496345  9.98007508426  9.97919899812  9.97853481684  9.97808861949  9.97786445550  9.97786434998  9.97808830725  9.97853431068  9.97919831874  9.98007425948  9.98115402704  9.98242748605  9.98388249040  9.98550492365  9.98727876849  9.98918621143  9.99120778770  9.99332256886  9.99550839282  9.99774213298 10.00000000000
 10.00000000000  9.99886510747  9.99774233970  9.99664365186  9.99558066614  9.99456452017  9.99360573179  9.99271408354  9.99189852844  9.99116711726  9.99052694591  9.98998412064  9.98954373772  9.98920987394  9.98898558445  9.98887290433  9.98887285130  9.98898542753  9.98920961955  9.98954339627  9.98998370612  9.99052647528  9.99116660980  9.99189800492  9.99271356539  9.99360524023  9.99456407532  9.99558028621  9.99664335240  9.99774213298  9.99886500195 10.00000000000
 10.00000000000 10.00000000000 10.00000000000 10.00000000000 10.00000000000 10.00000000000 10.00000000000 10.00000000000 10.00000000000 10.00000000000 10.00000000000 10.00000000000 10.00000000000 10.00000000000 10.00000000000 10.00000000000 10.00000000000 10.00000000000 10.00000000000 10.00000000000 10.00000000000 10.00000000000 10.00000000000 10.00000000000 10.00000000000 10.00000000000 10.00000000000 10.00000000000 10.00000000000 10.00000000000 10.00000000000 10.00000000000

 10.00000000000 10.00000000000 10.00000000000 10.00000000000 10.00000000000 10.00000000000 10.00000000000 10.00000000000 10.00000000000 10.00000000000 10.00000000000 10.00000000000 10.00000000000 10.00000000000 10.00000000000 10.00000000000 10.00000000000 10.00000000000 10.00000000000 10.00000000000 10.00000000000 10.00000000000 10.00000000000 10.00000000000 10.00000000000 10.00000000000 10.00000000000 10.00000000000 10.00000000000 10.00000000000 10.00000000000 10.00000000000
 10.00000000000  9.99772365421  9.99547167675  9.99326809055  9.99113624065  9.98909848657  9.98717592885  9.98538817679  9.98375316048  9.98228698733  9.98100384027  9.97991591225  9.97903337015  9.97836434048  9.97791490910  9.97768912783  9.97768902231  9.97791459686  9.97836383432  9.97903269077  9.97991508748  9.98100290386  9.98228597762  9.98375211882  9.98538714582  9.98717495077  9.98909760143  9.99113548469  9.99326749471  9.99547126544  9.99772344426 10.00000000000
 10.00000000000  9.99547167675  9.99099182563  9.98660823202  9.98236733364  9.97831360861  9.97448903189  9.97093261309  9.96768002250  9.96476330564  9.96221068028  9.96004640589  9.95829071154  9.95695976706  9.95606568214  9.95561651933  9.95561630937  9.95606506088  9.95695875992  9.95828935976  9.96004476481  9.96220881707  9.96476129660  9.96767794988  9.97093056172  9.97448708578  9.97831184742  9.98236582948  9.98660704647  9.99099100722  9.99547125900 10.00000000000
 10.00000000000  9.99326809055  9.98660823202  9.98009145543  9.97378679006  9.96776035456  9.96207454914  9.95678736863  9.95195184640  9.94761562937  9.94382067581  9.94060306029  9.93799286575  9.93601413975  9.93468489242  9.93401711512  9.93401680289  9.93468396851  9.93601264198  9.93799085544  9.94060061975  9.94381790494  9.94761264163  9.95194876409  9.95678431795  9.96207165498  9.96775773540  9.97378455315  9.98008969234  9.98660701493  9.99326746928 10.00000000000
 10.00000000000  9.99113624065  9.98236733364  9.97378679006  9.96548548862  9.95755048000  9.95006392395  9.94310218499  9.93673509990  9.93102541732  9.92602839871  9.92179156017  9.91835452872  9.91574898337  9.91399865100  9.91311932991  9.91311891861  9.91399743392  9.91574701035  9.91835188053  9.92178834523  9.92602474864  9.93102148155  9.93673103956  9.94309816631  9.95006011145  9.95754702977  9.96548254192  9.97378446753  9.98236573035  9.99113542226 10.00000000000
 10.00000000000  9.98909848657  9.97831360861  9.96776035456  9.95755048000  9.94779103893  9.93858307755  9.93002052230  9.92218927841  9.91516653962  9.90902029549  9.90380901192  9.89958145214  9.89637660198  9.89422366292  9.89314207945  9.89314157330  9.89422216518  9.89637417397  9.89957819326  9.90380505560  9.90901580369  9.91516169623  9.92218428173  9.93001557688  9.93857838587  9.94778679306  9.95754685377  9.96775749643  9.97831163560  9.98909747944 10.00000000000
 10.00000000000  9.98717592885  9.97448903189  9.96207454914  9.95006392395  9.93858307755  9.92775087384  9.91767781171  9.90846496394  9.90020316353  9.89297242201  9.88684155064  9.88186794702  9.87809750426  9.87556460012  9.87429212712  9.87429153131  9.87556283709  9.87809464618  9.88186411091  9.88683689354  9.89296713458  9.90019746225  9.90845908220  9.91767199033  9.92774535114  9.93857807962  9.95005965542  9.96207118476  9.97448670941  9.98717474334 10.00000000000
 10.00000000000  9.98538817679  9.97093261309  9.95678736863  9.94310218499  9.93002052230  9.91767781171  9.90619996593  9.89570216930  9.88628794888  9.87804850872  9.87106229503  9.86539474932  9.86109820140  9.85821185379  9.85676181345  9.85676113411  9.85820984357  9.86109494260  9.86539037536  9.87105698497  9.87804247995  9.88628144823  9.89569546291  9.90619332834  9.91767151468  9.93001482362  9.94309731799  9.95678353255  9.97092996497  9.98538682507 10.00000000000
 10.00000000000  9.98375316048  9.96768002250  9.95195184640  9.93673509990  9.92218927841  9.90846496394  9.89570216930  9.88402899208  9.87356057942  9.86439838474  9.85662968031  9.85032727867  9.84554940960  9.84233969915  9.84072720190  9.84072644600  9.84233746237  9.84554578352  9.85032241175  9.85662377180  9.86439167652  9.87355334614  9.88402152986  9.89569478365  9.90845795722  9.92218293749  9.93672968437  9.95194757798  9.96767707594  9.98375165641 10.00000000000
 10.00000000000  9.98228698733  9.96476330564  9.94761562937  9.93102541732  9.91516653962  9.90020316353  9.88628794888  9.87356057942  9.86214663200  9.85215676265  9.84368617115  9.83681429280  9.83160465994  9.82810487524  9.82634664356  9.82634581884  9.82810243486  9.83160070381  9.83680898287  9.84367972482  9.85214944383  9.86213874032  9.87355243796  9.88627989096  9.90019551904  9.91515962152  9.93101950885  9.94761097242  9.96476009087  9.98228534635 10.00000000000
 10.00000000000  9.98100384027  9.96221068028  9.94382067581  9.92602839871  9.90902029549  9.89297242201  9.87804850872  9.86439838474  9.85215676265  9.84144236220  9.83235733190  9.82498691398  9.81939929144  9.81564555542  9.81375973620  9.81375885115  9.81564293649  9.81939504585  9.82498121555  9.83235041392  9.84143450788  9.85214829356  9.86438964760  9.87803986122  9.89296421819  9.90901287122  9.92602205794  9.94381567812  9.96220723029  9.98100207923 10.00000000000
 10.00000000000  9.97991591225  9.96004640589  9.94060306029  9.92179156017  9.90380901192  9.88684155064  9.87106229503  9.85662968031  9.84368617115  9.83235733190  9.82275121111  9.81495798296  9.80904978139  9.80508066181  9.80308663077  9.80308569446  9.80507789120  9.80904528991  9.81495195449  9.82274389246  9.83234902269  9.84367721155  9.85662043714  9.87105314670  9.88683287168  9.90380115766  9.92178485216  9.94059777316  9.96004275610  9.97991404922 10.00000000000
 10.00000000000  9.97903337015  9.95829071154  9.93799286575  9.91835452872  9.89958145214  9.88186794702  9.86539474932  9.85032727867  9.83681429280  9.82498691398  9.81495798296  9.80682168084  9.80065335222  9.79650946178  9.79442762254  9.79442664457  9.79650656792  9.80064866094  9.80681538420  9.81495033873  9.82497823513  9.83680493463  9.85031762432  9.86538519403  9.88185888198  9.89957324847  9.91834752230  9.93798734342  9.95828689938  9.97903142424 10.00000000000
 10.00000000000  9.97836434048  9.95695976706  9.93601413975  9.91574898337  9.89637660198  9.87809750426  9.86109820140  9.84554940960  9.83160465994  9.81939929144  9.80904978139  9.80065335222  9.79428778588  9.79001137632  9.78786295648  9.78786194690  9.79000838890  9.79428294292  9.80064685200  9.80904189002  9.81939033199  9.83159499922  9.84553944311  9.86108833717  9.87808814614  9.89636813309  9.91574175043  9.93600843888  9.95695583165  9.97836233166 10.00000000000
 10.00000000000  9.97791490910  9.95606568214  9.93468489242  9.91399865100  9.89422366292  9.87556460012  9.85821185379  9.84233969915  9.82810487524  9.81564555542  9.80508066181  9.79650946178  9.79001137632  9.78564592973  9.78345277541  9.78345174457  9.78564287939  9.79000643138  9.79650282467  9.80507260427  9.81563640730  9.82809501108  9.84232952278  9.85820178184  9.87555504493  9.89421501569  9.91399126574  9.93467907149  9.95606166386  9.97791285797 10.00000000000
 10.00000000000  9.97768912783  9.95561651933  9.93401711512  9.91311932991  9.89314207945  9.87429212712  9.85676181345  9.84072720190  9.82634664356  9.81375973620  9.80308663077  9.79442762254  9.78786295648  9.78345277541  9.78123714529  9.78123610376  9.78344969346  9.78785796029  9.79442091664  9.80307848971  9.81375049327  9.82633667715  9.84071692006  9.85675163710  9.87428247289  9.89313334259  9.91311186811  9.93401123386  9.95561245939  9.97768705544 10.00000000000
 10.00000000000  9.97768902231  9.95561630937  9.93401680289  9.91311891861  9.89314157330  9.87429153131  9.85676113411  9.84072644600  9.82634581884  9.81375885115  9.80308569446  9.79442664457  9.78786194690  9.78345174457  9.78123610376  9.78123506223  9.78344866262  9.78785695070  9.79441993867  9.80307755339  9.81374960821  9.82633585244  9.84071616415  9.85675095776  9.87428187708  9.89313283644  9.91311145680  9.93401092163  9.95561224944  9.97768694992 10.00000000000
 10.00000000000  9.97791459686  9.95606506088  9.93468396851  9.91399743392  9.89422216518  9.87556283709  9.85820984357  9.84233746237  9.82810243486  9.81564293649  9.80507789120  9.79650656792  9.79000838890  9.78564287939  9.78344969346  9.78344866262  9.78563982906  9.79000344396  9.79649993081  9.80506983365  9.81563378837  9.82809257070  9.84232728601  9.85819977162  9.87555328190  9.89421351795  9.91399004867  9.93467814758  9.95606104260  9.97791254574 10.00000000000
 10.00000000000  9.97836383432  9.95695875992  9.93601264198  9.91574701035  9.89637417397  9.87809464618  9.86109494260  9.84554578352  9.83160070381  9.81939504585  9.80904528991  9.80064866094  9.79428294292  9.79000643138  9.78785796029  9.78785695070  9.79000344396  9.79427809996  9.80064216072  9.80903739854  9.81938608640  9.83159104309  9.84553581704  9.86108507837  9.87808528806  9.89636570508  9.91573977741  9.93600694111  9.95695482451  9.97836182549 10.00000000000
