
 10.00000000000 10.00000000000 10.00000000000 10.00000000000 10.00000000000 10.00000000000 10.00000000000 10.00000000000 10.00000000000 10.00000000000 10.00000000000 10.00000000000 10.00000000000 10.00000000000 10.00000000000 10.00000000000 10.00000000000 10.00000000000 10.00000000000 10.00000000000 10.00000000000 10.00000000000 10.00000000000 10.00000000000 10.00000000000 10.00000000000 10.00000000000 10.00000000000 10.00000000000 10.00000000000 10.00000000000 10.00000000000
 10.00000000000 10.00000000000 10.00000000000 10.00000000000 10.00000000000 10.00000000000 10.00000000000 10.00000000000 10.00000000000 10.00000000000 10.00000000000 10.00000000000 10.00000000000 10.00000000000 10.00000000000 10.00000000000 10.00000000000 10.00000000000 10.00000000000 10.00000000000 10.00000000000 10.00000000000 10.00000000000 10.00000000000 10.00000000000 10.00000000000 10.00000000000 10.00000000000 10.00000000000 10.00000000000 10.00000000000 10.00000000000
 10.00000000000 10.00000000000 10.00000000000 10.00000000000 10.00000000000 10.00000000000 10.00000000000 10.00000000000 10.00000000000 10.00000000000 10.00000000000 10.00000000000 10.00000000000 10.00000000000 10.00000000000 10.00000000000 10.00000000000 10.00000000000 10.00000000000 10.00000000000 10.00000000000 10.00000000000 10.00000000000 10.00000000000 10.00000000000 10.00000000000 10.00000000000 10.00000000000 10.00000000000 10.00000000000 10.00000000000 10.00000000000
 10.00000000000 10.00000000000 10.00000000000 10.00000000000 10.00000000000 10.00000000000 10.00000000000 10.00000000000 10.00000000000 10.00000000000 10.00000000000 10.00000000000 10.00000000000 10.00000000000 10.00000000000 10.00000000000 10.00000000000 10.00000000000 10.00000000000 10.00000000000 10.00000000000 10.00000000000 10.00000000000 10.00000000000 10.00000000000 10.00000000000 10.00000000000 10.00000000000 10.00000000000 10.00000000000 10.00000000000 10.00000000000
 10.00000000000 10.00000000000 10.00000000000 10.00000000000 10.00000000000 10.00000000000 10.00000000000 10.00000000000 10.00000000000 10.00000000000 10.00000000000 10.00000000000 10.00000000000 10.00000000000 10.00000000000 10.00000000000 10.00000000000 10.00000000000 10.00000000000 10.00000000000 10.00000000000 10.00000000000 10.00000000000 10.00000000000 10.00000000000 10.00000000000 10.00000000000 10.00000000000 10.00000000000 10.00000000000 10.00000000000 10.00000000000
 10.00000000000 10.00000000000 10.00000000000 10.00000000000 10.00000000000 10.00000000000 10.00000000000 10.00000000000 10.00000000000 10.00000000000 10.00000000000 10.00000000000 10.00000000000 10.00000000000 10.00000000000 10.00000000000 10.00000000000 10.00000000000 10.00000000000 10.00000000000 10.00000000000 10.00000000000 10.00000000000 10.00000000000 10.00000000000 10.00000000000 10.00000000000 10.00000000000 10.00000000000 10.00000000000 10.00000000000 10.00000000000
 10.00000000000 10.00000000000 10.00000000000 10.00000000000 10.00000000000 10.00000000000 10.00000000000 10.00000000000 10.00000000000 10.00000000000 10.00000000000 10.00000000000 10.00000000000 10.00000000000 10.00000000000 10.00000000000 10.00000000000 10.00000000000 10.00000000000 10.00000000000 10.00000000000 10.00000000000 10.00000000000 10.00000000000 10.00000000000 10.00000000000 10.00000000000 10.00000000000 10.00000000000 10.00000000000 10.00000000000 10.00000000000
 10.00000000000 10.00000000000 10.00000000000 10.00000000000 10.00000000000 10.00000000000 10.00000000000 10.00000000000 10.00000000000 10.00000000000 10.00000000000 10.00000000000 10.00000000000 10.00000000000 10.00000000000 10.00000000000 10.00000000000 10.00000000000 10.00000000000 10.00000000000 10.00000000000 10.00000000000 10.00000000000 10.00000000000 10.00000000000 10.00000000000 10.00000000000 10.00000000000 10.00000000000 10.00000000000 10.00000000000 10.00000000000
 10.00000000000 10.00000000000 10.00000000000 10.00000000000 10.00000000000 10.00000000000 10.00000000000 10.00000000000 10.00000000000 10.00000000000 10.00000000000 10.00000000000 10.00000000000 10.00000000000 10.00000000000 10.00000000000 10.00000000000 10.00000000000 10.00000000000 10.00000000000 10.00000000000 10.00000000000 10.00000000000 10.00000000000 10.00000000000 10.00000000000 10.00000000000 10.00000000000 10.00000000000 10.00000000000 10.00000000000 10.00000000000
 10.00000000000 10.00000000000 10.00000000000 10.00000000000 10.00000000000 10.00000000000 10.00000000000 10.00000000000 10.00000000000 10.00000000000 10.00000000000 10.00000000000 10.00000000000 10.00000000000 10.00000000000 10.00000000000 10.00000000000 10.00000000000 10.00000000000 10.00000000000 10.00000000000 10.00000000000 10.00000000000 10.00000000000 10.00000000000 10.00000000000 10.00000000000 10.00000000000 10.00000000000 10.00000000000 10.00000000000 10.00000000000
 10.00000000000 10.00000000000 10.00000000000 10.00000000000 10.00000000000 10.00000000000 10.00000000000 10.00000000000 10.00000000000 10.00000000000 10.00000000000 10.00000000000 10.00000000000 10.00000000000 10.00000000000 10.00000000000 10.00000000000 10.00000000000 10.00000000000 10.00000000000 10.00000000000 10.00000000000 10.00000000000 10.00000000000 10.00000000000 10.00000000000 10.00000000000 10.00000000000 10.00000000000 10.00000000000 10.00000000000 10.00000000000
 10.00000000000 10.00000000000 10.00000000000 10.00000000000 10.00000000000 10.00000000000 10.00000000000 10.00000000000 10.00000000000 10.00000000000 10.00000000000 10.00000000000 10.00000000000 10.00000000000 10.00000000000 10.00000000000 10.00000000000 10.00000000000 10.00000000000 10.00000000000 10.00000000000 10.00000000000 10.00000000000 10.00000000000 10.00000000000 10.00000000000 10.00000000000 10.00000000000 10.00000000000 10.00000000000 10.00000000000 10.00000000000
 10.00000000000 10.00000000000 10.00000000000 10.00000000000 10.00000000000 10.00000000000 10.00000000000 10.00000000000 10.00000000000 10.00000000000 10.00000000000 10.00000000000 10.00000000000 10.00000000000 10.00000000000 10.00000000000 10.00000000000 10.00000000000 10.00000000000 10.00000000000 10.00000000000 10.00000000000 10.00000000000 10.00000000000 10.00000000000 10.00000000000 10.00000000000 10.00000000000 10.00000000000 10.00000000000 10.00000000000 10.00000000000
 10.00000000000 10.00000000000 10.00000000000 10.00000000000 10.00000000000 10.00000000000 10.00000000000 10.00000000000 10.00000000000 10.00000000000 10.00000000000 10.00000000000 10.00000000000 10.00000000000 10.00000000000 10.00000000000 10.00000000000 10.00000000000 10.00000000000 10.00000000000 10.00000000000 10.00000000000 10.00000000000 10.00000000000 10.00000000000 10.00000000000 10.00000000000 10.00000000000 10.00000000000 10.00000000000 10.00000000000 10.00000000000
 10.00000000000 10.00000000000 10.00000000000 10.00000000000 10.00000000000 10.00000000000 10.00000000000 10.00000000000 10.00000000000 10.00000000000 10.00000000000 10.00000000000 10.00000000000 10.00000000000 10.00000000000 10.00000000000 10.00000000000 10.00000000000 10.00000000000 10.00000000000 10.00000000000 10.00000000000 10.00000000000 10.00000000000 10.00000000000 10.00000000000 10.00000000000 10.00000000000 10.00000000000 10.00000000000 10.00000000000 10.00000000000
 10.00000000000 10.00000000000 10.00000000000 10.00000000000 10.00000000000 10.00000000000 10.00000000000 10.00000000000 10.00000000000 10.00000000000 10.00000000000 10.00000000000 10.00000000000 10.00000000000 10.00000000000 10.00000000000 10.00000000000 10.00000000000 10.00000000000 10.00000000000 10.00000000000 10.00000000000 10.00000000000 10.00000000000 10.00000000000 10.00000000000 10.00000000000 10.00000000000 10.00000000000 10.00000000000 10.00000000000 10.00000000000
 10.00000000000 10.00000000000 10.00000000000 10.00000000000 10.00000000000 10.00000000000 10.00000000000 10.00000000000 10.00000000000 10.00000000000 10.00000000000 10.00000000000 10.00000000000 10.00000000000 10.00000000000 10.00000000000 10.00000000000 10.00000000000 10.00000000000 10.00000000000 10.00000000000 10.00000000000 10.00000000000 10.00000000000 10.00000000000 10.00000000000 10.00000000000 10.00000000000 10.00000000000 10.00000000000 10.00000000000 10.00000000000
 10.00000000000 10.00000000000 10.00000000000 10.00000000000 10.00000000000 10.00000000000 10.00000000000 10.00000000000 10.00000000000 10.00000000000 10.00000000000 10.00000000000 10.00000000000 10.00000000000 10.00000000000 10.00000000000 10.00000000000 10.00000000000 10.00000000000 10.00000000000 10.00000000000 10.00000000000 10.00000000000 10.00000000000 10.00000000000 10.00000000000 10.00000000000 10.00000000000 10.00000000000 10.00000000000 10.00000000000 10.00000000000
 10.00000000000 10.00000000000 10.00000000000 10.00000000000 10.00000000000 10.00000000000 10.00000000000 10.00000000000 10.00000000000 10.00000000000 10.00000000000 10.00000000000 10.00000000000 10.00000000000 10.00000000000 10.00000000000 10.00000000000 10.00000000000 10.00000000000 10.00000000000 10.00000000000 10.00000000000 10.00000000000 10.00000000000 10.00000000000 10.00000000000 10.00000000000 10.00000000000 10.00000000000 10.00000000000 10.00000000000 10.00000000000
 10.00000000000 10.00000000000 10.00000000000 10.00000000000 10.00000000000 10.00000000000 10.00000000000 10.00000000000 10.00000000000 10.00000000000 10.00000000000 10.00000000000 10.00000000000 10.00000000000 10.00000000000 10.00000000000 10.00000000000 10.00000000000 10.00000000000 10.00000000000 10.00000000000 10.00000000000 10.00000000000 10.00000000000 10.00000000000 10.00000000000 10.00000000000 10.00000000000 10.00000000000 10.00000000000 10.00000000000 10.00000000000
 10.00000000000 10.00000000000 10.00000000000 10.00000000000 10.00000000000 10.00000000000 10.00000000000 10.00000000000 10.00000000000 10.00000000000 10.00000000000 10.00000000000 10.00000000000 10.00000000000 10.00000000000 10.00000000000 10.00000000000 10.00000000000 10.00000000000 10.00000000000 10.00000000000 10.00000000000 10.00000000000 10.00000000000 10.00000000000 10.00000000000 10.00000000000 10.00000000000 10.00000000000 10.00000000000 10.00000000000 10.00000000000
 10.00000000000 10.00000000000 10.00000000000 10.00000000000 10.00000000000 10.00000000000 10.00000000000 10.00000000000 10.00000000000 10.00000000000 10.00000000000 10.00000000000 10.00000000000 10.00000000000 10.00000000000 10.00000000000 10.00000000000 10.00000000000 10.00000000000 10.00000000000 10.00000000000 10.00000000000 10.00000000000 10.00000000000 10.00000000000 10.00000000000 10.00000000000 10.00000000000 10.00000000000 10.00000000000 10.00000000000 10.00000000000
 10.00000000000 10.00000000000 10.00000000000 10.00000000000 10.00000000000 10.00000000000 10.00000000000 10.00000000000 10.00000000000 10.00000000000 10.00000000000 10.00000000000 10.00000000000 10.00000000000 10.00000000000 10.00000000000 10.00000000000 10.00000000000 10.00000000000 10.00000000000 10.00000000000 10.00000000000 10.00000000000 10.00000000000 10.00000000000 10.00000000000 10.00000000000 10.00000000000 10.00000000000 10.00000000000 10.00000000000 10.00000000000
 10.00000000000 10.00000000000 10.00000000000 10.00000000000 10.00000000000 10.00000000000 10.00000000000 10.00000000000 10.00000000000 10.00000000000 10.00000000000 10.00000000000 10.00000000000 10.00000000000 10.00000000000 10.00000000000 10.00000000000 10.00000000000 10.00000000000 10.00000000000 10.00000000000 10.00000000000 10.00000000000 10.00000000000 10.00000000000 10.00000000000 10.00000000000 10.00000000000 10.00000000000 10.00000000000 10.00000000000 10.00000000000
 10.00000000000 10.00000000000 10.00000000000 10.00000000000 10.00000000000 10.00000000000 10.00000000000 10.00000000000 10.00000000000 10.00000000000 10.00000000000 10.00000000000 10.00000000000 10.00000000000 10.00000000000 10.00000000000 10.00000000000 10.00000000000 10.00000000000 10.00000000000 10.00000000000 10.00000000000 10.00000000000 10.00000000000 10.00000000000 10.00000000000 10.00000000000 10.00000000000 10.00000000000 10.00000000000 10.00000000000 10.00000000000
 10.00000000000 10.00000000000 10.00000000000 10.00000000000 10.00000000000 10.00000000000 10.00000000000 10.00000000000 10.00000000000 10.00000000000 10.00000000000 10.00000000000 10.00000000000 10.00000000000 10.00000000000 10.00000000000 10.00000000000 10.00000000000 10.00000000000 10.00000000000 10.00000000000 10.00000000000 10.00000000000 10.00000000000 10.00000000000 10.00000000000 10.00000000000 10.00000000000 10.00000000000 10.00000000000 10.00000000000 10.00000000000
 10.00000000000 10.00000000000 10.00000000000 10.00000000000 10.00000000000 10.00000000000 10.00000000000 10.00000000000 10.00000000000 10.00000000000 10.00000000000 10.00000000000 10.00000000000 10.00000000000 10.00000000000 10.00000000000 10.00000000000 10.00000000000 10.00000000000 10.00000000000 10.00000000000 10.00000000000 10.00000000000 10.00000000000 10.00000000000 10.00000000000 10.00000000000 10.00000000000 10.00000000000 10.00000000000 10.00000000000 10.00000000000
 10.00000000000 10.00000000000 10.00000000000 10.00000000000 10.00000000000 10.00000000000 10.00000000000 10.00000000000 10.00000000000 10.00000000000 10.00000000000 10.00000000000 10.00000000000 10.00000000000 10.00000000000 10.00000000000 10.00000000000 10.00000000000 10.00000000000 10.00000000000 10.00000000000 10.00000000000 10.00000000000 10.00000000000 10.00000000000 10.00000000000 10.00000000000 10.00000000000 10.00000000000 10.00000000000 10.00000000000 10.00000000000
 10.00000000000 10.00000000000 10.00000000000 10.00000000000 10.00000000000 10.00000000000 10.00000000000 10.00000000000 10.00000000000 10.00000000000 10.00000000000 10.00000000000 10.00000000000 10.00000000000 10.00000000000 10.00000000000 10.00000000000 10.00000000000 10.00000000000 10.00000000000 10.00000000000 10.00000000000 10.00000000000 10.00000000000 10.00000000000 10.00000000000 10.00000000000 10.00000000000 10.00000000000 10.00000000000 10.00000000000 10.00000000000
 10.00000000000 10.00000000000 10.00000000000 10.00000000000 10.00000000000 10.00000000000 10.00000000000 10.00000000000 10.00000000000 10.00000000000 10.00000000000 10.00000000000 10.00000000000 10.00000000000 10.00000000000 10.00000000000 10.00000000000 10.00000000000 10.00000000000 10.00000000000 10.00000000000 10.00000000000 10.00000000000 10.00000000000 10.00000000000 10.00000000000 10.00000000000 10.00000000000 10.00000000000 10.00000000000 10.00000000000 10.00000000000
 10.00000000000 10.00000000000 10.00000000000 10.00000000000 10.00000000000 10.00000000000 10.00000000000 10.00000000000 10.00000000000 10.00000000000 10.00000000000 10.00000000000 10.00000000000 10.00000000000 10.00000000000 10.00000000000 10.00000000000 10.00000000000 10.00000000000 10.00000000000 10.00000000000 10.00000000000 10.00000000000 10.00000000000 10.00000000000 10.00000000000 10.00000000000 10.00000000000 10.00000000000 10.00000000000 10.00000000000 10.00000000000
 10.00000000000 10.00000000000 10.00000000000 10.00000000000 10.00000000000 10.00000000000 10.00000000000 10.00000000000 10.00000000000 10.00000000000 10.00000000000 10.00000000000 10.00000000000 10.00000000000 10.00000000000 10.00000000000 10.00000000000 10.00000000000 10.00000000000 10.00000000000 10.00000000000 10.00000000000 10.00000000000 10.00000000000 10.00000000000 10.00000000000 10.00000000000 10.00000000000 10.00000000000 10.00000000000 10.00000000000 10.00000000000

 10.00000000000 10.00000000000 10.00000000000 10.00000000000 10.00000000000 10.00000000000 10.00000000000 10.00000000000 10.00000000000 10.00000000000 10.00000000000 10.00000000000 10.00000000000 10.00000000000 10.00000000000 10.00000000000 10.00000000000 10.00000000000 10.00000000000 10.00000000000 10.00000000000 10.00000000000 10.00000000000 10.00000000000 10.00000000000 10.00000000000 10.00000000000 10.00000000000 10.00000000000 10.00000000000 10.00000000000 10.00000000000
 10.00000000000  9.98587632416  9.97203108932  9.95872665625  9.94619484827  9.93462552696  9.92415922058  9.91488432399  9.90683885601  9.90001627511  9.89437447895  9.88984688367  9.88635440179  9.88381719220  9.88216520546  9.88134674853  9.88133450714  9.88212866637  9.88375695200  9.88627158399  9.88974330278  9.89425281523  9.89988021474  9.90669315151  9.91473473769  9.92401232908  9.93448838535  9.94607453624  9.95862975004  9.97196312001  9.98584129037 10.00000000000
 10.00000000000  9.97203108932  9.94461359665  9.91826709342  9.89345067241  9.87054032243  9.84981432966  9.83144773281  9.81551580430  9.80200556887  9.79083362733  9.78186809915  9.77495234417  9.76992823275  9.76665702980  9.76503635637  9.76501211625  9.76658467578  9.76980894591  9.77478834883  9.78166298787  9.79059270707  9.80173613862  9.81522727489  9.83115151493  9.84952344671  9.87026874559  9.89321242173  9.91807519209  9.94447899816  9.97196171241 10.00000000000
 10.00000000000  9.95872665625  9.91826709342  9.87938808938  9.84276716053  9.80895916934  9.77837477918  9.75127227224  9.72776268939  9.70782683230  9.69134157110  9.67811223025  9.66790759949  9.66049427752  9.65566749361  9.65327613978  9.65324037213  9.65556073097  9.66031826191  9.66766561196  9.67780957067  9.69098606913  9.70742925735  9.72733692756  9.75083516128  9.77794553720  9.80855841361  9.84241558086  9.87910490476  9.91806846866  9.95862427768 10.00000000000
 10.00000000000  9.94619484827  9.89345067241  9.84276716053  9.79502761231  9.75095539960  9.71108587565  9.67575570950  9.64510959108  9.61912240333  9.59763352705  9.58038906976  9.56708751602  9.55742450642  9.55113302321  9.54801602700  9.54796940482  9.55099386051  9.55719507262  9.56677208603  9.57999454976  9.59717012096  9.61860414762  9.64455458574  9.67518590320  9.71052632107  9.75043297433  9.79456928926  9.84239799563  9.89319174014  9.94606138460 10.00000000000
 10.00000000000  9.93462552696  9.87054032243  9.80895916934  9.75095539960  9.69740798079  9.64896737976  9.60604260455  9.56880935831  9.53723699027  9.51113019081  9.49018031494  9.47402086178  9.46228189325  9.45463886905  9.45085230683  9.45079566818  9.45446980749  9.46200316389  9.47363765523  9.48970101808  9.51056719708  9.53660735002  9.56813505997  9.60535031395  9.64828753557  9.69677324030  9.75039853702  9.80851063040  9.87022571541  9.93446336581 10.00000000000
 10.00000000000  9.92415922058  9.84981432966  9.77837477918  9.71108587565  9.64896737976  9.59277389730  9.54297984800  9.49978893402  9.46316542090  9.43288252637  9.40858197976  9.38983840136  9.37622244825  9.36735747894  9.36296557089  9.36289987570  9.36716138349  9.37589914569  9.38939390866  9.40802602081  9.43222947270  9.46243504689  9.49900674375  9.54217677336  9.59198524885  9.64823104366  9.71043987516  9.77785443717  9.84944935730  9.92397109835 10.00000000000
 10.00000000000  9.91488432399  9.83144773281  9.75127227224  9.67575570950  9.60604260455  9.54297984800  9.48709979339  9.43863089493  9.39753283243  9.36355084030  9.33628257418  9.31525038520  9.29997220619  9.29002515999  9.28509721411  9.28502349858  9.28980512332  9.29960942832  9.31475161323  9.33565871421  9.36281801396  9.39671322538  9.43775312454  9.48619857049  9.54209479979  9.60521625099  9.67503072619  9.75068830523  9.83103813040  9.91467319663 10.00000000000
 10.00000000000  9.90683885601  9.81551580430  9.72776268939  9.64510959108  9.56880935831  9.49978893402  9.43863089493  9.38558510768  9.34060719507  9.30341802603  9.27357692955  9.25056082517  9.23384183038  9.22295689705  9.21756435955  9.21748369214  9.22271610821  9.23344483419  9.25001499998  9.27289420431  9.30261603774  9.33971021839  9.38462445836  9.43764456028  9.49882028495  9.56790493439  9.64431610425  9.72712353693  9.81506749074  9.90660777416 10.00000000000
 10.00000000000  9.90001627511  9.80200556887  9.70782683230  9.61912240333  9.53723699027  9.46316542090  9.39753283243  9.34060719507  9.29234061795  9.25243322345  9.22041175136  9.19571451111  9.17777469462  9.16609512945  9.16030897975  9.16022242234  9.16583675787  9.17734870502  9.19512881516  9.21967914297  9.25157262196  9.29137806703  9.33957629652  9.39647435050  9.46212590034  9.53626637917  9.61827083694  9.70714088984  9.80152443236  9.89976827366 10.00000000000
 10.00000000000  9.89437447895  9.79083362733  9.69134157110  9.59763352705  9.51113019081  9.43288252637  9.36355084030  9.30341802603  9.25243322345  9.21027932535  9.17645604610  9.15036969414  9.13142120843  9.11908514663  9.11297382304  9.11288239992  9.11881224969  9.13097126593  9.14975105703  9.17568222135  9.20937029036  9.25141648237  9.30232906910  9.36243272654  9.43178442414  9.51010486648  9.59673394690  9.69061694615  9.79032535439  9.89411248892 10.00000000000
 10.00000000000  9.88984688367  9.78186809915  9.67811223025  9.58038906976  9.49018031494  9.40858197976  9.33628257418  9.27357692955  9.22041175136  9.17645604610  9.14118777811  9.11398751569  9.09423026253  9.08136784788  9.07499582488  9.07490050152  9.08108330751  9.09376111875  9.11334247047  9.14038090883  9.17550817723  9.21935155704  9.27244141363  9.33511663579  9.40743689163  9.48911110454  9.57945097515  9.67735657459  9.78133805693  9.88957367156 10.00000000000
 10.00000000000  9.88635440179  9.77495234417  9.66790759949  9.56708751602  9.47402086178  9.38983840136  9.31525038520  9.25056082517  9.19571451111  9.15036969414  9.11398751569  9.08592864530  9.06554804260  9.05227997410  9.04570704249  9.04560871480  9.05198646465  9.06506410721  9.08526325558  9.11315518753  9.14939190370  9.19462083330  9.24938942970  9.31404758907  9.38865709935  9.47291782455  9.56611973336  9.66712802346  9.77440552035  9.88607253860 10.00000000000
 10.00000000000  9.88381719220  9.76992823275  9.66049427752  9.55742450642  9.46228189325  9.37622244825  9.29997220619  9.23384183038  9.17777469462  9.13142120843  9.09423026253  9.06554804260  9.04471492219  9.03115238924  9.02443362459  9.02433311837  9.03085237593  9.04422026038  9.06486789894  9.09337947030  9.13042171588  9.17665672949  9.23264440775  9.29874267150  9.37501487311  9.46115431334  9.55643518292  9.65969734488  9.76936923188  9.88352905152 10.00000000000
 10.00000000000  9.88216520546  9.76665702980  9.65566749361  9.55113302321  9.45463886905  9.36735747894  9.29002515999  9.22295689705  9.16609512945  9.11908514663  9.08136784788  9.05227997410  9.03115238924  9.01739825106  9.01058459877  9.01048267839  9.01709401583  9.03065076431  9.05159025241  9.08050506850  9.11807156397  9.16496139488  9.22174257437  9.28877826238  9.36613284227  9.45349535064  9.55012971015  9.65485928851  9.76609012023  9.88187298764 10.00000000000
 10.00000000000  9.88134674853  9.76503635637  9.65327613978  9.54801602700  9.45085230683  9.36296557089  9.28509721411  9.21756435955  9.16030897975  9.11297382304  9.07499582488  9.04570704249  9.02443362459  9.01058459877  9.00372395931  9.00362134386  9.01027828838  9.02392857707  9.04501261280  9.07412715312  9.11195331404  9.15916749303  9.21634172862  9.28384178040  9.36173254603  9.44970095214  9.54700583571  9.65246239225  9.76446555821  9.88105252602 10.00000000000
 10.00000000000  9.88133450714  9.76501211625  9.65324037213  9.54796940482  9.45079566818  9.36289987570  9.28502349858  9.21748369214  9.16022242234  9.11288239992  9.07490050152  9.04560871480  9.02433311837  9.01048267839  9.00362134386  9.00351872840  9.01017636800  9.02382807084  9.04491428511  9.07403182976  9.11186189092  9.15908093562  9.21626106121  9.28376806487  9.36166685083  9.44964431349  9.54695921353  9.65242662459  9.76444131808  9.88104028463 10.00000000000
 10.00000000000  9.88212866637  9.76658467578  9.65556073097  9.55099386051  9.45446980749  9.36716138349  9.28980512332  9.22271610821  9.16583675787  9.11881224969  9.08108330751  9.05198646465  9.03085237593  9.01709401583  9.01027828838  9.01017636800  9.01678978060  9.03035075099  9.05129674296  9.08022052813  9.11779866703  9.16470302330  9.22150178554  9.28855822571  9.36593674682  9.45332628908  9.54999054745  9.65475252587  9.76601776622  9.88183644855 10.00000000000
 10.00000000000  9.88375695200  9.76980894591  9.66031826191  9.55719507262  9.46200316389  9.37589914569  9.29960942832  9.23344483419  9.17734870502  9.13097126593  9.09376111875  9.06506410721  9.04422026038  9.03065076431  9.02392857707  9.02382807084  9.03035075099  9.04372559858  9.06438396355  9.09291032652  9.12997177338  9.17623073988  9.23224741156  9.29837989362  9.37469157054  9.46087558398  9.55620574912  9.65952132927  9.76924994505  9.88346881132 10.00000000000
 10.00000000000  9.88627158399  9.77478834883  9.66766561196  9.56677208603  9.47363765523  9.38939390866  9.31475161323  9.25001499998  9.19512881516  9.14975105703  9.11334247047  9.08526325558  9.06486789894  9.05159025241  9.04501261280  9.04491428511  9.05129674296  9.06438396355  9.08459786587  9.11251014231  9.14877326659  9.19403513734  9.24884360451  9.31354881710  9.38821260664  9.47253461800  9.56580430337  9.66688603593  9.77424152501  9.88598972080 10.00000000000
 10.00000000000  9.88974330278  9.78166298787  9.67780957067  9.57999454976  9.48970101808  9.40802602081  9.33565871421  9.27289420431  9.21967914297  9.17568222135  9.14038090883  9.11315518753  9.09337947030  9.08050506850  9.07412715312  9.07403182976  9.08022052813  9.09291032652  9.11251014231  9.13957403955  9.17473435247  9.21861894865  9.27175868840  9.33449277582  9.40688093268  9.48863180769  9.57905645515  9.67705391500  9.78113294565  9.88947009067 10.00000000000
 10.00000000000  9.89425281523  9.79059270707  9.69098606913  9.59717012096  9.51056719708  9.43222947270  9.36281801396  9.30261603774  9.25157262196  9.20937029036  9.17550817723  9.14939190370  9.13042171588  9.11807156397  9.11195331404  9.11186189092  9.11779866703  9.12997177338  9.14877326659  9.17473435247  9.20846125538  9.25055588089  9.30152708080  9.36169990020  9.43113137048  9.50954187275  9.59627054082  9.69026144417  9.79008443412  9.89399082520 10.00000000000
 10.00000000000  9.89988021474  9.80173613862  9.70742925735  9.61860414762  9.53660735002  9.46243504689  9.39671322538  9.33971021839  9.29137806703  9.25141648237  9.21935155704  9.19462083330  9.17665672949  9.16496139488  9.15916749303  9.15908093562  9.16470302330  9.17623073988  9.19403513734  9.21861894865  9.25055588089  9.29041551611  9.33867931984  9.39565474346  9.46139552633  9.53563673891  9.61775258122  9.70674331488  9.80125500211  9.89963221329 10.00000000000
 10.00000000000  9.90669315151  9.81522727489  9.72733692756  9.64455458574  9.56813505997  9.49900674375  9.43775312454  9.38462445836  9.33957629652  9.30232906910  9.27244141363  9.24938942970  9.23264440775  9.22174257437  9.21634172862  9.21626106121  9.22150178554  9.23224741156  9.24884360451  9.27175868840  9.30152708080  9.33867931984  9.38366380904  9.43676678989  9.49803809468  9.56723063604  9.64376109890  9.72669777509  9.81477896133  9.90646206966 10.00000000000
 10.00000000000  9.91473473769  9.83115151493  9.75083516128  9.67518590320  9.60535031395  9.54217677336  9.48619857049  9.43764456028  9.39647435050  9.36243272654  9.33511663579  9.31404758907  9.29874267150  9.28877826238  9.28384178040  9.28376806487  9.28855822571  9.29837989362  9.31354881710  9.33449277582  9.36169990020  9.39565474346  9.43676678989  9.48529734759  9.54129172515  9.60452396039  9.67446091988  9.75025119427  9.83074191252  9.91452361034 10.00000000000
 10.00000000000  9.92401232908  9.84952344671  9.77794553720  9.71052632107  9.64828753557  9.59198524885  9.54209479979  9.49882028495  9.46212590034  9.43178442414  9.40743689163  9.38865709935  9.37501487311  9.36613284227  9.36173254603  9.36166685083  9.36593674682  9.37469157054  9.38821260664  9.40688093268  9.43113137048  9.46139552633  9.49803809468  9.54129172515  9.59119660040  9.64755119947  9.70988032059  9.77742519520  9.84915847435  9.92382420685 10.00000000000
 10.00000000000  9.93448838535  9.87026874559  9.80855841361  9.75043297433  9.69677324030  9.64823104366  9.60521625099  9.56790493439  9.53626637917  9.51010486648  9.48911110454  9.47291782455  9.46115431334  9.45349535064  9.44970095214  9.44964431349  9.45332628908  9.46087558398  9.47253461800  9.48863180769  9.50954187275  9.53563673891  9.56723063604  9.60452396039  9.64755119947  9.69613849982  9.74987611176  9.80810987467  9.86995413857  9.93432622420 10.00000000000
 10.00000000000  9.94607453624  9.89321242173  9.84241558086  9.79456928926  9.75039853702  9.71043987516  9.67503072619  9.64431610425  9.61827083694  9.59673394690  9.57945097515  9.56611973336  9.55643518292  9.55012971015  9.54700583571  9.54695921353  9.54999054745  9.55620574912  9.56580430337  9.57905645515  9.59627054082  9.61775258122  9.64376109890  9.67446091988  9.70988032059  9.74987611176  9.79411096621  9.84204641596  9.89295348947  9.94594107257 10.00000000000
 10.00000000000  9.95862975004  9.91807519209  9.87910490476  9.84239799563  9.80851063040  9.77785443717  9.75068830523  9.72712353693  9.70714088984  9.69061694615  9.67735657459  9.66712802346  9.65969734488  9.65485928851  9.65246239225  9.65242662459  9.65475252587  9.65952132927  9.66688603593  9.67705391500  9.69026144417  9.70674331488  9.72669777509  9.75025119427  9.77742519520  9.80810987467  9.84204641596  9.87882172015  9.91787656733  9.95852737147 10.00000000000
 10.00000000000  9.97196312001  9.94447899816  9.91806846866  9.89319174014  9.87022571541  9.84944935730  9.83103813040  9.81506749074  9.80152443236  9.79032535439  9.78133805693  9.77440552035  9.76936923188  9.76609012023  9.76446555821  9.76444131808  9.76601776622  9.76924994505  9.77424152501  9.78113294565  9.79008443412  9.80125500211  9.81477896133  9.83074191252  9.84915847435  9.86995413857  9.89295348947  9.91787656733  9.94434439966  9.97189374309 10.00000000000
 10.00000000000  9.98584129037  9.97196171241  9.95862427768  9.94606138460  9.93446336581  9.92397109835  9.91467319663  9.90660777416  9.89976827366  9.89411248892  9.88957367156  9.88607253860  9.88352905152  9.88187298764  9.88105252602  9.88104028463  9.88183644855  9.88346881132  9.88598972080  9.88947009067  9.89399082520  9.89963221329  9.90646206966  9.91452361034  9.92382420685  9.93432622420  9.94594107257  9.95852737147  9.97189374309  9.98580625658 10.00000000000
 10.00000000000 10.00000000000 10.00000000000 10.00000000000 10.00000000000 10.00000000000 10.00000000000 10.00000000000 10.00000000000 10.00000000000 10.00000000000 10.00000000000 10.00000000000 10.00000000000 10.00000000000 10.00000000000 10.00000000000 10.00000000000 10.00000000000 10.00000000000 10.00000000000 10.00000000000 10.00000000000 10.00000000000 10.00000000000 10.00000000000 10.00000000000 10.00000000000 10.00000000000 10.00000000000 10.00000000000 10.00000000000

 10.00000000000 10.00000000000 10.00000000000 10.00000000000 10.00000000000 10.00000000000 10.00000000000 10.00000000000 10.00000000000 10.00000000000 10.00000000000 10.00000000000 10.00000000000 10.00000000000 10.00000000000 10.00000000000 10.00000000000 10.00000000000 10.00000000000 10.00000000000 10.00000000000 10.00000000000 10.00000000000 10.00000000000 10.00000000000 10.00000000000 10.00000000000 10.00000000000 10.00000000000 10.00000000000 10.00000000000 10.00000000000
 10.00000000000  9.97203013180  9.94461170447  9.91826431067  9.89344706128  9.87053595904  9.84980929933  9.83144212517  9.81550970894  9.80199907158  9.79082680752  9.78186102824  9.77494508515  9.76992084064  9.76664955297  9.76502883843  9.76500459831  9.76657719896  9.76980155381  9.77478108980  9.78165591696  9.79058588725  9.80172964133  9.81522117952  9.83114590729  9.84951841637  9.87026438220  9.89320881060  9.91807240934  9.94447710598  9.97196075489 10.00000000000
 10.00000000000  9.94461170447  9.89031546889  9.83814027846  9.78899533583  9.74362525059  9.70258112690  9.66620958325  9.63465964927  9.60790558083  9.58578216261  9.56802816739  9.55433333813  9.54438447492  9.53790679562  9.53469752764  9.53464952790  9.53776352165  9.54414826486  9.55400859564  9.56762200543  9.58530508903  9.60737204838  9.63408829297  9.66562299882  9.70200510410  9.74308745648  9.78852353462  9.83776026048  9.89004892588  9.94447431843 10.00000000000
 10.00000000000  9.91826431067  9.83814027846  9.76114646722  9.68862465180  9.62167368291  9.56110681721  9.50743551482  9.46087962201  9.42140104777  9.38875586988  9.36255847796  9.34235091445  9.32767089290  9.31811283970  9.31337746939  9.31330664316  9.31790143061  9.32732234960  9.34187173270  9.36195915100  9.38805190056  9.42061376060  9.46003651378  9.50656992801  9.56025680872  9.62088008098  9.68792842886  9.76058568335  9.83774694565  9.91806157208 10.00000000000
 10.00000000000  9.89344706128  9.78899533583  9.68862465180  9.59408432170  9.50680691081  9.42785260408  9.35788808543  9.29719982149  9.24573797852  9.20318436779  9.16903608359  9.14269591588  9.12356103568  9.11110258217  9.10493029838  9.10483797837  9.11082701548  9.12310671499  9.14207130461  9.16825485532  9.20226672638  9.24471171754  9.29610078194  9.35675973047  9.42674454457  9.50577237220  9.59317671887  9.68789360393  9.78848257775  9.89318276565 10.00000000000
 10.00000000000  9.87053595904  9.74362525059  9.62167368291  9.50680691081  9.40076563888  9.30483801498  9.21983397021  9.14610137274  9.08357941025  9.03188117259  8.99039530223  8.95839587398  8.93515017169  8.92001540517  8.91251725545  8.91240510123  8.91968063388  8.93459823752  8.95763705321  8.98944620006  9.03076632813  9.08233258480  9.14476610699  9.21846306829  9.30349175328  9.39950868831  9.50570417460  9.62078545373  9.74300224174  9.87021483473 10.00000000000
 10.00000000000  9.84980929933  9.70258112690  9.56110681721  9.42785260408  9.30483801498  9.19355742630  9.09495029800  9.00941993183  8.93689543013  8.87692753605  8.82880659591  8.79169006522  8.76472756940  8.74717312705  8.73847628544  8.73834619791  8.74678482452  8.76408737322  8.79080988765  8.82770568929  8.87563435607  8.93544913187  9.00787101748  9.09336001929  9.19199570714  9.30337988084  9.42657335287  9.56007639988  9.70185838176  9.84943676537 10.00000000000
 10.00000000000  9.83144212517  9.66620958325  9.50743551482  9.35788808543  9.21983397021  9.09495029800  8.98429124920  8.88830913040  8.80692394679  8.73963100765  8.68563336081  8.64398493467  8.61373092868  8.59403378796  8.58427550283  8.58412953391  8.59359807840  8.61301256554  8.64299727570  8.68439799892  8.73817986370  8.80530095039  8.88657094839  8.98250661635  9.09319768615  9.21819758094  9.35645242960  9.50627910460  9.66539845965  9.83102403535 10.00000000000
 10.00000000000  9.81550970894  9.63465964927  9.46087962201  9.29719982149  9.14610137274  9.00941993183  8.88830913040  8.78326366770  8.69419550099  8.62055167287  8.56145931667  8.51588237729  8.48277531259  8.46122100643  8.45054275925  8.45038302475  8.46074420488  8.48198919252  8.51480154617  8.56010739252  8.61896357688  8.69241929911  8.78136136990  8.88635595945  9.00750177292  9.14431038725  9.29562851335  9.45961393191  9.63377186854  9.81505210449 10.00000000000
 10.00000000000  9.80199907158  9.60790558083  9.42140104777  9.24573797852  9.08357941025  8.93689543013  8.80692394679  8.69419550099  8.59861508027  8.51958862973  8.45617873316  8.40727286329  8.37174838294  8.34862059103  8.33716293753  8.33699154014  8.34810897360  8.37090485236  8.40611308284  8.45472803334  8.51788447077  8.59670903072  8.69215409751  8.80482791091  8.93483693186  9.08165736067  9.24405166060  9.42004270333  9.60695280339  9.80150796254 10.00000000000
 10.00000000000  9.79082680752  9.58578216261  9.38875586988  9.20318436779  9.03188117259  8.87692753605  8.73963100765  8.62055167287  8.51958862973  8.43611369315  8.36913591786  8.31747939530  8.27995760928  8.25552986923  8.24342833160  8.24324729962  8.25498949009  8.27906664936  8.31625438751  8.36760360443  8.43431362919  8.51757527561  8.61839530449  8.73741689053  8.87475303547  9.02985078042  9.20140297317  9.38732092624  9.58477564940  9.79030799814 10.00000000000
 10.00000000000  9.78186102824  9.56802816739  9.36255847796  9.16903608359  8.99039530223  8.82880659591  8.68563336081  8.56145931667  8.45617873316  8.36913591786  8.29929684585  8.24543462796  8.20631138198  8.18084140332  8.16822365291  8.16803489813  8.18027796916  8.20538240170  8.24415732940  8.29769910055  8.36725895800  8.45407933574  8.55921075468  8.68332454338  8.82653905539  8.98827800793  9.16717842325  9.36106208762  9.56697854678  9.78131999694 10.00000000000
 10.00000000000  9.77494508515  9.55433333813  9.34235091445  9.14269591588  8.95839587398  8.79169006522  8.64398493467  8.51588237729  8.40727286329  8.31747939530  8.24543462796  8.18987226111  8.14951471473  8.12324150114  8.11022593307  8.11003122948  8.12266030751  8.14855644587  8.18855467863  8.24378647153  8.31554318744  8.40510716447  8.51356276901  8.64160313361  8.78935081560  8.95621159702  9.14077946813  9.34080715756  9.55325048693  9.77438692311 10.00000000000
 10.00000000000  9.76992084064  9.54438447492  9.32767089290  9.12356103568  8.93515017169  8.76472756940  8.61373092868  8.48277531259  8.37174838294  8.27995760928  8.20631138198  8.14951471473  8.10826113951  8.08140486086  8.06810053173  8.06790151452  8.08081078916  8.10728163160  8.14816791828  8.20462666508  8.27797842908  8.36953459255  8.48040416735  8.61129618171  8.76233629523  8.93291729649  9.12160193363  9.32609276706  9.54327751109  9.76935024808 10.00000000000
 10.00000000000  9.76664955297  9.53790679562  9.31811283970  9.11110258217  8.92001540517  8.74717312705  8.59403378796  8.46122100643  8.34862059103  8.25552986923  8.18084140332  8.12324150114  8.08140486086  8.05416918924  8.04067697598  8.04047515868  8.05356675792  8.08041156553  8.12187573955  8.17913295093  8.25352278938  8.34637557557  8.45881639719  8.59156466027  8.74474806878  8.91775096948  9.10911577870  9.31651239261  9.53678417129  9.76607088702 10.00000000000
 10.00000000000  9.76502883843  9.53469752764  9.31337746939  9.10493029838  8.91251725545  8.73847628544  8.58427550283  8.45054275925  8.33716293753  8.24342833160  8.16822365291  8.11022593307  8.06810053173  8.04067697598  8.02709172517  8.02688853158  8.04007043574  8.06710045949  8.10885084934  8.16650353317  8.24140753701  8.33490257207  8.44812169879  8.58178947267  8.73603461746  8.91023730284  9.10292987501  9.31176604746  9.53356720329  9.76444620288 10.00000000000
 10.00000000000  9.76500459831  9.53464952790  9.31330664316  9.10483797837  8.91240510123  8.73834619791  8.58412953391  8.45038302475  8.33699154014  8.24324729962  8.16803489813  8.11003122948  8.06790151452  8.04047515868  8.02688853158  8.02668533799  8.03986861844  8.06690144227  8.10865614575  8.16631477839  8.24122650502  8.33473117468  8.44796196429  8.58164350375  8.73590452993  8.91012514863  9.10283755500  9.31169522122  9.53351920355  9.76442196276 10.00000000000
 10.00000000000  9.76657719896  9.53776352165  9.31790143061  9.11082701548  8.91968063388  8.74678482452  8.59359807840  8.46074420488  8.34810897360  8.25498949009  8.18027796916  8.12266030751  8.08081078916  8.05356675792  8.04007043574  8.03986861844  8.05296432660  8.07981749383  8.12129454593  8.17856951676  8.25298241023  8.34586395813  8.45833959565  8.59112895071  8.74435976624  8.91741619819  9.10884021201  9.31630098353  9.53664089732  9.76599853301 10.00000000000
 10.00000000000  9.76980155381  9.54414826486  9.32732234960  9.12310671499  8.93459823752  8.76408737322  8.61301256554  8.48198919252  8.37090485236  8.27906664936  8.20538240170  8.14855644587  8.10728163160  8.08041156553  8.06710045949  8.06690144227  8.07981749383  8.10630212369  8.14720964942  8.20369768480  8.27708746917  8.36869106197  8.47961804729  8.61057781857  8.76169609905  8.93236536232  9.12114761294  9.32574422376  9.54304130103  9.76923096125 10.00000000000
