
 10.00000000000 10.00000000000 10.00000000000 10.00000000000 10.00000000000 10.00000000000 10.00000000000 10.00000000000 10.00000000000 10.00000000000 10.00000000000 10.00000000000 10.00000000000 10.00000000000 10.00000000000 10.00000000000 10.00000000000 10.00000000000 10.00000000000 10.00000000000 10.00000000000 10.00000000000 10.00000000000 10.00000000000 10.00000000000 10.00000000000 10.00000000000 10.00000000000 10.00000000000 10.00000000000 10.00000000000 10.00000000000
 10.00000000000 10.00000000000 10.00000000000 10.00000000000 10.00000000000 10.00000000000 10.00000000000 10.00000000000 10.00000000000 10.00000000000 10.00000000000 10.00000000000 10.00000000000 10.00000000000 10.00000000000 10.00000000000 10.00000000000 10.00000000000 10.00000000000 10.00000000000 10.00000000000 10.00000000000 10.00000000000 10.00000000000 10.00000000000 10.00000000000 10.00000000000 10.00000000000 10.00000000000 10.00000000000 10.00000000000 10.00000000000
 10.00000000000 10.00000000000 10.00000000000 10.00000000000 10.00000000000 10.00000000000 10.00000000000 10.00000000000 10.00000000000 10.00000000000 10.00000000000 10.00000000000 10.00000000000 10.00000000000 10.00000000000 10.00000000000 10.00000000000 10.00000000000 10.00000000000 10.00000000000 10.00000000000 10.00000000000 10.00000000000 10.00000000000 10.00000000000 10.00000000000 10.00000000000 10.00000000000 10.00000000000 10.00000000000 10.00000000000 10.00000000000
 10.00000000000 10.00000000000 10.00000000000 10.00000000000 10.00000000000 10.00000000000 10.00000000000 10.00000000000 10.00000000000 10.00000000000 10.00000000000 10.00000000000 10.00000000000 10.00000000000 10.00000000000 10.00000000000 10.00000000000 10.00000000000 10.00000000000 10.00000000000 10.00000000000 10.00000000000 10.00000000000 10.00000000000 10.00000000000 10.00000000000 10.00000000000 10.00000000000 10.00000000000 10.00000000000 10.00000000000 10.00000000000
 10.00000000000 10.00000000000 10.00000000000 10.00000000000 10.00000000000 10.00000000000 10.00000000000 10.00000000000 10.00000000000 10.00000000000 10.00000000000 10.00000000000 10.00000000000 10.00000000000 10.00000000000 10.00000000000 10.00000000000 10.00000000000 10.00000000000 10.00000000000 10.00000000000 10.00000000000 10.00000000000 10.00000000000 10.00000000000 10.00000000000 10.00000000000 10.00000000000 10.00000000000 10.00000000000 10.00000000000 10.00000000000
 10.00000000000 10.00000000000 10.00000000000 10.00000000000 10.00000000000 10.00000000000 10.00000000000 10.00000000000 10.00000000000 10.00000000000 10.00000000000 10.00000000000 10.00000000000 10.00000000000 10.00000000000 10.00000000000 10.00000000000 10.00000000000 10.00000000000 10.00000000000 10.00000000000 10.00000000000 10.00000000000 10.00000000000 10.00000000000 10.00000000000 10.00000000000 10.00000000000 10.00000000000 10.00000000000 10.00000000000 10.00000000000
 10.00000000000 10.00000000000 10.00000000000 10.00000000000 10.00000000000 10.00000000000 10.00000000000 10.00000000000 10.00000000000 10.00000000000 10.00000000000 10.00000000000 10.00000000000 10.00000000000 10.00000000000 10.00000000000 10.00000000000 10.00000000000 10.00000000000 10.00000000000 10.00000000000 10.00000000000 10.00000000000 10.00000000000 10.00000000000 10.00000000000 10.00000000000 10.00000000000 10.00000000000 10.00000000000 10.00000000000 10.00000000000
 10.00000000000 10.00000000000 10.00000000000 10.00000000000 10.00000000000 10.00000000000 10.00000000000 10.00000000000 10.00000000000 10.00000000000 10.00000000000 10.00000000000 10.00000000000 10.00000000000 10.00000000000 10.00000000000 10.00000000000 10.00000000000 10.00000000000 10.00000000000 10.00000000000 10.00000000000 10.00000000000 10.00000000000 10.00000000000 10.00000000000 10.00000000000 10.00000000000 10.00000000000 10.00000000000 10.00000000000 10.00000000000
 10.00000000000 10.00000000000 10.00000000000 10.00000000000 10.00000000000 10.00000000000 10.00000000000 10.00000000000 10.00000000000 10.00000000000 10.00000000000 10.00000000000 10.00000000000 10.00000000000 10.00000000000 10.00000000000 10.00000000000 10.00000000000 10.00000000000 10.00000000000 10.00000000000 10.00000000000 10.00000000000 10.00000000000 10.00000000000 10.00000000000 10.00000000000 10.00000000000 10.00000000000 10.00000000000 10.00000000000 10.00000000000
 10.00000000000 10.00000000000 10.00000000000 10.00000000000 10.00000000000 10.00000000000 10.00000000000 10.00000000000 10.00000000000 10.00000000000 10.00000000000 10.00000000000 10.00000000000 10.00000000000 10.00000000000 10.00000000000 10.00000000000 10.00000000000 10.00000000000 10.00000000000 10.00000000000 10.00000000000 10.00000000000 10.00000000000 10.00000000000 10.00000000000 10.00000000000 10.00000000000 10.00000000000 10.00000000000 10.00000000000 10.00000000000
 10.00000000000 10.00000000000 10.00000000000 10.00000000000 10.00000000000 10.00000000000 10.00000000000 10.00000000000 10.00000000000 10.00000000000 10.00000000000 10.00000000000 10.00000000000 10.00000000000 10.00000000000 10.00000000000 10.00000000000 10.00000000000 10.00000000000 10.00000000000 10.00000000000 10.00000000000 10.00000000000 10.00000000000 10.00000000000 10.00000000000 10.00000000000 10.00000000000 10.00000000000 10.00000000000 10.00000000000 10.00000000000
 10.00000000000 10.00000000000 10.00000000000 10.00000000000 10.00000000000 10.00000000000 10.00000000000 10.00000000000 10.00000000000 10.00000000000 10.00000000000 10.00000000000 10.00000000000 10.00000000000 10.00000000000 10.00000000000 10.00000000000 10.00000000000 10.00000000000 10.00000000000 10.00000000000 10.00000000000 10.00000000000 10.00000000000 10.00000000000 10.00000000000 10.00000000000 10.00000000000 10.00000000000 10.00000000000 10.00000000000 10.00000000000
 10.00000000000 10.00000000000 10.00000000000 10.00000000000 10.00000000000 10.00000000000 10.00000000000 10.00000000000 10.00000000000 10.00000000000 10.00000000000 10.00000000000 10.00000000000 10.00000000000 10.00000000000 10.00000000000 10.00000000000 10.00000000000 10.00000000000 10.00000000000 10.00000000000 10.00000000000 10.00000000000 10.00000000000 10.00000000000 10.00000000000 10.00000000000 10.00000000000 10.00000000000 10.00000000000 10.00000000000 10.00000000000
 10.00000000000 10.00000000000 10.00000000000 10.00000000000 10.00000000000 10.00000000000 10.00000000000 10.00000000000 10.00000000000 10.00000000000 10.00000000000 10.00000000000 10.00000000000 10.00000000000 10.00000000000 10.00000000000 10.00000000000 10.00000000000 10.00000000000 10.00000000000 10.00000000000 10.00000000000 10.00000000000 10.00000000000 10.00000000000 10.00000000000 10.00000000000 10.00000000000 10.00000000000 10.00000000000 10.00000000000 10.00000000000
 10.00000000000 10.00000000000 10.00000000000 10.00000000000 10.00000000000 10.00000000000 10.00000000000 10.00000000000 10.00000000000 10.00000000000 10.00000000000 10.00000000000 10.00000000000 10.00000000000 10.00000000000 10.00000000000 10.00000000000 10.00000000000 10.00000000000 10.00000000000 10.00000000000 10.00000000000 10.00000000000 10.00000000000 10.00000000000 10.00000000000 10.00000000000 10.00000000000 10.00000000000 10.00000000000 10.00000000000 10.00000000000
 10.00000000000 10.00000000000 10.00000000000 10.00000000000 10.00000000000 10.00000000000 10.00000000000 10.00000000000 10.00000000000 10.00000000000 10.00000000000 10.00000000000 10.00000000000 10.00000000000 10.00000000000 10.00000000000 10.00000000000 10.00000000000 10.00000000000 10.00000000000 10.00000000000 10.00000000000 10.00000000000 10.00000000000 10.00000000000 10.00000000000 10.00000000000 10.00000000000 10.00000000000 10.00000000000 10.00000000000 10.00000000000
 10.00000000000 10.00000000000 10.00000000000 10.00000000000 10.00000000000 10.00000000000 10.00000000000 10.00000000000 10.00000000000 10.00000000000 10.00000000000 10.00000000000 10.00000000000 10.00000000000 10.00000000000 10.00000000000 10.00000000000 10.00000000000 10.00000000000 10.00000000000 10.00000000000 10.00000000000 10.00000000000 10.00000000000 10.00000000000 10.00000000000 10.00000000000 10.00000000000 10.00000000000 10.00000000000 10.00000000000 10.00000000000
 10.00000000000 10.00000000000 10.00000000000 10.00000000000 10.00000000000 10.00000000000 10.00000000000 10.00000000000 10.00000000000 10.00000000000 10.00000000000 10.00000000000 10.00000000000 10.00000000000 10.00000000000 10.00000000000 10.00000000000 10.00000000000 10.00000000000 10.00000000000 10.00000000000 10.00000000000 10.00000000000 10.00000000000 10.00000000000 10.00000000000 10.00000000000 10.00000000000 10.00000000000 10.00000000000 10.00000000000 10.00000000000
 10.00000000000 10.00000000000 10.00000000000 10.00000000000 10.00000000000 10.00000000000 10.00000000000 10.00000000000 10.00000000000 10.00000000000 10.00000000000 10.00000000000 10.00000000000 10.00000000000 10.00000000000 10.00000000000 10.00000000000 10.00000000000 10.00000000000 10.00000000000 10.00000000000 10.00000000000 10.00000000000 10.00000000000 10.00000000000 10.00000000000 10.00000000000 10.00000000000 10.00000000000 10.00000000000 10.00000000000 10.00000000000
 10.00000000000 10.00000000000 10.00000000000 10.00000000000 10.00000000000 10.00000000000 10.00000000000 10.00000000000 10.00000000000 10.00000000000 10.00000000000 10.00000000000 10.00000000000 10.00000000000 10.00000000000 10.00000000000 10.00000000000 10.00000000000 10.00000000000 10.00000000000 10.00000000000 10.00000000000 10.00000000000 10.00000000000 10.00000000000 10.00000000000 10.00000000000 10.00000000000 10.00000000000 10.00000000000 10.00000000000 10.00000000000
 10.00000000000 10.00000000000 10.00000000000 10.00000000000 10.00000000000 10.00000000000 10.00000000000 10.00000000000 10.00000000000 10.00000000000 10.00000000000 10.00000000000 10.00000000000 10.00000000000 10.00000000000 10.00000000000 10.00000000000 10.00000000000 10.00000000000 10.00000000000 10.00000000000 10.00000000000 10.00000000000 10.00000000000 10.00000000000 10.00000000000 10.00000000000 10.00000000000 10.00000000000 10.00000000000 10.00000000000 10.00000000000
 10.00000000000 10.00000000000 10.00000000000 10.00000000000 10.00000000000 10.00000000000 10.00000000000 10.00000000000 10.00000000000 10.00000000000 10.00000000000 10.00000000000 10.00000000000 10.00000000000 10.00000000000 10.00000000000 10.00000000000 10.00000000000 10.00000000000 10.00000000000 10.00000000000 10.00000000000 10.00000000000 10.00000000000 10.00000000000 10.00000000000 10.00000000000 10.00000000000 10.00000000000 10.00000000000 10.00000000000 10.00000000000
 10.00000000000 10.00000000000 10.00000000000 10.00000000000 10.00000000000 10.00000000000 10.00000000000 10.00000000000 10.00000000000 10.00000000000 10.00000000000 10.00000000000 10.00000000000 10.00000000000 10.00000000000 10.00000000000 10.00000000000 10.00000000000 10.00000000000 10.00000000000 10.00000000000 10.00000000000 10.00000000000 10.00000000000 10.00000000000 10.00000000000 10.00000000000 10.00000000000 10.00000000000 10.00000000000 10.00000000000 10.00000000000
 10.00000000000 10.00000000000 10.00000000000 10.00000000000 10.00000000000 10.00000000000 10.00000000000 10.00000000000 10.00000000000 10.00000000000 10.00000000000 10.00000000000 10.00000000000 10.00000000000 10.00000000000 10.00000000000 10.00000000000 10.00000000000 10.00000000000 10.00000000000 10.00000000000 10.00000000000 10.00000000000 10.00000000000 10.00000000000 10.00000000000 10.00000000000 10.00000000000 10.00000000000 10.00000000000 10.00000000000 10.00000000000
 10.00000000000 10.00000000000 10.00000000000 10.00000000000 10.00000000000 10.00000000000 10.00000000000 10.00000000000 10.00000000000 10.00000000000 10.00000000000 10.00000000000 10.00000000000 10.00000000000 10.00000000000 10.00000000000 10.00000000000 10.00000000000 10.00000000000 10.00000000000 10.00000000000 10.00000000000 10.00000000000 10.00000000000 10.00000000000 10.00000000000 10.00000000000 10.00000000000 10.00000000000 10.00000000000 10.00000000000 10.00000000000
 10.00000000000 10.00000000000 10.00000000000 10.00000000000 10.00000000000 10.00000000000 10.00000000000 10.00000000000 10.00000000000 10.00000000000 10.00000000000 10.00000000000 10.00000000000 10.00000000000 10.00000000000 10.00000000000 10.00000000000 10.00000000000 10.00000000000 10.00000000000 10.00000000000 10.00000000000 10.00000000000 10.00000000000 10.00000000000 10.00000000000 10.00000000000 10.00000000000 10.00000000000 10.00000000000 10.00000000000 10.00000000000
 10.00000000000 10.00000000000 10.00000000000 10.00000000000 10.00000000000 10.00000000000 10.00000000000 10.00000000000 10.00000000000 10.00000000000 10.00000000000 10.00000000000 10.00000000000 10.00000000000 10.00000000000 10.00000000000 10.00000000000 10.00000000000 10.00000000000 10.00000000000 10.00000000000 10.00000000000 10.00000000000 10.00000000000 10.00000000000 10.00000000000 10.00000000000 10.00000000000 10.00000000000 10.00000000000 10.00000000000 10.00000000000
 10.00000000000 10.00000000000 10.00000000000 10.00000000000 10.00000000000 10.00000000000 10.00000000000 10.00000000000 10.00000000000 10.00000000000 10.00000000000 10.00000000000 10.00000000000 10.00000000000 10.00000000000 10.00000000000 10.00000000000 10.00000000000 10.00000000000 10.00000000000 10.00000000000 10.00000000000 10.00000000000 10.00000000000 10.00000000000 10.00000000000 10.00000000000 10.00000000000 10.00000000000 10.00000000000 10.00000000000 10.00000000000
 10.00000000000 10.00000000000 10.00000000000 10.00000000000 10.00000000000 10.00000000000 10.00000000000 10.00000000000 10.00000000000 10.00000000000 10.00000000000 10.00000000000 10.00000000000 10.00000000000 10.00000000000 10.00000000000 10.00000000000 10.00000000000 10.00000000000 10.00000000000 10.00000000000 10.00000000000 10.00000000000 10.00000000000 10.00000000000 10.00000000000 10.00000000000 10.00000000000 10.00000000000 10.00000000000 10.00000000000 10.00000000000
 10.00000000000 10.00000000000 10.00000000000 10.00000000000 10.00000000000 10.00000000000 10.00000000000 10.00000000000 10.00000000000 10.00000000000 10.00000000000 10.00000000000 10.00000000000 10.00000000000 10.00000000000 10.00000000000 10.00000000000 10.00000000000 10.00000000000 10.00000000000 10.00000000000 10.00000000000 10.00000000000 10.00000000000 10.00000000000 10.00000000000 10.00000000000 10.00000000000 10.00000000000 10.00000000000 10.00000000000 10.00000000000
 10.00000000000 10.00000000000 10.00000000000 10.00000000000 10.00000000000 10.00000000000 10.00000000000 10.00000000000 10.00000000000 10.00000000000 10.00000000000 10.00000000000 10.00000000000 10.00000000000 10.00000000000 10.00000000000 10.00000000000 10.00000000000 10.00000000000 10.00000000000 10.00000000000 10.00000000000 10.00000000000 10.00000000000 10.00000000000 10.00000000000 10.00000000000 10.00000000000 10.00000000000 10.00000000000 10.00000000000 10.00000000000
 10.00000000000 10.00000000000 10.00000000000 10.00000000000 10.00000000000 10.00000000000 10.00000000000 10.00000000000 10.00000000000 10.00000000000 10.00000000000 10.00000000000 10.00000000000 10.00000000000 10.00000000000 10.00000000000 10.00000000000 10.00000000000 10.00000000000 10.00000000000 10.00000000000 10.00000000000 10.00000000000 10.00000000000 10.00000000000 10.00000000000 10.00000000000 10.00000000000 10.00000000000 10.00000000000 10.00000000000 10.00000000000

 10.00000000000 10.00000000000 10.00000000000 10.00000000000 10.00000000000 10.00000000000 10.00000000000 10.00000000000 10.00000000000 10.00000000000 10.00000000000 10.00000000000 10.00000000000 10.00000000000 10.00000000000 10.00000000000 10.00000000000 10.00000000000 10.00000000000 10.00000000000 10.00000000000 10.00000000000 10.00000000000 10.00000000000 10.00000000000 10.00000000000 10.00000000000 10.00000000000 10.00000000000 10.00000000000 10.00000000000 10.00000000000
 10.00000000000  9.99942210526  9.99885061642  9.99829182886  9.99775182248  9.99723636724  9.99675084322  9.99630017783  9.99588880141  9.99552062060  9.99519900809  9.99492680554  9.99470633637  9.99453942431  9.99442741398  9.99437118966  9.99437118966  9.99442741397  9.99453942430  9.99470633635  9.99492680553  9.99519900807  9.99552062058  9.99588880138  9.99630017781  9.99675084320  9.99723636722  9.99775182247  9.99829182885  9.99885061641  9.99942210526 10.00000000000
 10.00000000000  9.99885061642  9.99771397214  9.99660258682  9.99552855184  9.99450334256  9.99353765938  9.99264130291  9.99182308551  9.99109077847  9.99045109125  9.98990967736  9.98947115953  9.98913916658  9.98891637408  9.98880454171  9.98880454171  9.98891637406  9.98913916656  9.98947115949  9.98990967732  9.99045109121  9.99109077843  9.99182308547  9.99264130286  9.99353765933  9.99450334252  9.99552855181  9.99660258679  9.99771397212  9.99885061641 10.00000000000
 10.00000000000  9.99829182886  9.99660258682  9.99495087694  9.99335466654  9.99183100843  9.99039580484  9.98906362200  9.98784755857  9.98675916691  9.98580842204  9.98500372999  9.98435196492  9.98385852355  9.98352738525  9.98336116739  9.98336116738  9.98352738523  9.98385852352  9.98435196488  9.98500372994  9.98580842198  9.98675916684  9.98784755851  9.98906362193  9.99039580477  9.99183100837  9.99335466649  9.99495087690  9.99660258679  9.99829182885 10.00000000000
 10.00000000000  9.99775182248  9.99552855184  9.99335466654  9.99125380962  9.98924842225  9.98735943337  9.98560601564  9.98400541223  9.98257283281  9.98132141227  9.98026222109  9.97940431368  9.97875479932  9.97831892078  9.97810012672  9.97810012671  9.97831892075  9.97875479928  9.97940431363  9.98026222102  9.98132141219  9.98257283272  9.98400541214  9.98560601555  9.98735943328  9.98924842218  9.99125380956  9.99335466649  9.99552855180  9.99775182247 10.00000000000
 10.00000000000  9.99723636724  9.99450334256  9.99183100843  9.98924842225  9.98678316665  9.98446096832  9.98230539819  9.98033765823  9.97857645315  9.97703793896  9.97573573486  9.97468098176  9.97388242862  9.97334652828  9.97307752585  9.97307752584  9.97334652824  9.97388242856  9.97468098169  9.97573573477  9.97703793886  9.97857645304  9.98033765812  9.98230539808  9.98446096821  9.98678316655  9.98924842217  9.99183100836  9.99450334252  9.99723636722 10.00000000000
 10.00000000000  9.99675084322  9.99353765938  9.99039580484  9.98735943337  9.98446096832  9.98173065514  9.97919620898  9.97688256373  9.97481172061  9.97300268670  9.97147148789  9.97023123636  9.96929223099  9.96866206898  9.96834574886  9.96834574885  9.96866206894  9.96929223092  9.97023123627  9.97147148779  9.97300268659  9.97481172048  9.97688256360  9.97919620886  9.98173065502  9.98446096820  9.98735943327  9.99039580476  9.99353765933  9.99675084319 10.00000000000
 10.00000000000  9.99630017783  9.99264130291  9.98906362200  9.98560601564  9.98230539819  9.97919620898  9.97631001120  9.97367520581  9.97131685836  9.96925662787  9.96751278014  9.96610026320  9.96503082018  9.96431311511  9.96395284916  9.96395284915  9.96431311506  9.96503082011  9.96610026310  9.96751278002  9.96925662774  9.97131685822  9.97367520566  9.97631001105  9.97919620884  9.98230539807  9.98560601554  9.98906362192  9.99264130285  9.99630017780 10.00000000000
 10.00000000000  9.99588880141  9.99182308551  9.98784755857  9.98400541223  9.98033765823  9.97688256373  9.97367520581  9.97074715320  9.96812627295  9.96583665010  9.96389860093  9.96232875510  9.96114017946  9.96034251630  9.95994211138  9.95994211136  9.96034251625  9.96114017938  9.96232875500  9.96389860080  9.96583664995  9.96812627279  9.97074715303  9.97367520564  9.97688256358  9.98033765809  9.98400541211  9.98784755848  9.99182308545  9.99588880137 10.00000000000
 10.00000000000  9.99552062060  9.99109077847  9.98675916691  9.98257283281  9.97857645315  9.97481172061  9.97131685836  9.96812627295  9.96527034264  9.96277532854  9.96066338735  9.95895265906  9.95765740006  9.95678813223  9.95635178108  9.95635178107  9.95678813217  9.95765739997  9.95895265894  9.96066338721  9.96277532837  9.96527034246  9.96812627277  9.97131685818  9.97481172044  9.97857645300  9.98257283268  9.98675916681  9.99109077840  9.99552062057 10.00000000000
 10.00000000000  9.99519900809  9.99045109125  9.98580842204  9.98132141227  9.97703793896  9.97300268670  9.96925662787  9.96583665010  9.96277532854  9.96010082917  9.95783692075  9.95600306702  9.95461456756  9.95368271597  9.95321494662  9.95321494660  9.95368271591  9.95461456747  9.95600306690  9.95783692060  9.96010082899  9.96277532835  9.96583664990  9.96925662768  9.97300268652  9.97703793879  9.98132141213  9.98580842193  9.99045109118  9.99519900806 10.00000000000
 10.00000000000  9.99492680554  9.98990967736  9.98500372999  9.98026222109  9.97573573486  9.97147148789  9.96751278014  9.96389860093  9.96066338735  9.95783692075  9.95544433777  9.95350622600  9.95203877115  9.95105392262  9.95055954741  9.95055954739  9.95105392256  9.95203877105  9.95350622587  9.95544433761  9.95783692056  9.96066338715  9.96389860072  9.96751277994  9.97147148770  9.97573573469  9.98026222094  9.98500372987  9.98990967728  9.99492680550 10.00000000000
 10.00000000000  9.99470633637  9.98947115953  9.98435196492  9.97940431368  9.97468098176  9.97023123636  9.96610026320  9.96232875510  9.95895265906  9.95600306702  9.95350622600  9.95148363633  9.94995220371  9.94892441063  9.94840847578  9.94840847576  9.94892441056  9.94995220361  9.95148363619  9.95350622583  9.95600306683  9.95895265885  9.96232875489  9.96610026298  9.97023123615  9.97468098158  9.97940431353  9.98435196480  9.98947115944  9.99470633632 10.00000000000
 10.00000000000  9.99453942431  9.98913916658  9.98385852355  9.97875479932  9.97388242862  9.96929223099  9.96503082018  9.96114017946  9.95765740006  9.95461456756  9.95203877115  9.94995220371  9.94837231746  9.94731199964  9.94677973608  9.94677973605  9.94731199957  9.94837231735  9.94995220357  9.95203877097  9.95461456736  9.95765739985  9.96114017924  9.96503081996  9.96929223078  9.97388242843  9.97875479916  9.98385852343  9.98913916649  9.99453942427 10.00000000000
 10.00000000000  9.99442741398  9.98891637408  9.98352738525  9.97831892078  9.97334652828  9.96866206898  9.96431311511  9.96034251630  9.95678813223  9.95368271597  9.95105392262  9.94892441063  9.94731199964  9.94622984911  9.94568662456  9.94568662454  9.94622984904  9.94731199953  9.94892441048  9.95105392245  9.95368271576  9.95678813201  9.96034251608  9.96431311488  9.96866206877  9.97334652809  9.97831892061  9.98352738512  9.98891637399  9.99442741393 10.00000000000
 10.00000000000  9.99437118966  9.98880454171  9.98336116739  9.97810012672  9.97307752585  9.96834574886  9.96395284916  9.95994211138  9.95635178108  9.95321494662  9.95055954741  9.94840847578  9.94677973608  9.94568662456  9.94513789709  9.94513789707  9.94568662450  9.94677973597  9.94840847564  9.95055954723  9.95321494642  9.95635178086  9.95994211115  9.96395284894  9.96834574865  9.97307752565  9.97810012656  9.98336116726  9.98880454162  9.99437118961 10.00000000000
 10.00000000000  9.99437118966  9.98880454171  9.98336116738  9.97810012671  9.97307752584  9.96834574885  9.96395284915  9.95994211136  9.95635178107  9.95321494660  9.95055954739  9.94840847576  9.94677973605  9.94568662454  9.94513789707  9.94513789704  9.94568662447  9.94677973594  9.94840847561  9.95055954721  9.95321494640  9.95635178084  9.95994211114  9.96395284892  9.96834574864  9.97307752564  9.97810012655  9.98336116725  9.98880454162  9.99437118961 10.00000000000
 10.00000000000  9.99442741397  9.98891637406  9.98352738523  9.97831892075  9.97334652824  9.96866206894  9.96431311506  9.96034251625  9.95678813217  9.95368271591  9.95105392256  9.94892441056  9.94731199957  9.94622984904  9.94568662450  9.94568662447  9.94622984897  9.94731199946  9.94892441041  9.95105392238  9.95368271570  9.95678813195  9.96034251603  9.96431311484  9.96866206873  9.97334652805  9.97831892059  9.98352738510  9.98891637397  9.99442741393 10.00000000000
 10.00000000000  9.99453942430  9.98913916656  9.98385852352  9.97875479928  9.97388242856  9.96929223092  9.96503082011  9.96114017938  9.95765739997  9.95461456747  9.95203877105  9.94995220361  9.94837231735  9.94731199953  9.94677973597  9.94677973594  9.94731199946  9.94837231724  9.94995220346  9.95203877087  9.95461456727  9.95765739976  9.96114017916  9.96503081989  9.96929223072  9.97388242838  9.97875479912  9.98385852339  9.98913916647  9.99453942426 10.00000000000
 10.00000000000  9.99470633635  9.98947115949  9.98435196488  9.97940431363  9.97468098169  9.97023123627  9.96610026310  9.96232875500  9.95895265894  9.95600306690  9.95350622587  9.95148363619  9.94995220357  9.94892441048  9.94840847564  9.94840847561  9.94892441041  9.94995220346  9.95148363605  9.95350622570  9.95600306670  9.95895265873  9.96232875478  9.96610026289  9.97023123607  9.97468098151  9.97940431347  9.98435196476  9.98947115941  9.99470633631 10.00000000000
 10.00000000000  9.99492680553  9.98990967732  9.98500372994  9.98026222102  9.97573573477  9.97147148779  9.96751278002  9.96389860080  9.96066338721  9.95783692060  9.95544433761  9.95350622583  9.95203877097  9.95105392245  9.95055954723  9.95055954721  9.95105392238  9.95203877087  9.95350622570  9.95544433745  9.95783692041  9.96066338701  9.96389860059  9.96751277982  9.97147148760  9.97573573460  9.98026222087  9.98500372982  9.98990967724  9.99492680548 10.00000000000
 10.00000000000  9.99519900807  9.99045109121  9.98580842198  9.98132141219  9.97703793886  9.97300268659  9.96925662774  9.96583664995  9.96277532837  9.96010082899  9.95783692056  9.95600306683  9.95461456736  9.95368271576  9.95321494642  9.95321494640  9.95368271570  9.95461456727  9.95600306670  9.95783692041  9.96010082882  9.96277532819  9.96583664975  9.96925662754  9.97300268640  9.97703793869  9.98132141204  9.98580842187  9.99045109113  9.99519900803 10.00000000000
 10.00000000000  9.99552062058  9.99109077843  9.98675916684  9.98257283272  9.97857645304  9.97481172048  9.97131685822  9.96812627279  9.96527034246  9.96277532835  9.96066338715  9.95895265885  9.95765739985  9.95678813201  9.95635178086  9.95635178084  9.95678813195  9.95765739976  9.95895265873  9.96066338701  9.96277532819  9.96527034229  9.96812627260  9.97131685804  9.97481172031  9.97857645289  9.98257283259  9.98675916674  9.99109077835  9.99552062054 10.00000000000
 10.00000000000  9.99588880138  9.99182308547  9.98784755851  9.98400541214  9.98033765812  9.97688256360  9.97367520566  9.97074715303  9.96812627277  9.96583664990  9.96389860072  9.96232875489  9.96114017924  9.96034251608  9.95994211115  9.95994211114  9.96034251603  9.96114017916  9.96232875478  9.96389860059  9.96583664975  9.96812627260  9.97074715287  9.97367520550  9.97688256345  9.98033765798  9.98400541202  9.98784755841  9.99182308540  9.99588880135 10.00000000000
 10.00000000000  9.99630017781  9.99264130286  9.98906362193  9.98560601555  9.98230539808  9.97919620886  9.97631001105  9.97367520564  9.97131685818  9.96925662768  9.96751277994  9.96610026298  9.96503081996  9.96431311488  9.96395284894  9.96395284892  9.96431311484  9.96503081989  9.96610026289  9.96751277982  9.96925662754  9.97131685804  9.97367520550  9.97631001090  9.97919620872  9.98230539796  9.98560601545  9.98906362185  9.99264130280  9.99630017778 10.00000000000
 10.00000000000  9.99675084320  9.99353765933  9.99039580477  9.98735943328  9.98446096821  9.98173065502  9.97919620884  9.97688256358  9.97481172044  9.97300268652  9.97147148770  9.97023123615  9.96929223078  9.96866206877  9.96834574865  9.96834574864  9.96866206873  9.96929223072  9.97023123607  9.97147148760  9.97300268640  9.97481172031  9.97688256345  9.97919620872  9.98173065490  9.98446096810  9.98735943319  9.99039580470  9.99353765928  9.99675084317 10.00000000000
 10.00000000000  9.99723636722  9.99450334252  9.99183100837  9.98924842218  9.98678316655  9.98446096820  9.98230539807  9.98033765809  9.97857645300  9.97703793879  9.97573573469  9.97468098158  9.97388242843  9.97334652809  9.97307752565  9.97307752564  9.97334652805  9.97388242838  9.97468098151  9.97573573460  9.97703793869  9.97857645289  9.98033765798  9.98230539796  9.98446096810  9.98678316646  9.98924842210  9.99183100830  9.99450334248  9.99723636720 10.00000000000
 10.00000000000  9.99775182247  9.99552855181  9.99335466649  9.99125380956  9.98924842217  9.98735943327  9.98560601554  9.98400541211  9.98257283268  9.98132141213  9.98026222094  9.97940431353  9.97875479916  9.97831892061  9.97810012656  9.97810012655  9.97831892059  9.97875479912  9.97940431347  9.98026222087  9.98132141204  9.98257283259  9.98400541202  9.98560601545  9.98735943319  9.98924842210  9.99125380949  9.99335466644  9.99552855177  9.99775182245 10.00000000000
 10.00000000000  9.99829182885  9.99660258679  9.99495087690  9.99335466649  9.99183100836  9.99039580476  9.98906362192  9.98784755848  9.98675916681  9.98580842193  9.98500372987  9.98435196480  9.98385852343  9.98352738512  9.98336116726  9.98336116725  9.98352738510  9.98385852339  9.98435196476  9.98500372982  9.98580842187  9.98675916674  9.98784755841  9.98906362185  9.99039580470  9.99183100830  9.99335466644  9.99495087686  9.99660258676  9.99829182884 10.00000000000
 10.00000000000  9.99885061641  9.99771397212  9.99660258679  9.99552855180  9.99450334252  9.99353765933  9.99264130285  9.99182308545  9.99109077840  9.99045109118  9.98990967728  9.98947115944  9.98913916649  9.98891637399  9.98880454162  9.98880454162  9.98891637397  9.98913916647  9.98947115941  9.98990967724  9.99045109113  9.99109077835  9.99182308540  9.99264130280  9.99353765928  9.99450334248  9.99552855177  9.99660258676  9.99771397210  9.99885061640 10.00000000000
 10.00000000000  9.99942210526  9.99885061641  9.99829182885  9.99775182247  9.99723636722  9.99675084319  9.99630017780  9.99588880137  9.99552062057  9.99519900806  9.99492680550  9.99470633632  9.99453942427  9.99442741393  9.99437118961  9.99437118961  9.99442741393  9.99453942426  9.99470633631  9.99492680548  9.99519900803  9.99552062054  9.99588880135  9.99630017778  9.99675084317  9.99723636720  9.99775182245  9.99829182884  9.99885061640  9.99942210525 10.00000000000
 10.00000000000 10.00000000000 10.00000000000 10.00000000000 10.00000000000 10.00000000000 10.00000000000 10.00000000000 10.00000000000 10.00000000000 10.00000000000 10.00000000000 10.00000000000 10.00000000000 10.00000000000 10.00000000000 10.00000000000 10.00000000000 10.00000000000 10.00000000000 10.00000000000 10.00000000000 10.00000000000 10.00000000000 10.00000000000 10.00000000000 10.00000000000 10.00000000000 10.00000000000 10.00000000000 10.00000000000 10.00000000000

 10.00000000000 10.00000000000 10.00000000000 10.00000000000 10.00000000000 10.00000000000 10.00000000000 10.00000000000 10.00000000000 10.00000000000 10.00000000000 10.00000000000 10.00000000000 10.00000000000 10.00000000000 10.00000000000 10.00000000000 10.00000000000 10.00000000000 10.00000000000 10.00000000000 10.00000000000 10.00000000000 10.00000000000 10.00000000000 10.00000000000 10.00000000000 10.00000000000 10.00000000000 10.00000000000 10.00000000000 10.00000000000
 10.00000000000  9.99883151223  9.99767601809  9.99654628329  9.99545462936  9.99441273962  9.99343149572  9.99252085020  9.99168973758  9.99094602276  9.99029648320  9.98974681863  9.98930168081  9.98896471498  9.98873860472  9.98862511300  9.98862511299  9.98873860471  9.98896471495  9.98930168078  9.98974681859  9.99029648316  9.99094602272  9.99168973754  9.99252085016  9.99343149567  9.99441273958  9.99545462932  9.99654628326  9.99767601807  9.99883151222 10.00000000000
 10.00000000000  9.99767601809  9.99537787569  9.99313095934  9.99095977289  9.98888755174  9.98693593790  9.98512472667  9.98347168956  9.98199247167  9.98070055585  9.97960728186  9.97872190512  9.97805167891  9.97760194335  9.97737620671  9.97737620670  9.97760194332  9.97805167886  9.97872190506  9.97960728179  9.98070055577  9.98199247158  9.98347168947  9.98512472657  9.98693593781  9.98888755166  9.99095977282  9.99313095929  9.99537787565  9.99767601807 10.00000000000
 10.00000000000  9.99654628329  9.99313095934  9.98979174866  9.98656506151  9.98348542535  9.98058500222  9.97789321232  9.97543647078  9.97323803459  9.97131794896  9.96969307484  9.96837717571  9.96738103883  9.96671260696  9.96637709857  9.96637709856  9.96671260692  9.96738103876  9.96837717562  9.96969307473  9.97131794883  9.97323803446  9.97543647064  9.97789321219  9.98058500209  9.98348542524  9.98656506141  9.98979174858  9.99313095929  9.99654628326 10.00000000000
 10.00000000000  9.99545462936  9.99095977289  9.98656506151  9.98231840464  9.97826523763  9.97444788725  9.97090507646  9.96767157760  9.96477801030  9.96225076974  9.96011206178  9.95838001571  9.95706884262  9.95618900758  9.95574738690  9.95574738688  9.95618900753  9.95706884253  9.95838001559  9.96011206164  9.96225076958  9.96477801012  9.96767157742  9.97090507628  9.97444788708  9.97826523748  9.98231840451  9.98656506141  9.99095977282  9.99545462932 10.00000000000
 10.00000000000  9.99441273962  9.98888755174  9.98348542535  9.97826523763  9.97328283033  9.96859023076  9.96423504327  9.96026002247  9.95670282377  9.95359591363  9.95096661090  9.94883722345  9.94722524096  9.94614354477  9.94560059987  9.94560059985  9.94614354471  9.94722524085  9.94883722331  9.95096661072  9.95359591343  9.95670282356  9.96026002225  9.96423504305  9.96859023055  9.97328283015  9.97826523747  9.98348542523  9.98888755165  9.99441273958 10.00000000000
 10.00000000000  9.99343149572  9.98693593790  9.98058500222  9.97444788725  9.96859023076  9.96307319503  9.95795275185  9.95327918007  9.94909677098  9.94544372076  9.94235217657  9.93984839462  9.93795296422  9.93668105223  9.93604262686  9.93604262683  9.93668105215  9.93795296409  9.93984839445  9.94235217636  9.94544372052  9.94909677073  9.95327917981  9.95795275159  9.96307319479  9.96859023054  9.97444788706  9.98058500207  9.98693593779  9.99343149566 10.00000000000
 10.00000000000  9.99252085020  9.98512472667  9.97789321232  9.97090507646  9.96423504327  9.95795275185  9.95212194241  9.94679988347  9.94203703463  9.93787692159  9.93435618570  9.93150476069  9.92934612466  9.92789757563  9.92717048410  9.92717048407  9.92789757554  9.92934612451  9.93150476050  9.93435618546  9.93787692132  9.94203703434  9.94679988317  9.95212194211  9.95795275157  9.96423504302  9.97090507624  9.97789321215  9.98512472655  9.99252085014 10.00000000000
 10.00000000000  9.99168973758  9.98347168956  9.97543647078  9.96767157760  9.96026002247  9.95327918007  9.94679988347  9.94088578686  9.93559298888  9.93096989088  9.92705724856  9.92388836472  9.92148936561  9.91987950399  9.91907143710  9.91907143707  9.91987950389  9.92148936545  9.92388836451  9.92705724830  9.93096989058  9.93559298856  9.94088578653  9.94679988314  9.95327917976  9.96026002219  9.96767157736  9.97543647059  9.98347168943  9.99168973752 10.00000000000
 10.00000000000  9.99094602276  9.98199247167  9.97323803459  9.96477801030  9.95670282377  9.94909677098  9.94203703463  9.93559298888  9.92982578693  9.92478820349  9.92052468740  9.91707156769  9.91445735085  9.91270304754  9.91182247266  9.91182247263  9.91270304743  9.91445735067  9.91707156746  9.92052468712  9.92478820316  9.92982578658  9.93559298852  9.94203703427  9.94909677065  9.95670282347  9.96477801003  9.97323803439  9.98199247152  9.99094602269 10.00000000000
 10.00000000000  9.99029648320  9.98070055585  9.97131794896  9.96225076974  9.95359591363  9.94544372076  9.93787692159  9.93096989088  9.92478820349  9.91938846250  9.91481835189  9.91111685338  9.90831456118  9.90643402864  9.90549008699  9.90549008695  9.90643402852  9.90831456099  9.91111685313  9.91481835158  9.91938846215  9.92478820311  9.93096989049  9.93787692120  9.94544372040  9.95359591330  9.96225076946  9.97131794873  9.98070055570  9.99029648312 10.00000000000
 10.00000000000  9.98974681863  9.97960728186  9.96969307484  9.96011206178  9.95096661090  9.94235217657  9.93435618570  9.92705724856  9.92052468740  9.91481835189  9.90998867123  9.90607687955  9.90311534471  9.90112793132  9.90013033479  9.90013033475  9.90112793120  9.90311534451  9.90607687929  9.90998867091  9.91481835152  9.92052468701  9.92705724816  9.93435618529  9.94235217618  9.95096661055  9.96011206148  9.96969307460  9.97960728170  9.98974681855 10.00000000000
 10.00000000000  9.98930168081  9.97872190512  9.96837717571  9.95838001571  9.94883722345  9.93984839462  9.93150476069  9.92388836472  9.91707156769  9.91111685338  9.90607687955  9.90199470978  9.89890415325  9.89683014059  9.89578906998  9.89578906994  9.89683014046  9.89890415304  9.90199470950  9.90607687922  9.91111685299  9.91707156728  9.92388836430  9.93150476027  9.93984839422  9.94883722309  9.95838001540  9.96837717547  9.97872190495  9.98930168073 10.00000000000
 10.00000000000  9.98896471498  9.97805167891  9.96738103883  9.95706884262  9.94722524096  9.93795296422  9.92934612466  9.92148936561  9.91445735085  9.90831456118  9.90311534471  9.89890415325  9.89571589014  9.89357629552  9.89250230141  9.89250230137  9.89357629539  9.89571588993  9.89890415296  9.90311534436  9.90831456078  9.91445735042  9.92148936517  9.92934612422  9.93795296381  9.94722524058  9.95706884230  9.96738103858  9.97805167873  9.98896471489 10.00000000000
 10.00000000000  9.98873860472  9.97760194335  9.96671260696  9.95618900758  9.94614354477  9.93668105223  9.92789757563  9.91987950399  9.91270304754  9.90643402864  9.90112793132  9.89683014059  9.89357629552  9.89139268073  9.89029658738  9.89029658734  9.89139268060  9.89357629530  9.89683014029  9.90112793096  9.90643402823  9.91270304711  9.91987950354  9.92789757518  9.93668105181  9.94614354439  9.95618900726  9.96671260671  9.97760194317  9.98873860463 10.00000000000
 10.00000000000  9.98862511300  9.97737620671  9.96637709857  9.95574738690  9.94560059987  9.93604262686  9.92717048410  9.91907143710  9.91182247266  9.90549008699  9.90013033479  9.89578906998  9.89250230141  9.89029658738  9.88918939958  9.88918939954  9.89029658725  9.89250230119  9.89578906969  9.90013033443  9.90549008658  9.91182247222  9.91907143665  9.92717048365  9.93604262643  9.94560059949  9.95574738657  9.96637709831  9.97737620653  9.98862511291 10.00000000000
 10.00000000000  9.98862511299  9.97737620670  9.96637709856  9.95574738688  9.94560059985  9.93604262683  9.92717048407  9.91907143707  9.91182247263  9.90549008695  9.90013033475  9.89578906994  9.89250230137  9.89029658734  9.88918939954  9.88918939949  9.89029658720  9.89250230115  9.89578906964  9.90013033439  9.90549008654  9.91182247219  9.91907143661  9.92717048362  9.93604262641  9.94560059946  9.95574738655  9.96637709830  9.97737620653  9.98862511290 10.00000000000
 10.00000000000  9.98873860471  9.97760194332  9.96671260692  9.95618900753  9.94614354471  9.93668105215  9.92789757554  9.91987950389  9.91270304743  9.90643402852  9.90112793120  9.89683014046  9.89357629539  9.89139268060  9.89029658725  9.89029658720  9.89139268046  9.89357629517  9.89683014016  9.90112793084  9.90643402812  9.91270304700  9.91987950344  9.92789757509  9.93668105173  9.94614354433  9.95618900720  9.96671260667  9.97760194314  9.98873860462 10.00000000000
 10.00000000000  9.98896471495  9.97805167886  9.96738103876  9.95706884253  9.94722524085  9.93795296409  9.92934612451  9.92148936545  9.91445735067  9.90831456099  9.90311534451  9.89890415304  9.89571588993  9.89357629530  9.89250230119  9.89250230115  9.89357629517  9.89571588971  9.89890415276  9.90311534416  9.90831456059  9.91445735025  9.92148936501  9.92934612408  9.93795296368  9.94722524048  9.95706884221  9.96738103851  9.97805167869  9.98896471486 10.00000000000
