
 10.00000000000 10.00000000000 10.00000000000 10.00000000000 10.00000000000 10.00000000000 10.00000000000 10.00000000000 10.00000000000 10.00000000000 10.00000000000 10.00000000000 10.00000000000 10.00000000000 10.00000000000 10.00000000000 10.00000000000 10.00000000000 10.00000000000 10.00000000000 10.00000000000 10.00000000000 10.00000000000 10.00000000000 10.00000000000 10.00000000000 10.00000000000 10.00000000000 10.00000000000 10.00000000000 10.00000000000 10.00000000000
 10.00000000000 10.00000000000 10.00000000000 10.00000000000 10.00000000000 10.00000000000 10.00000000000 10.00000000000 10.00000000000 10.00000000000 10.00000000000 10.00000000000 10.00000000000 10.00000000000 10.00000000000 10.00000000000 10.00000000000 10.00000000000 10.00000000000 10.00000000000 10.00000000000 10.00000000000 10.00000000000 10.00000000000 10.00000000000 10.00000000000 10.00000000000 10.00000000000 10.00000000000 10.00000000000 10.00000000000 10.00000000000
 10.00000000000 10.00000000000 10.00000000000 10.00000000000 10.00000000000 10.00000000000 10.00000000000 10.00000000000 10.00000000000 10.00000000000 10.00000000000 10.00000000000 10.00000000000 10.00000000000 10.00000000000 10.00000000000 10.00000000000 10.00000000000 10.00000000000 10.00000000000 10.00000000000 10.00000000000 10.00000000000 10.00000000000 10.00000000000 10.00000000000 10.00000000000 10.00000000000 10.00000000000 10.00000000000 10.00000000000 10.00000000000
 10.00000000000 10.00000000000 10.00000000000 10.00000000000 10.00000000000 10.00000000000 10.00000000000 10.00000000000 10.00000000000 10.00000000000 10.00000000000 10.00000000000 10.00000000000 10.00000000000 10.00000000000 10.00000000000 10.00000000000 10.00000000000 10.00000000000 10.00000000000 10.00000000000 10.00000000000 10.00000000000 10.00000000000 10.00000000000 10.00000000000 10.00000000000 10.00000000000 10.00000000000 10.00000000000 10.00000000000 10.00000000000
 10.00000000000 10.00000000000 10.00000000000 10.00000000000 10.00000000000 10.00000000000 10.00000000000 10.00000000000 10.00000000000 10.00000000000 10.00000000000 10.00000000000 10.00000000000 10.00000000000 10.00000000000 10.00000000000 10.00000000000 10.00000000000 10.00000000000 10.00000000000 10.00000000000 10.00000000000 10.00000000000 10.00000000000 10.00000000000 10.00000000000 10.00000000000 10.00000000000 10.00000000000 10.00000000000 10.00000000000 10.00000000000
 10.00000000000 10.00000000000 10.00000000000 10.00000000000 10.00000000000 10.00000000000 10.00000000000 10.00000000000 10.00000000000 10.00000000000 10.00000000000 10.00000000000 10.00000000000 10.00000000000 10.00000000000 10.00000000000 10.00000000000 10.00000000000 10.00000000000 10.00000000000 10.00000000000 10.00000000000 10.00000000000 10.00000000000 10.00000000000 10.00000000000 10.00000000000 10.00000000000 10.00000000000 10.00000000000 10.00000000000 10.00000000000
 10.00000000000 10.00000000000 10.00000000000 10.00000000000 10.00000000000 10.00000000000 10.00000000000 10.00000000000 10.00000000000 10.00000000000 10.00000000000 10.00000000000 10.00000000000 10.00000000000 10.00000000000 10.00000000000 10.00000000000 10.00000000000 10.00000000000 10.00000000000 10.00000000000 10.00000000000 10.00000000000 10.00000000000 10.00000000000 10.00000000000 10.00000000000 10.00000000000 10.00000000000 10.00000000000 10.00000000000 10.00000000000
 10.00000000000 10.00000000000 10.00000000000 10.00000000000 10.00000000000 10.00000000000 10.00000000000 10.00000000000 10.00000000000 10.00000000000 10.00000000000 10.00000000000 10.00000000000 10.00000000000 10.00000000000 10.00000000000 10.00000000000 10.00000000000 10.00000000000 10.00000000000 10.00000000000 10.00000000000 10.00000000000 10.00000000000 10.00000000000 10.00000000000 10.00000000000 10.00000000000 10.00000000000 10.00000000000 10.00000000000 10.00000000000
 10.00000000000 10.00000000000 10.00000000000 10.00000000000 10.00000000000 10.00000000000 10.00000000000 10.00000000000 10.00000000000 10.00000000000 10.00000000000 10.00000000000 10.00000000000 10.00000000000 10.00000000000 10.00000000000 10.00000000000 10.00000000000 10.00000000000 10.00000000000 10.00000000000 10.00000000000 10.00000000000 10.00000000000 10.00000000000 10.00000000000 10.00000000000 10.00000000000 10.00000000000 10.00000000000 10.00000000000 10.00000000000
 10.00000000000 10.00000000000 10.00000000000 10.00000000000 10.00000000000 10.00000000000 10.00000000000 10.00000000000 10.00000000000 10.00000000000 10.00000000000 10.00000000000 10.00000000000 10.00000000000 10.00000000000 10.00000000000 10.00000000000 10.00000000000 10.00000000000 10.00000000000 10.00000000000 10.00000000000 10.00000000000 10.00000000000 10.00000000000 10.00000000000 10.00000000000 10.00000000000 10.00000000000 10.00000000000 10.00000000000 10.00000000000
 10.00000000000 10.00000000000 10.00000000000 10.00000000000 10.00000000000 10.00000000000 10.00000000000 10.00000000000 10.00000000000 10.00000000000 10.00000000000 10.00000000000 10.00000000000 10.00000000000 10.00000000000 10.00000000000 10.00000000000 10.00000000000 10.00000000000 10.00000000000 10.00000000000 10.00000000000 10.00000000000 10.00000000000 10.00000000000 10.00000000000 10.00000000000 10.00000000000 10.00000000000 10.00000000000 10.00000000000 10.00000000000
 10.00000000000 10.00000000000 10.00000000000 10.00000000000 10.00000000000 10.00000000000 10.00000000000 10.00000000000 10.00000000000 10.00000000000 10.00000000000 10.00000000000 10.00000000000 10.00000000000 10.00000000000 10.00000000000 10.00000000000 10.00000000000 10.00000000000 10.00000000000 10.00000000000 10.00000000000 10.00000000000 10.00000000000 10.00000000000 10.00000000000 10.00000000000 10.00000000000 10.00000000000 10.00000000000 10.00000000000 10.00000000000
 10.00000000000 10.00000000000 10.00000000000 10.00000000000 10.00000000000 10.00000000000 10.00000000000 10.00000000000 10.00000000000 10.00000000000 10.00000000000 10.00000000000 10.00000000000 10.00000000000 10.00000000000 10.00000000000 10.00000000000 10.00000000000 10.00000000000 10.00000000000 10.00000000000 10.00000000000 10.00000000000 10.00000000000 10.00000000000 10.00000000000 10.00000000000 10.00000000000 10.00000000000 10.00000000000 10.00000000000 10.00000000000
 10.00000000000 10.00000000000 10.00000000000 10.00000000000 10.00000000000 10.00000000000 10.00000000000 10.00000000000 10.00000000000 10.00000000000 10.00000000000 10.00000000000 10.00000000000 10.00000000000 10.00000000000 10.00000000000 10.00000000000 10.00000000000 10.00000000000 10.00000000000 10.00000000000 10.00000000000 10.00000000000 10.00000000000 10.00000000000 10.00000000000 10.00000000000 10.00000000000 10.00000000000 10.00000000000 10.00000000000 10.00000000000
 10.00000000000 10.00000000000 10.00000000000 10.00000000000 10.00000000000 10.00000000000 10.00000000000 10.00000000000 10.00000000000 10.00000000000 10.00000000000 10.00000000000 10.00000000000 10.00000000000 10.00000000000 10.00000000000 10.00000000000 10.00000000000 10.00000000000 10.00000000000 10.00000000000 10.00000000000 10.00000000000 10.00000000000 10.00000000000 10.00000000000 10.00000000000 10.00000000000 10.00000000000 10.00000000000 10.00000000000 10.00000000000
 10.00000000000 10.00000000000 10.00000000000 10.00000000000 10.00000000000 10.00000000000 10.00000000000 10.00000000000 10.00000000000 10.00000000000 10.00000000000 10.00000000000 10.00000000000 10.00000000000 10.00000000000 10.00000000000 10.00000000000 10.00000000000 10.00000000000 10.00000000000 10.00000000000 10.00000000000 10.00000000000 10.00000000000 10.00000000000 10.00000000000 10.00000000000 10.00000000000 10.00000000000 10.00000000000 10.00000000000 10.00000000000
 10.00000000000 10.00000000000 10.00000000000 10.00000000000 10.00000000000 10.00000000000 10.00000000000 10.00000000000 10.00000000000 10.00000000000 10.00000000000 10.00000000000 10.00000000000 10.00000000000 10.00000000000 10.00000000000 10.00000000000 10.00000000000 10.00000000000 10.00000000000 10.00000000000 10.00000000000 10.00000000000 10.00000000000 10.00000000000 10.00000000000 10.00000000000 10.00000000000 10.00000000000 10.00000000000 10.00000000000 10.00000000000
 10.00000000000 10.00000000000 10.00000000000 10.00000000000 10.00000000000 10.00000000000 10.00000000000 10.00000000000 10.00000000000 10.00000000000 10.00000000000 10.00000000000 10.00000000000 10.00000000000 10.00000000000 10.00000000000 10.00000000000 10.00000000000 10.00000000000 10.00000000000 10.00000000000 10.00000000000 10.00000000000 10.00000000000 10.00000000000 10.00000000000 10.00000000000 10.00000000000 10.00000000000 10.00000000000 10.00000000000 10.00000000000
 10.00000000000 10.00000000000 10.00000000000 10.00000000000 10.00000000000 10.00000000000 10.00000000000 10.00000000000 10.00000000000 10.00000000000 10.00000000000 10.00000000000 10.00000000000 10.00000000000 10.00000000000 10.00000000000 10.00000000000 10.00000000000 10.00000000000 10.00000000000 10.00000000000 10.00000000000 10.00000000000 10.00000000000 10.00000000000 10.00000000000 10.00000000000 10.00000000000 10.00000000000 10.00000000000 10.00000000000 10.00000000000
 10.00000000000 10.00000000000 10.00000000000 10.00000000000 10.00000000000 10.00000000000 10.00000000000 10.00000000000 10.00000000000 10.00000000000 10.00000000000 10.00000000000 10.00000000000 10.00000000000 10.00000000000 10.00000000000 10.00000000000 10.00000000000 10.00000000000 10.00000000000 10.00000000000 10.00000000000 10.00000000000 10.00000000000 10.00000000000 10.00000000000 10.00000000000 10.00000000000 10.00000000000 10.00000000000 10.00000000000 10.00000000000
 10.00000000000 10.00000000000 10.00000000000 10.00000000000 10.00000000000 10.00000000000 10.00000000000 10.00000000000 10.00000000000 10.00000000000 10.00000000000 10.00000000000 10.00000000000 10.00000000000 10.00000000000 10.00000000000 10.00000000000 10.00000000000 10.00000000000 10.00000000000 10.00000000000 10.00000000000 10.00000000000 10.00000000000 10.00000000000 10.00000000000 10.00000000000 10.00000000000 10.00000000000 10.00000000000 10.00000000000 10.00000000000
 10.00000000000 10.00000000000 10.00000000000 10.00000000000 10.00000000000 10.00000000000 10.00000000000 10.00000000000 10.00000000000 10.00000000000 10.00000000000 10.00000000000 10.00000000000 10.00000000000 10.00000000000 10.00000000000 10.00000000000 10.00000000000 10.00000000000 10.00000000000 10.00000000000 10.00000000000 10.00000000000 10.00000000000 10.00000000000 10.00000000000 10.00000000000 10.00000000000 10.00000000000 10.00000000000 10.00000000000 10.00000000000
 10.00000000000 10.00000000000 10.00000000000 10.00000000000 10.00000000000 10.00000000000 10.00000000000 10.00000000000 10.00000000000 10.00000000000 10.00000000000 10.00000000000 10.00000000000 10.00000000000 10.00000000000 10.00000000000 10.00000000000 10.00000000000 10.00000000000 10.00000000000 10.00000000000 10.00000000000 10.00000000000 10.00000000000 10.00000000000 10.00000000000 10.00000000000 10.00000000000 10.00000000000 10.00000000000 10.00000000000 10.00000000000
 10.00000000000 10.00000000000 10.00000000000 10.00000000000 10.00000000000 10.00000000000 10.00000000000 10.00000000000 10.00000000000 10.00000000000 10.00000000000 10.00000000000 10.00000000000 10.00000000000 10.00000000000 10.00000000000 10.00000000000 10.00000000000 10.00000000000 10.00000000000 10.00000000000 10.00000000000 10.00000000000 10.00000000000 10.00000000000 10.00000000000 10.00000000000 10.00000000000 10.00000000000 10.00000000000 10.00000000000 10.00000000000
 10.00000000000 10.00000000000 10.00000000000 10.00000000000 10.00000000000 10.00000000000 10.00000000000 10.00000000000 10.00000000000 10.00000000000 10.00000000000 10.00000000000 10.00000000000 10.00000000000 10.00000000000 10.00000000000 10.00000000000 10.00000000000 10.00000000000 10.00000000000 10.00000000000 10.00000000000 10.00000000000 10.00000000000 10.00000000000 10.00000000000 10.00000000000 10.00000000000 10.00000000000 10.00000000000 10.00000000000 10.00000000000
 10.00000000000 10.00000000000 10.00000000000 10.00000000000 10.00000000000 10.00000000000 10.00000000000 10.00000000000 10.00000000000 10.00000000000 10.00000000000 10.00000000000 10.00000000000 10.00000000000 10.00000000000 10.00000000000 10.00000000000 10.00000000000 10.00000000000 10.00000000000 10.00000000000 10.00000000000 10.00000000000 10.00000000000 10.00000000000 10.00000000000 10.00000000000 10.00000000000 10.00000000000 10.00000000000 10.00000000000 10.00000000000
 10.00000000000 10.00000000000 10.00000000000 10.00000000000 10.00000000000 10.00000000000 10.00000000000 10.00000000000 10.00000000000 10.00000000000 10.00000000000 10.00000000000 10.00000000000 10.00000000000 10.00000000000 10.00000000000 10.00000000000 10.00000000000 10.00000000000 10.00000000000 10.00000000000 10.00000000000 10.00000000000 10.00000000000 10.00000000000 10.00000000000 10.00000000000 10.00000000000 10.00000000000 10.00000000000 10.00000000000 10.00000000000
 10.00000000000 10.00000000000 10.00000000000 10.00000000000 10.00000000000 10.00000000000 10.00000000000 10.00000000000 10.00000000000 10.00000000000 10.00000000000 10.00000000000 10.00000000000 10.00000000000 10.00000000000 10.00000000000 10.00000000000 10.00000000000 10.00000000000 10.00000000000 10.00000000000 10.00000000000 10.00000000000 10.00000000000 10.00000000000 10.00000000000 10.00000000000 10.00000000000 10.00000000000 10.00000000000 10.00000000000 10.00000000000
 10.00000000000 10.00000000000 10.00000000000 10.00000000000 10.00000000000 10.00000000000 10.00000000000 10.00000000000 10.00000000000 10.00000000000 10.00000000000 10.00000000000 10.00000000000 10.00000000000 10.00000000000 10.00000000000 10.00000000000 10.00000000000 10.00000000000 10.00000000000 10.00000000000 10.00000000000 10.00000000000 10.00000000000 10.00000000000 10.00000000000 10.00000000000 10.00000000000 10.00000000000 10.00000000000 10.00000000000 10.00000000000
 10.00000000000 10.00000000000 10.00000000000 10.00000000000 10.00000000000 10.00000000000 10.00000000000 10.00000000000 10.00000000000 10.00000000000 10.00000000000 10.00000000000 10.00000000000 10.00000000000 10.00000000000 10.00000000000 10.00000000000 10.00000000000 10.00000000000 10.00000000000 10.00000000000 10.00000000000 10.00000000000 10.00000000000 10.00000000000 10.00000000000 10.00000000000 10.00000000000 10.00000000000 10.00000000000 10.00000000000 10.00000000000
 10.00000000000 10.00000000000 10.00000000000 10.00000000000 10.00000000000 10.00000000000 10.00000000000 10.00000000000 10.00000000000 10.00000000000 10.00000000000 10.00000000000 10.00000000000 10.00000000000 10.00000000000 10.00000000000 10.00000000000 10.00000000000 10.00000000000 10.00000000000 10.00000000000 10.00000000000 10.00000000000 10.00000000000 10.00000000000 10.00000000000 10.00000000000 10.00000000000 10.00000000000 10.00000000000 10.00000000000 10.00000000000
 10.00000000000 10.00000000000 10.00000000000 10.00000000000 10.00000000000 10.00000000000 10.00000000000 10.00000000000 10.00000000000 10.00000000000 10.00000000000 10.00000000000 10.00000000000 10.00000000000 10.00000000000 10.00000000000 10.00000000000 10.00000000000 10.00000000000 10.00000000000 10.00000000000 10.00000000000 10.00000000000 10.00000000000 10.00000000000 10.00000000000 10.00000000000 10.00000000000 10.00000000000 10.00000000000 10.00000000000 10.00000000000

 10.00000000000 10.00000000000 10.00000000000 10.00000000000 10.00000000000 10.00000000000 10.00000000000 10.00000000000 10.00000000000 10.00000000000 10.00000000000 10.00000000000 10.00000000000 10.00000000000 10.00000000000 10.00000000000 10.00000000000 10.00000000000 10.00000000000 10.00000000000 10.00000000000 10.00000000000 10.00000000000 10.00000000000 10.00000000000 10.00000000000 10.00000000000 10.00000000000 10.00000000000 10.00000000000 10.00000000000 10.00000000000
 10.00000000000  9.99942500318  9.99885638253  9.99830040398  9.99776311863  9.99725026850  9.99676720694  9.99631883611  9.99590956277  9.99554327202  9.99522331713  9.99495252276  9.99473319787  9.99456715446  9.99445572823  9.99439979746  9.99439979746  9.99445572823  9.99456715446  9.99473319787  9.99495252276  9.99522331713  9.99554327202  9.99590956277  9.99631883611  9.99676720694  9.99725026850  9.99776311863  9.99830040398  9.99885638253  9.99942500318 10.00000000000
 10.00000000000  9.99885638253  9.99772544518  9.99661964907  9.99555102822  9.99453100243  9.99357021891  9.99267842799  9.99186439521  9.99113584888  9.99049945989  9.98996084790  9.98952460689  9.98919434233  9.98897271203  9.98886146376  9.98886146376  9.98897271203  9.98919434233  9.98952460689  9.98996084789  9.99049945989  9.99113584888  9.99186439520  9.99267842799  9.99357021891  9.99453100243  9.99555102822  9.99661964907  9.99772544518  9.99885638253 10.00000000000
 10.00000000000  9.99830040398  9.99661964907  9.99497625124  9.99338809252  9.99187214308  9.99044422607  9.98911883295  9.98790899270  9.98682619382  9.98588035395  9.98507982878  9.98443144971  9.98394057872  9.98361116880  9.98344581960  9.98344581960  9.98361116880  9.98394057872  9.98443144971  9.98507982877  9.98588035395  9.98682619382  9.98790899270  9.98911883295  9.99044422607  9.99187214308  9.99338809251  9.99497625123  9.99661964907  9.99830040398 10.00000000000
 10.00000000000  9.99776311863  9.99555102822  9.99338809252  9.99129784220  9.98930260959  9.98742321944  9.98567874592  9.98408634040  9.98266112844  9.98141616933  9.98036246725  9.97950902028  9.97886289192  9.97842929021  9.97821164044  9.97821164044  9.97842929020  9.97886289192  9.97950902027  9.98036246725  9.98141616932  9.98266112844  9.98408634040  9.98567874592  9.98742321944  9.98930260959  9.99129784219  9.99338809251  9.99555102822  9.99776311863 10.00000000000
 10.00000000000  9.99725026850  9.99453100243  9.99187214308  9.98930260959  9.98684985064  9.98453946470  9.98239490149  9.98043725001  9.97868511147  9.97715454884  9.97585909973  9.97480983573  9.97401544947  9.97348235104  9.97321475680  9.97321475680  9.97348235104  9.97401544947  9.97480983572  9.97585909973  9.97715454883  9.97868511147  9.98043725001  9.98239490148  9.98453946469  9.98684985064  9.98930260959  9.99187214308  9.99453100243  9.99725026850 10.00000000000
 10.00000000000  9.99676720694  9.99357021891  9.99044422607  9.98742321944  9.98453946470  9.98182305635  9.97930156687  9.97699979718  9.97493962664  9.97313995283  9.97161670558  9.97038291549  9.96944881512  9.96882195135  9.96850728887  9.96850728887  9.96882195135  9.96944881512  9.97038291548  9.97161670558  9.97313995283  9.97493962663  9.97699979717  9.97930156686  9.98182305635  9.98453946469  9.98742321943  9.99044422607  9.99357021891  9.99676720694 10.00000000000
 10.00000000000  9.99631883611  9.99267842799  9.98911883295  9.98567874592  9.98239490149  9.97930156687  9.97643014256  9.97380887794  9.97146269961  9.96941314171  9.96767836053  9.96627321106  9.96520936084  9.96449541649  9.96413704061  9.96413704061  9.96449541648  9.96520936083  9.96627321105  9.96767836052  9.96941314170  9.97146269961  9.97380887794  9.97643014256  9.97930156686  9.98239490148  9.98567874592  9.98911883295  9.99267842799  9.99631883611 10.00000000000
 10.00000000000  9.99590956277  9.99186439521  9.98790899270  9.98408634040  9.98043725001  9.97699979718  9.97380887794  9.97089589237  9.96828855289  9.96601080561  9.96408284494  9.96252119702  9.96133884457  9.96054536603  9.96014706422  9.96014706422  9.96054536603  9.96133884457  9.96252119701  9.96408284493  9.96601080560  9.96828855289  9.97089589236  9.97380887794  9.97699979717  9.98043725000  9.98408634040  9.98790899270  9.99186439520  9.99590956277 10.00000000000
 10.00000000000  9.99554327202  9.99113584888  9.98682619382  9.98266112844  9.97868511147  9.97493962664  9.97146269961  9.96828855289  9.96544739607  9.96296533865  9.96086440439  9.95916262032  9.95787415106  9.95700944880  9.95657539223  9.95657539222  9.95700944880  9.95787415105  9.95916262031  9.96086440438  9.96296533865  9.96544739606  9.96828855289  9.97146269960  9.97493962663  9.97868511146  9.98266112844  9.98682619382  9.99113584887  9.99554327202 10.00000000000
 10.00000000000  9.99522331713  9.99049945989  9.98588035395  9.98141616933  9.97715454884  9.97313995283  9.96941314171  9.96601080561  9.96296533865  9.96030474413  9.95805264812  9.95622839314  9.95484718029  9.95392022837  9.95345492151  9.95345492151  9.95392022837  9.95484718028  9.95622839314  9.95805264811  9.96030474412  9.96296533865  9.96601080560  9.96941314170  9.97313995282  9.97715454883  9.98141616932  9.98588035394  9.99049945989  9.99522331713 10.00000000000
 10.00000000000  9.99495252276  9.98996084790  9.98507982878  9.98036246725  9.97585909973  9.97161670558  9.96767836053  9.96408284494  9.96086440439  9.95805264812  9.95567256181  9.95374460484  9.95228485869  9.95130519367  9.95081342359  9.95081342359  9.95130519367  9.95228485868  9.95374460483  9.95567256181  9.95805264811  9.96086440438  9.96408284493  9.96767836052  9.97161670558  9.97585909972  9.98036246724  9.98507982877  9.98996084789  9.99495252276 10.00000000000
 10.00000000000  9.99473319787  9.98952460689  9.98443144971  9.97950902028  9.97480983573  9.97038291549  9.96627321106  9.96252119702  9.95916262032  9.95622839314  9.95374460484  9.95173262179  9.95020924087  9.94918686194  9.94867364814  9.94867364814  9.94918686193  9.95020924087  9.95173262179  9.95374460483  9.95622839313  9.95916262031  9.96252119701  9.96627321105  9.97038291548  9.97480983572  9.97950902027  9.98443144971  9.98952460689  9.99473319786 10.00000000000
 10.00000000000  9.99456715446  9.98919434233  9.98394057872  9.97886289192  9.97401544947  9.96944881512  9.96520936084  9.96133884457  9.95787415106  9.95484718029  9.95228485869  9.95020924087  9.94863766669  9.94758293811  9.94705348359  9.94705348359  9.94758293810  9.94863766669  9.95020924086  9.95228485868  9.95484718028  9.95787415105  9.96133884456  9.96520936083  9.96944881511  9.97401544946  9.97886289191  9.98394057872  9.98919434232  9.99456715446 10.00000000000
 10.00000000000  9.99445572823  9.98897271203  9.98361116880  9.97842929021  9.97348235104  9.96882195135  9.96449541649  9.96054536603  9.95700944880  9.95392022837  9.95130519367  9.94918686194  9.94758293811  9.94650649454  9.94596613821  9.94596613821  9.94650649454  9.94758293810  9.94918686193  9.95130519367  9.95392022836  9.95700944879  9.96054536602  9.96449541648  9.96882195134  9.97348235103  9.97842929020  9.98361116880  9.98897271202  9.99445572822 10.00000000000
 10.00000000000  9.99439979746  9.98886146376  9.98344581960  9.97821164044  9.97321475680  9.96850728887  9.96413704061  9.96014706422  9.95657539223  9.95345492151  9.95081342359  9.94867364814  9.94705348359  9.94596613821  9.94542030868  9.94542030868  9.94596613821  9.94705348358  9.94867364814  9.95081342358  9.95345492151  9.95657539221  9.96014706421  9.96413704060  9.96850728886  9.97321475679  9.97821164043  9.98344581959  9.98886146376  9.99439979746 10.00000000000
 10.00000000000  9.99439979746  9.98886146376  9.98344581960  9.97821164044  9.97321475680  9.96850728887  9.96413704061  9.96014706422  9.95657539222  9.95345492151  9.95081342359  9.94867364814  9.94705348359  9.94596613821  9.94542030868  9.94542030868  9.94596613821  9.94705348358  9.94867364814  9.95081342358  9.95345492150  9.95657539221  9.96014706421  9.96413704060  9.96850728886  9.97321475679  9.97821164043  9.98344581959  9.98886146376  9.99439979746 10.00000000000
 10.00000000000  9.99445572823  9.98897271203  9.98361116880  9.97842929020  9.97348235104  9.96882195135  9.96449541648  9.96054536603  9.95700944880  9.95392022837  9.95130519367  9.94918686193  9.94758293810  9.94650649454  9.94596613821  9.94596613821  9.94650649454  9.94758293810  9.94918686193  9.95130519366  9.95392022836  9.95700944879  9.96054536602  9.96449541647  9.96882195134  9.97348235103  9.97842929020  9.98361116879  9.98897271202  9.99445572822 10.00000000000
 10.00000000000  9.99456715446  9.98919434233  9.98394057872  9.97886289192  9.97401544947  9.96944881512  9.96520936083  9.96133884457  9.95787415105  9.95484718028  9.95228485868  9.95020924087  9.94863766669  9.94758293810  9.94705348358  9.94705348358  9.94758293810  9.94863766668  9.95020924086  9.95228485867  9.95484718027  9.95787415104  9.96133884456  9.96520936082  9.96944881511  9.97401544946  9.97886289191  9.98394057872  9.98919434232  9.99456715446 10.00000000000
 10.00000000000  9.99473319787  9.98952460689  9.98443144971  9.97950902027  9.97480983572  9.97038291548  9.96627321105  9.96252119701  9.95916262031  9.95622839314  9.95374460483  9.95173262179  9.95020924086  9.94918686193  9.94867364814  9.94867364814  9.94918686193  9.95020924086  9.95173262178  9.95374460482  9.95622839313  9.95916262030  9.96252119700  9.96627321104  9.97038291547  9.97480983572  9.97950902027  9.98443144970  9.98952460688  9.99473319786 10.00000000000
 10.00000000000  9.99495252276  9.98996084789  9.98507982877  9.98036246725  9.97585909973  9.97161670558  9.96767836052  9.96408284493  9.96086440438  9.95805264811  9.95567256181  9.95374460483  9.95228485868  9.95130519367  9.95081342358  9.95081342358  9.95130519366  9.95228485867  9.95374460482  9.95567256180  9.95805264810  9.96086440437  9.96408284492  9.96767836051  9.97161670557  9.97585909972  9.98036246724  9.98507982877  9.98996084789  9.99495252276 10.00000000000
 10.00000000000  9.99522331713  9.99049945989  9.98588035395  9.98141616932  9.97715454883  9.97313995283  9.96941314170  9.96601080560  9.96296533865  9.96030474412  9.95805264811  9.95622839313  9.95484718028  9.95392022836  9.95345492151  9.95345492150  9.95392022836  9.95484718027  9.95622839313  9.95805264810  9.96030474411  9.96296533864  9.96601080559  9.96941314170  9.97313995282  9.97715454882  9.98141616932  9.98588035394  9.99049945988  9.99522331713 10.00000000000
 10.00000000000  9.99554327202  9.99113584888  9.98682619382  9.98266112844  9.97868511147  9.97493962663  9.97146269961  9.96828855289  9.96544739606  9.96296533865  9.96086440438  9.95916262031  9.95787415105  9.95700944879  9.95657539221  9.95657539221  9.95700944879  9.95787415104  9.95916262030  9.96086440437  9.96296533864  9.96544739606  9.96828855288  9.97146269960  9.97493962662  9.97868511146  9.98266112843  9.98682619381  9.99113584887  9.99554327202 10.00000000000
 10.00000000000  9.99590956277  9.99186439520  9.98790899270  9.98408634040  9.98043725001  9.97699979717  9.97380887794  9.97089589236  9.96828855289  9.96601080560  9.96408284493  9.96252119701  9.96133884456  9.96054536602  9.96014706421  9.96014706421  9.96054536602  9.96133884456  9.96252119700  9.96408284492  9.96601080559  9.96828855288  9.97089589235  9.97380887793  9.97699979716  9.98043725000  9.98408634039  9.98790899270  9.99186439520  9.99590956277 10.00000000000
 10.00000000000  9.99631883611  9.99267842799  9.98911883295  9.98567874592  9.98239490148  9.97930156686  9.97643014256  9.97380887794  9.97146269960  9.96941314170  9.96767836052  9.96627321105  9.96520936083  9.96449541648  9.96413704060  9.96413704060  9.96449541647  9.96520936082  9.96627321104  9.96767836051  9.96941314170  9.97146269960  9.97380887793  9.97643014255  9.97930156686  9.98239490147  9.98567874591  9.98911883295  9.99267842799  9.99631883611 10.00000000000
 10.00000000000  9.99676720694  9.99357021891  9.99044422607  9.98742321944  9.98453946469  9.98182305635  9.97930156686  9.97699979717  9.97493962663  9.97313995282  9.97161670558  9.97038291548  9.96944881511  9.96882195134  9.96850728886  9.96850728886  9.96882195134  9.96944881511  9.97038291547  9.97161670557  9.97313995282  9.97493962662  9.97699979716  9.97930156686  9.98182305634  9.98453946469  9.98742321943  9.99044422607  9.99357021890  9.99676720694 10.00000000000
 10.00000000000  9.99725026850  9.99453100243  9.99187214308  9.98930260959  9.98684985064  9.98453946469  9.98239490148  9.98043725000  9.97868511146  9.97715454883  9.97585909972  9.97480983572  9.97401544946  9.97348235103  9.97321475679  9.97321475679  9.97348235103  9.97401544946  9.97480983572  9.97585909972  9.97715454882  9.97868511146  9.98043725000  9.98239490147  9.98453946469  9.98684985063  9.98930260959  9.99187214307  9.99453100242  9.99725026850 10.00000000000
 10.00000000000  9.99776311863  9.99555102822  9.99338809251  9.99129784219  9.98930260959  9.98742321943  9.98567874592  9.98408634040  9.98266112844  9.98141616932  9.98036246724  9.97950902027  9.97886289191  9.97842929020  9.97821164043  9.97821164043  9.97842929020  9.97886289191  9.97950902027  9.98036246724  9.98141616932  9.98266112843  9.98408634039  9.98567874591  9.98742321943  9.98930260959  9.99129784219  9.99338809251  9.99555102821  9.99776311863 10.00000000000
 10.00000000000  9.99830040398  9.99661964907  9.99497625123  9.99338809251  9.99187214308  9.99044422607  9.98911883295  9.98790899270  9.98682619382  9.98588035394  9.98507982877  9.98443144971  9.98394057872  9.98361116880  9.98344581959  9.98344581959  9.98361116879  9.98394057872  9.98443144970  9.98507982877  9.98588035394  9.98682619381  9.98790899270  9.98911883295  9.99044422607  9.99187214307  9.99338809251  9.99497625123  9.99661964907  9.99830040398 10.00000000000
 10.00000000000  9.99885638253  9.99772544518  9.99661964907  9.99555102822  9.99453100243  9.99357021891  9.99267842799  9.99186439520  9.99113584887  9.99049945989  9.98996084789  9.98952460689  9.98919434232  9.98897271202  9.98886146376  9.98886146376  9.98897271202  9.98919434232  9.98952460688  9.98996084789  9.99049945988  9.99113584887  9.99186439520  9.99267842799  9.99357021890  9.99453100242  9.99555102821  9.99661964907  9.99772544518  9.99885638253 10.00000000000
 10.00000000000  9.99942500318  9.99885638253  9.99830040398  9.99776311863  9.99725026850  9.99676720694  9.99631883611  9.99590956277  9.99554327202  9.99522331713  9.99495252276  9.99473319786  9.99456715446  9.99445572822  9.99439979746  9.99439979746  9.99445572822  9.99456715446  9.99473319786  9.99495252276  9.99522331713  9.99554327202  9.99590956277  9.99631883611  9.99676720694  9.99725026850  9.99776311863  9.99830040398  9.99885638253  9.99942500318 10.00000000000
 10.00000000000 10.00000000000 10.00000000000 10.00000000000 10.00000000000 10.00000000000 10.00000000000 10.00000000000 10.00000000000 10.00000000000 10.00000000000 10.00000000000 10.00000000000 10.00000000000 10.00000000000 10.00000000000 10.00000000000 10.00000000000 10.00000000000 10.00000000000 10.00000000000 10.00000000000 10.00000000000 10.00000000000 10.00000000000 10.00000000000 10.00000000000 10.00000000000 10.00000000000 10.00000000000 10.00000000000 10.00000000000

 10.00000000000 10.00000000000 10.00000000000 10.00000000000 10.00000000000 10.00000000000 10.00000000000 10.00000000000 10.00000000000 10.00000000000 10.00000000000 10.00000000000 10.00000000000 10.00000000000 10.00000000000 10.00000000000 10.00000000000 10.00000000000 10.00000000000 10.00000000000 10.00000000000 10.00000000000 10.00000000000 10.00000000000 10.00000000000 10.00000000000 10.00000000000 10.00000000000 10.00000000000 10.00000000000 10.00000000000 10.00000000000
 10.00000000000  9.99883727833  9.99768749112  9.99656334551  9.99547710570  9.99444039945  9.99346405520  9.99255797524  9.99173104721  9.99099109310  9.99034485176  9.98979798909  9.98935512810  9.98901989064  9.98879494259  9.98868203496  9.98868203496  9.98879494259  9.98901989064  9.98935512809  9.98979798909  9.99034485176  9.99099109310  9.99173104721  9.99255797523  9.99346405520  9.99444039945  9.99547710570  9.99656334551  9.99768749112  9.99883727833 10.00000000000
 10.00000000000  9.99768749112  9.99540070401  9.99316490871  9.99100449494  9.98894258756  9.98700072275  9.98519859578  9.98355388493  9.98208214986  9.98079679665  9.97970909770  9.97882825125  9.97816146405  9.97771404098  9.97748946655  9.97748946655  9.97771404098  9.97816146405  9.97882825124  9.97970909770  9.98079679665  9.98208214986  9.98355388493  9.98519859577  9.98700072275  9.98894258756  9.99100449494  9.99316490871  9.99540070401  9.99768749112 10.00000000000
 10.00000000000  9.99656334551  9.99316490871  9.98984223681  9.98663157036  9.98356727244  9.98068134767  9.97800306752  9.97555870845  9.97337140043  9.97146107443  9.96984449130  9.96853532942  9.96754430692  9.96687931409  9.96654553408  9.96654553408  9.96687931408  9.96754430692  9.96853532942  9.96984449130  9.97146107443  9.97337140042  9.97555870844  9.97800306751  9.98068134767  9.98356727243  9.98663157035  9.98984223680  9.99316490871  9.99656334551 10.00000000000
 10.00000000000  9.99547710570  9.99100449494  9.98663157036  9.98240601782  9.97837305611  9.97457480467  9.97104979048  9.96783260325  9.96495369525  9.96243931124  9.96031152512  9.95858835414  9.95728391831  9.95640861356  9.95596926971  9.95596926971  9.95640861356  9.95728391831  9.95858835414  9.96031152512  9.96243931123  9.96495369525  9.96783260325  9.97104979047  9.97457480466  9.97837305611  9.98240601781  9.98663157035  9.99100449494  9.99547710570 10.00000000000
 10.00000000000  9.99444039945  9.98894258756  9.98356727244  9.97837305611  9.97341551385  9.96874641780  9.96441313116  9.96045818378  9.95691902510  9.95382793646  9.95121207437  9.94909360878  9.94748991728  9.94641379616  9.94587365317  9.94587365317  9.94641379616  9.94748991728  9.94909360877  9.95121207436  9.95382793645  9.95691902509  9.96045818377  9.96441313115  9.96874641779  9.97341551384  9.97837305611  9.98356727243  9.98894258756  9.99444039945 10.00000000000
 10.00000000000  9.99346405520  9.98700072275  9.98068134767  9.97457480467  9.96874641780  9.96325704901  9.95816238618  9.95351244362  9.94935127016  9.94571684406  9.94264112138  9.94015019599  9.93826452525  9.93699917588  9.93636404876  9.93636404876  9.93699917588  9.93826452524  9.94015019598  9.94264112137  9.94571684405  9.94935127015  9.95351244361  9.95816238617  9.96325704900  9.96874641779  9.97457480466  9.98068134766  9.98700072275  9.99346405519 10.00000000000
 10.00000000000  9.99255797524  9.98519859578  9.97800306752  9.97104979048  9.96441313116  9.95816238618  9.95236097206  9.94706585567  9.94232722015  9.93818834275  9.93468564689  9.93184888121  9.92970137335  9.92826030717  9.92753697639  9.92753697638  9.92826030717  9.92970137335  9.93184888120  9.93468564688  9.93818834274  9.94232722014  9.94706585566  9.95236097204  9.95816238617  9.96441313114  9.97104979047  9.97800306751  9.98519859577  9.99255797523 10.00000000000
 10.00000000000  9.99173104721  9.98355388493  9.97555870845  9.96783260325  9.96045818378  9.95351244362  9.94706585567  9.94118173849  9.93591588307  9.93131641430  9.92742384543  9.92427127325  9.92188465665  9.92028312132  9.91947923906  9.91947923906  9.92028312132  9.92188465664  9.92427127324  9.92742384542  9.93131641429  9.93591588305  9.94118173847  9.94706585566  9.95351244361  9.96045818377  9.96783260324  9.97555870844  9.98355388493  9.99173104721 10.00000000000
 10.00000000000  9.99099109310  9.98208214986  9.97337140043  9.96495369525  9.95691902510  9.94935127016  9.94232722015  9.93591588307  9.93017807645  9.92516627338  9.92092465817  9.91748933509  9.91488862802  9.91314340900  9.91226739971  9.91226739971  9.91314340900  9.91488862801  9.91748933508  9.92092465815  9.92516627337  9.93017807644  9.93591588305  9.94232722014  9.94935127015  9.95691902509  9.96495369524  9.97337140042  9.98208214985  9.99099109310 10.00000000000
 10.00000000000  9.99034485176  9.98079679665  9.97146107443  9.96243931124  9.95382793646  9.94571684406  9.93818834275  9.93131641430  9.92516627338  9.91979419936  9.91524759231  9.91156519278  9.90877739899  9.90690661553  9.90596757358  9.90596757358  9.90690661553  9.90877739899  9.91156519277  9.91524759230  9.91979419934  9.92516627337  9.93131641429  9.93818834273  9.94571684404  9.95382793645  9.96243931122  9.97146107442  9.98079679664  9.99034485176 10.00000000000
 10.00000000000  9.98979798909  9.97970909770  9.96984449130  9.96031152512  9.95121207437  9.94264112138  9.93468564689  9.92742384543  9.92092465817  9.91524759231  9.91044277674  9.90655119040  9.90360499384  9.90162789427  9.90063548127  9.90063548127  9.90162789427  9.90360499383  9.90655119039  9.91044277672  9.91524759229  9.92092465815  9.92742384541  9.93468564687  9.94264112136  9.95121207435  9.96031152511  9.96984449129  9.97970909770  9.98979798909 10.00000000000
 10.00000000000  9.98935512810  9.97882825125  9.96853532942  9.95858835414  9.94909360878  9.94015019599  9.93184888121  9.92427127325  9.91748933509  9.91156519278  9.90655119040  9.90249012501  9.89941558924  9.89735234930  9.89631669286  9.89631669286  9.89735234930  9.89941558923  9.90249012500  9.90655119039  9.91156519277  9.91748933507  9.92427127323  9.93184888119  9.94015019597  9.94909360876  9.95858835413  9.96853532941  9.97882825124  9.98935512809 10.00000000000
 10.00000000000  9.98901989064  9.97816146405  9.96754430692  9.95728391831  9.94748991728  9.93826452525  9.92970137335  9.92188465665  9.91488862802  9.90877739899  9.90360499384  9.89941558924  9.89624386496  9.89411539144  9.89304698658  9.89304698658  9.89411539143  9.89624386495  9.89941558922  9.90360499383  9.90877739898  9.91488862800  9.92188465663  9.92970137333  9.93826452523  9.94748991726  9.95728391830  9.96754430691  9.97816146405  9.98901989063 10.00000000000
 10.00000000000  9.98879494259  9.97771404098  9.96687931409  9.95640861356  9.94641379616  9.93699917588  9.92826030717  9.92028312132  9.91314340900  9.90690661553  9.90162789427  9.89735234930  9.89411539144  9.89194313200  9.89085274563  9.89085274563  9.89194313200  9.89411539143  9.89735234929  9.90162789426  9.90690661551  9.91314340898  9.92028312130  9.92826030715  9.93699917586  9.94641379614  9.95640861355  9.96687931407  9.97771404097  9.98879494258 10.00000000000
 10.00000000000  9.98868203496  9.97748946655  9.96654553408  9.95596926971  9.94587365317  9.93636404876  9.92753697639  9.91947923906  9.91226739971  9.90596757358  9.90063548127  9.89631669286  9.89304698658  9.89085274563  9.88975132398  9.88975132398  9.89085274563  9.89304698657  9.89631669285  9.90063548125  9.90596757356  9.91226739969  9.91947923904  9.92753697636  9.93636404874  9.94587365316  9.95596926970  9.96654553407  9.97748946654  9.98868203496 10.00000000000
 10.00000000000  9.98868203496  9.97748946655  9.96654553408  9.95596926971  9.94587365317  9.93636404876  9.92753697638  9.91947923906  9.91226739971  9.90596757358  9.90063548127  9.89631669286  9.89304698658  9.89085274563  9.88975132398  9.88975132398  9.89085274562  9.89304698657  9.89631669285  9.90063548125  9.90596757356  9.91226739969  9.91947923904  9.92753697636  9.93636404874  9.94587365316  9.95596926970  9.96654553407  9.97748946654  9.98868203496 10.00000000000
 10.00000000000  9.98879494259  9.97771404098  9.96687931408  9.95640861356  9.94641379616  9.93699917588  9.92826030717  9.92028312132  9.91314340900  9.90690661553  9.90162789427  9.89735234930  9.89411539143  9.89194313200  9.89085274563  9.89085274562  9.89194313199  9.89411539142  9.89735234928  9.90162789425  9.90690661551  9.91314340898  9.92028312130  9.92826030715  9.93699917586  9.94641379614  9.95640861354  9.96687931407  9.97771404097  9.98879494258 10.00000000000
 10.00000000000  9.98901989064  9.97816146405  9.96754430692  9.95728391831  9.94748991728  9.93826452524  9.92970137335  9.92188465664  9.91488862801  9.90877739899  9.90360499383  9.89941558923  9.89624386495  9.89411539143  9.89304698657  9.89304698657  9.89411539142  9.89624386494  9.89941558921  9.90360499382  9.90877739897  9.91488862799  9.92188465662  9.92970137333  9.93826452522  9.94748991726  9.95728391829  9.96754430691  9.97816146404  9.98901989063 10.00000000000
