
 10.00000000000 10.00000000000 10.00000000000 10.00000000000 10.00000000000 10.00000000000 10.00000000000 10.00000000000 10.00000000000 10.00000000000 10.00000000000 10.00000000000 10.00000000000 10.00000000000 10.00000000000 10.00000000000 10.00000000000 10.00000000000 10.00000000000 10.00000000000 10.00000000000 10.00000000000 10.00000000000 10.00000000000 10.00000000000 10.00000000000 10.00000000000 10.00000000000 10.00000000000 10.00000000000 10.00000000000 10.00000000000
 10.00000000000 10.00000000000 10.00000000000 10.00000000000 10.00000000000 10.00000000000 10.00000000000 10.00000000000 10.00000000000 10.00000000000 10.00000000000 10.00000000000 10.00000000000 10.00000000000 10.00000000000 10.00000000000 10.00000000000 10.00000000000 10.00000000000 10.00000000000 10.00000000000 10.00000000000 10.00000000000 10.00000000000 10.00000000000 10.00000000000 10.00000000000 10.00000000000 10.00000000000 10.00000000000 10.00000000000 10.00000000000
 10.00000000000 10.00000000000 10.00000000000 10.00000000000 10.00000000000 10.00000000000 10.00000000000 10.00000000000 10.00000000000 10.00000000000 10.00000000000 10.00000000000 10.00000000000 10.00000000000 10.00000000000 10.00000000000 10.00000000000 10.00000000000 10.00000000000 10.00000000000 10.00000000000 10.00000000000 10.00000000000 10.00000000000 10.00000000000 10.00000000000 10.00000000000 10.00000000000 10.00000000000 10.00000000000 10.00000000000 10.00000000000
 10.00000000000 10.00000000000 10.00000000000 10.00000000000 10.00000000000 10.00000000000 10.00000000000 10.00000000000 10.00000000000 10.00000000000 10.00000000000 10.00000000000 10.00000000000 10.00000000000 10.00000000000 10.00000000000 10.00000000000 10.00000000000 10.00000000000 10.00000000000 10.00000000000 10.00000000000 10.00000000000 10.00000000000 10.00000000000 10.00000000000 10.00000000000 10.00000000000 10.00000000000 10.00000000000 10.00000000000 10.00000000000
 10.00000000000 10.00000000000 10.00000000000 10.00000000000 10.00000000000 10.00000000000 10.00000000000 10.00000000000 10.00000000000 10.00000000000 10.00000000000 10.00000000000 10.00000000000 10.00000000000 10.00000000000 10.00000000000 10.00000000000 10.00000000000 10.00000000000 10.00000000000 10.00000000000 10.00000000000 10.00000000000 10.00000000000 10.00000000000 10.00000000000 10.00000000000 10.00000000000 10.00000000000 10.00000000000 10.00000000000 10.00000000000
 10.00000000000 10.00000000000 10.00000000000 10.00000000000 10.00000000000 10.00000000000 10.00000000000 10.00000000000 10.00000000000 10.00000000000 10.00000000000 10.00000000000 10.00000000000 10.00000000000 10.00000000000 10.00000000000 10.00000000000 10.00000000000 10.00000000000 10.00000000000 10.00000000000 10.00000000000 10.00000000000 10.00000000000 10.00000000000 10.00000000000 10.00000000000 10.00000000000 10.00000000000 10.00000000000 10.00000000000 10.00000000000
 10.00000000000 10.00000000000 10.00000000000 10.00000000000 10.00000000000 10.00000000000 10.00000000000 10.00000000000 10.00000000000 10.00000000000 10.00000000000 10.00000000000 10.00000000000 10.00000000000 10.00000000000 10.00000000000 10.00000000000 10.00000000000 10.00000000000 10.00000000000 10.00000000000 10.00000000000 10.00000000000 10.00000000000 10.00000000000 10.00000000000 10.00000000000 10.00000000000 10.00000000000 10.00000000000 10.00000000000 10.00000000000
 10.00000000000 10.00000000000 10.00000000000 10.00000000000 10.00000000000 10.00000000000 10.00000000000 10.00000000000 10.00000000000 10.00000000000 10.00000000000 10.00000000000 10.00000000000 10.00000000000 10.00000000000 10.00000000000 10.00000000000 10.00000000000 10.00000000000 10.00000000000 10.00000000000 10.00000000000 10.00000000000 10.00000000000 10.00000000000 10.00000000000 10.00000000000 10.00000000000 10.00000000000 10.00000000000 10.00000000000 10.00000000000
 10.00000000000 10.00000000000 10.00000000000 10.00000000000 10.00000000000 10.00000000000 10.00000000000 10.00000000000 10.00000000000 10.00000000000 10.00000000000 10.00000000000 10.00000000000 10.00000000000 10.00000000000 10.00000000000 10.00000000000 10.00000000000 10.00000000000 10.00000000000 10.00000000000 10.00000000000 10.00000000000 10.00000000000 10.00000000000 10.00000000000 10.00000000000 10.00000000000 10.00000000000 10.00000000000 10.00000000000 10.00000000000
 10.00000000000 10.00000000000 10.00000000000 10.00000000000 10.00000000000 10.00000000000 10.00000000000 10.00000000000 10.00000000000 10.00000000000 10.00000000000 10.00000000000 10.00000000000 10.00000000000 10.00000000000 10.00000000000 10.00000000000 10.00000000000 10.00000000000 10.00000000000 10.00000000000 10.00000000000 10.00000000000 10.00000000000 10.00000000000 10.00000000000 10.00000000000 10.00000000000 10.00000000000 10.00000000000 10.00000000000 10.00000000000
 10.00000000000 10.00000000000 10.00000000000 10.00000000000 10.00000000000 10.00000000000 10.00000000000 10.00000000000 10.00000000000 10.00000000000 10.00000000000 10.00000000000 10.00000000000 10.00000000000 10.00000000000 10.00000000000 10.00000000000 10.00000000000 10.00000000000 10.00000000000 10.00000000000 10.00000000000 10.00000000000 10.00000000000 10.00000000000 10.00000000000 10.00000000000 10.00000000000 10.00000000000 10.00000000000 10.00000000000 10.00000000000
 10.00000000000 10.00000000000 10.00000000000 10.00000000000 10.00000000000 10.00000000000 10.00000000000 10.00000000000 10.00000000000 10.00000000000 10.00000000000 10.00000000000 10.00000000000 10.00000000000 10.00000000000 10.00000000000 10.00000000000 10.00000000000 10.00000000000 10.00000000000 10.00000000000 10.00000000000 10.00000000000 10.00000000000 10.00000000000 10.00000000000 10.00000000000 10.00000000000 10.00000000000 10.00000000000 10.00000000000 10.00000000000
 10.00000000000 10.00000000000 10.00000000000 10.00000000000 10.00000000000 10.00000000000 10.00000000000 10.00000000000 10.00000000000 10.00000000000 10.00000000000 10.00000000000 10.00000000000 10.00000000000 10.00000000000 10.00000000000 10.00000000000 10.00000000000 10.00000000000 10.00000000000 10.00000000000 10.00000000000 10.00000000000 10.00000000000 10.00000000000 10.00000000000 10.00000000000 10.00000000000 10.00000000000 10.00000000000 10.00000000000 10.00000000000
 10.00000000000 10.00000000000 10.00000000000 10.00000000000 10.00000000000 10.00000000000 10.00000000000 10.00000000000 10.00000000000 10.00000000000 10.00000000000 10.00000000000 10.00000000000 10.00000000000 10.00000000000 10.00000000000 10.00000000000 10.00000000000 10.00000000000 10.00000000000 10.00000000000 10.00000000000 10.00000000000 10.00000000000 10.00000000000 10.00000000000 10.00000000000 10.00000000000 10.00000000000 10.00000000000 10.00000000000 10.00000000000
 10.00000000000 10.00000000000 10.00000000000 10.00000000000 10.00000000000 10.00000000000 10.00000000000 10.00000000000 10.00000000000 10.00000000000 10.00000000000 10.00000000000 10.00000000000 10.00000000000 10.00000000000 10.00000000000 10.00000000000 10.00000000000 10.00000000000 10.00000000000 10.00000000000 10.00000000000 10.00000000000 10.00000000000 10.00000000000 10.00000000000 10.00000000000 10.00000000000 10.00000000000 10.00000000000 10.00000000000 10.00000000000
 10.00000000000 10.00000000000 10.00000000000 10.00000000000 10.00000000000 10.00000000000 10.00000000000 10.00000000000 10.00000000000 10.00000000000 10.00000000000 10.00000000000 10.00000000000 10.00000000000 10.00000000000 10.00000000000 10.00000000000 10.00000000000 10.00000000000 10.00000000000 10.00000000000 10.00000000000 10.00000000000 10.00000000000 10.00000000000 10.00000000000 10.00000000000 10.00000000000 10.00000000000 10.00000000000 10.00000000000 10.00000000000
 10.00000000000 10.00000000000 10.00000000000 10.00000000000 10.00000000000 10.00000000000 10.00000000000 10.00000000000 10.00000000000 10.00000000000 10.00000000000 10.00000000000 10.00000000000 10.00000000000 10.00000000000 10.00000000000 10.00000000000 10.00000000000 10.00000000000 10.00000000000 10.00000000000 10.00000000000 10.00000000000 10.00000000000 10.00000000000 10.00000000000 10.00000000000 10.00000000000 10.00000000000 10.00000000000 10.00000000000 10.00000000000
 10.00000000000 10.00000000000 10.00000000000 10.00000000000 10.00000000000 10.00000000000 10.00000000000 10.00000000000 10.00000000000 10.00000000000 10.00000000000 10.00000000000 10.00000000000 10.00000000000 10.00000000000 10.00000000000 10.00000000000 10.00000000000 10.00000000000 10.00000000000 10.00000000000 10.00000000000 10.00000000000 10.00000000000 10.00000000000 10.00000000000 10.00000000000 10.00000000000 10.00000000000 10.00000000000 10.00000000000 10.00000000000
 10.00000000000 10.00000000000 10.00000000000 10.00000000000 10.00000000000 10.00000000000 10.00000000000 10.00000000000 10.00000000000 10.00000000000 10.00000000000 10.00000000000 10.00000000000 10.00000000000 10.00000000000 10.00000000000 10.00000000000 10.00000000000 10.00000000000 10.00000000000 10.00000000000 10.00000000000 10.00000000000 10.00000000000 10.00000000000 10.00000000000 10.00000000000 10.00000000000 10.00000000000 10.00000000000 10.00000000000 10.00000000000
 10.00000000000 10.00000000000 10.00000000000 10.00000000000 10.00000000000 10.00000000000 10.00000000000 10.00000000000 10.00000000000 10.00000000000 10.00000000000 10.00000000000 10.00000000000 10.00000000000 10.00000000000 10.00000000000 10.00000000000 10.00000000000 10.00000000000 10.00000000000 10.00000000000 10.00000000000 10.00000000000 10.00000000000 10.00000000000 10.00000000000 10.00000000000 10.00000000000 10.00000000000 10.00000000000 10.00000000000 10.00000000000
 10.00000000000 10.00000000000 10.00000000000 10.00000000000 10.00000000000 10.00000000000 10.00000000000 10.00000000000 10.00000000000 10.00000000000 10.00000000000 10.00000000000 10.00000000000 10.00000000000 10.00000000000 10.00000000000 10.00000000000 10.00000000000 10.00000000000 10.00000000000 10.00000000000 10.00000000000 10.00000000000 10.00000000000 10.00000000000 10.00000000000 10.00000000000 10.00000000000 10.00000000000 10.00000000000 10.00000000000 10.00000000000
 10.00000000000 10.00000000000 10.00000000000 10.00000000000 10.00000000000 10.00000000000 10.00000000000 10.00000000000 10.00000000000 10.00000000000 10.00000000000 10.00000000000 10.00000000000 10.00000000000 10.00000000000 10.00000000000 10.00000000000 10.00000000000 10.00000000000 10.00000000000 10.00000000000 10.00000000000 10.00000000000 10.00000000000 10.00000000000 10.00000000000 10.00000000000 10.00000000000 10.00000000000 10.00000000000 10.00000000000 10.00000000000
 10.00000000000 10.00000000000 10.00000000000 10.00000000000 10.00000000000 10.00000000000 10.00000000000 10.00000000000 10.00000000000 10.00000000000 10.00000000000 10.00000000000 10.00000000000 10.00000000000 10.00000000000 10.00000000000 10.00000000000 10.00000000000 10.00000000000 10.00000000000 10.00000000000 10.00000000000 10.00000000000 10.00000000000 10.00000000000 10.00000000000 10.00000000000 10.00000000000 10.00000000000 10.00000000000 10.00000000000 10.00000000000
 10.00000000000 10.00000000000 10.00000000000 10.00000000000 10.00000000000 10.00000000000 10.00000000000 10.00000000000 10.00000000000 10.00000000000 10.00000000000 10.00000000000 10.00000000000 10.00000000000 10.00000000000 10.00000000000 10.00000000000 10.00000000000 10.00000000000 10.00000000000 10.00000000000 10.00000000000 10.00000000000 10.00000000000 10.00000000000 10.00000000000 10.00000000000 10.00000000000 10.00000000000 10.00000000000 10.00000000000 10.00000000000
 10.00000000000 10.00000000000 10.00000000000 10.00000000000 10.00000000000 10.00000000000 10.00000000000 10.00000000000 10.00000000000 10.00000000000 10.00000000000 10.00000000000 10.00000000000 10.00000000000 10.00000000000 10.00000000000 10.00000000000 10.00000000000 10.00000000000 10.00000000000 10.00000000000 10.00000000000 10.00000000000 10.00000000000 10.00000000000 10.00000000000 10.00000000000 10.00000000000 10.00000000000 10.00000000000 10.00000000000 10.00000000000
 10.00000000000 10.00000000000 10.00000000000 10.00000000000 10.00000000000 10.00000000000 10.00000000000 10.00000000000 10.00000000000 10.00000000000 10.00000000000 10.00000000000 10.00000000000 10.00000000000 10.00000000000 10.00000000000 10.00000000000 10.00000000000 10.00000000000 10.00000000000 10.00000000000 10.00000000000 10.00000000000 10.00000000000 10.00000000000 10.00000000000 10.00000000000 10.00000000000 10.00000000000 10.00000000000 10.00000000000 10.00000000000
 10.00000000000 10.00000000000 10.00000000000 10.00000000000 10.00000000000 10.00000000000 10.00000000000 10.00000000000 10.00000000000 10.00000000000 10.00000000000 10.00000000000 10.00000000000 10.00000000000 10.00000000000 10.00000000000 10.00000000000 10.00000000000 10.00000000000 10.00000000000 10.00000000000 10.00000000000 10.00000000000 10.00000000000 10.00000000000 10.00000000000 10.00000000000 10.00000000000 10.00000000000 10.00000000000 10.00000000000 10.00000000000
 10.00000000000 10.00000000000 10.00000000000 10.00000000000 10.00000000000 10.00000000000 10.00000000000 10.00000000000 10.00000000000 10.00000000000 10.00000000000 10.00000000000 10.00000000000 10.00000000000 10.00000000000 10.00000000000 10.00000000000 10.00000000000 10.00000000000 10.00000000000 10.00000000000 10.00000000000 10.00000000000 10.00000000000 10.00000000000 10.00000000000 10.00000000000 10.00000000000 10.00000000000 10.00000000000 10.00000000000 10.00000000000
 10.00000000000 10.00000000000 10.00000000000 10.00000000000 10.00000000000 10.00000000000 10.00000000000 10.00000000000 10.00000000000 10.00000000000 10.00000000000 10.00000000000 10.00000000000 10.00000000000 10.00000000000 10.00000000000 10.00000000000 10.00000000000 10.00000000000 10.00000000000 10.00000000000 10.00000000000 10.00000000000 10.00000000000 10.00000000000 10.00000000000 10.00000000000 10.00000000000 10.00000000000 10.00000000000 10.00000000000 10.00000000000
 10.00000000000 10.00000000000 10.00000000000 10.00000000000 10.00000000000 10.00000000000 10.00000000000 10.00000000000 10.00000000000 10.00000000000 10.00000000000 10.00000000000 10.00000000000 10.00000000000 10.00000000000 10.00000000000 10.00000000000 10.00000000000 10.00000000000 10.00000000000 10.00000000000 10.00000000000 10.00000000000 10.00000000000 10.00000000000 10.00000000000 10.00000000000 10.00000000000 10.00000000000 10.00000000000 10.00000000000 10.00000000000
 10.00000000000 10.00000000000 10.00000000000 10.00000000000 10.00000000000 10.00000000000 10.00000000000 10.00000000000 10.00000000000 10.00000000000 10.00000000000 10.00000000000 10.00000000000 10.00000000000 10.00000000000 10.00000000000 10.00000000000 10.00000000000 10.00000000000 10.00000000000 10.00000000000 10.00000000000 10.00000000000 10.00000000000 10.00000000000 10.00000000000 10.00000000000 10.00000000000 10.00000000000 10.00000000000 10.00000000000 10.00000000000
 10.00000000000 10.00000000000 10.00000000000 10.00000000000 10.00000000000 10.00000000000 10.00000000000 10.00000000000 10.00000000000 10.00000000000 10.00000000000 10.00000000000 10.00000000000 10.00000000000 10.00000000000 10.00000000000 10.00000000000 10.00000000000 10.00000000000 10.00000000000 10.00000000000 10.00000000000 10.00000000000 10.00000000000 10.00000000000 10.00000000000 10.00000000000 10.00000000000 10.00000000000 10.00000000000 10.00000000000 10.00000000000

 10.00000000000 10.00000000000 10.00000000000 10.00000000000 10.00000000000 10.00000000000 10.00000000000 10.00000000000 10.00000000000 10.00000000000 10.00000000000 10.00000000000 10.00000000000 10.00000000000 10.00000000000 10.00000000000 10.00000000000 10.00000000000 10.00000000000 10.00000000000 10.00000000000 10.00000000000 10.00000000000 10.00000000000 10.00000000000 10.00000000000 10.00000000000 10.00000000000 10.00000000000 10.00000000000 10.00000000000 10.00000000000
 10.00000000000  9.99941406967  9.99883462769  9.99826805106  9.99772049959  9.99719782068  9.99670546853  9.99624844061  9.99583123255  9.99545781083  9.99513160193  9.99485549465  9.99463185250  9.99446253177  9.99434890178  9.99429186344  9.99429186342  9.99434890171  9.99446253166  9.99463185234  9.99485549447  9.99513160172  9.99545781061  9.99583123231  9.99624844038  9.99670546831  9.99719782049  9.99772049943  9.99826805092  9.99883462760  9.99941406962 10.00000000000
 10.00000000000  9.99883462769  9.99768215874  9.99655527520  9.99546622747  9.99442664498  9.99344737560  9.99253835935  9.99170853852  9.99096580344  9.99031697059  9.98976778732  9.98932295609  9.98898617051  9.98876015531  9.98864670327  9.98864670322  9.98876015517  9.98898617028  9.98932295578  9.98976778695  9.99031697017  9.99096580299  9.99170853805  9.99253835889  9.99344737516  9.99442664458  9.99546622714  9.99655527493  9.99768215856  9.99883462760 10.00000000000
 10.00000000000  9.99826805106  9.99655527520  9.99488051698  9.99326198023  9.99171694684  9.99026153839  9.98891052845  9.98767720885  9.98657330902  9.98560896313  9.98479271677  9.98413156267  9.98363099388  9.98329506292  9.98312643634  9.98312643627  9.98329506271  9.98363099355  9.98413156222  9.98479271622  9.98560896251  9.98657330835  9.98767720816  9.98891052776  9.99026153774  9.99171694625  9.99326197973  9.99488051658  9.99655527492  9.99826805092 10.00000000000
 10.00000000000  9.99772049959  9.99546622747  9.99326198023  9.99113171244  9.98909816708  9.98718256200  9.98540434303  9.98378100778  9.98232799920  9.98105866181  9.97998424996  9.97911397423  9.97845507080  9.97801287881  9.97779091171  9.97779091161  9.97801287854  9.97845507036  9.97911397363  9.97998424924  9.98105866099  9.98232799832  9.98378100687  9.98540434212  9.98718256115  9.98909816630  9.99113171178  9.99326197971  9.99546622711  9.99772049941 10.00000000000
 10.00000000000  9.99719782068  9.99442664498  9.99171694684  9.98909816708  9.98659825969  9.98424330696  9.98205721593  9.98006150173  9.97827515613  9.97671459312  9.97539365816  9.97432368435  9.97351357685  9.97296990705  9.97269699981  9.97269699970  9.97296990672  9.97351357630  9.97432368362  9.97539365727  9.97671459211  9.97827515504  9.98006150061  9.98205721482  9.98424330591  9.98659825874  9.98909816626  9.99171694620  9.99442664454  9.99719782046 10.00000000000
 10.00000000000  9.99670546853  9.99344737560  9.99026153839  9.98718256200  9.98424330696  9.98147443728  9.97890406374  9.97655748890  9.97445705187  9.97262206342  9.97106881576  9.96981064732  9.96885804085  9.96821873311  9.96789781649  9.96789781635  9.96821873272  9.96885804021  9.96981064646  9.97106881471  9.97262206223  9.97445705059  9.97655748758  9.97890406243  9.98147443604  9.98424330584  9.98718256105  9.99026153764  9.99344737507  9.99670546826 10.00000000000
 10.00000000000  9.99624844061  9.99253835935  9.98891052845  9.98540434303  9.98205721593  9.97890406374  9.97597690077  9.97330454833  9.97091245726  9.96882263283  9.96705364451  9.96562069833  9.96453574704  9.96380761380  9.96344210681  9.96344210666  9.96380761335  9.96453574630  9.96562069734  9.96705364332  9.96882263147  9.97091245580  9.97330454682  9.97597689927  9.97890406233  9.98205721465  9.98540434193  9.98891052759  9.99253835876  9.99624844031 10.00000000000
 10.00000000000  9.99583123255  9.99170853852  9.98767720885  9.98378100778  9.98006150173  9.97655748890  9.97330454833  9.97033471649  9.96767628916  9.96535373664  9.96338771313  9.96179513535  9.96058930340  9.95978003665  9.95937379993  9.95937379976  9.95978003614  9.96058930258  9.96179513426  9.96338771181  9.96535373513  9.96767628753  9.97033471482  9.97330454667  9.97655748732  9.98006150030  9.98378100656  9.98767720789  9.99170853786  9.99583123221 10.00000000000
 10.00000000000  9.99545781083  9.99096580344  9.98657330902  9.98232799920  9.97827515613  9.97445705187  9.97091245726  9.96767628916  9.96477939358  9.96224845199  9.96010598976  9.95837046005  9.95705637378  9.95617444599  9.95573173214  9.95573173196  9.95617444545  9.95705637289  9.95837045886  9.96010598831  9.96224845035  9.96477939181  9.96767628733  9.97091245545  9.97445705015  9.97827515458  9.98232799788  9.98657330798  9.99096580272  9.99545781046 10.00000000000
 10.00000000000  9.99513160193  9.99031697059  9.98560896313  9.98105866181  9.97671459312  9.97262206342  9.96882263283  9.96535373664  9.96224845199  9.95953539597  9.95723873299  9.95537826289  9.95396955837  9.95302412038  9.95254952271  9.95254952251  9.95302411979  9.95396955742  9.95537826161  9.95723873143  9.95953539420  9.96224845009  9.96535373468  9.96882263088  9.97262206158  9.97671459145  9.98105866039  9.98560896201  9.99031696982  9.99513160153 10.00000000000
 10.00000000000  9.99485549465  9.98976778732  9.98479271677  9.97998424996  9.97539365816  9.97106881576  9.96705364451  9.96338771313  9.96010598976  9.95723873299  9.95481149802  9.95284522804  9.95135639769  9.95035717573  9.94985557664  9.94985557643  9.95035717511  9.95135639669  9.95284522669  9.95481149638  9.95723873112  9.96010598774  9.96338771106  9.96705364246  9.97106881381  9.97539365639  9.97998424846  9.98479271558  9.98976778650  9.99485549423 10.00000000000
 10.00000000000  9.99463185250  9.98932295609  9.98413156267  9.97911397423  9.97432368435  9.96981064732  9.96562069833  9.96179513535  9.95837046005  9.95537826289  9.95284522804  9.95079322726  9.94923946804  9.94819666197  9.94767318182  9.94767318161  9.94819666132  9.94923946699  9.95079322585  9.95284522633  9.95537826094  9.95837045795  9.96179513318  9.96562069618  9.96981064529  9.97432368251  9.97911397265  9.98413156143  9.98932295523  9.99463185206 10.00000000000
 10.00000000000  9.99446253177  9.98898617051  9.98363099388  9.97845507080  9.97351357685  9.96885804085  9.96453574704  9.96058930340  9.95705637378  9.95396955837  9.95135639769  9.94923946804  9.94763653319  9.94656071689  9.94602066402  9.94602066379  9.94656071621  9.94763653210  9.94923946658  9.95135639592  9.95396955636  9.95705637161  9.96058930116  9.96453574482  9.96885803875  9.97351357494  9.97845506918  9.98363099260  9.98898616962  9.99446253132 10.00000000000
 10.00000000000  9.99434890178  9.98876015531  9.98329506292  9.97801287881  9.97296990705  9.96821873311  9.96380761380  9.95978003665  9.95617444599  9.95302412038  9.95035717573  9.94819666197  9.94656071689  9.94546274142  9.94491156350  9.94491156327  9.94546274074  9.94656071577  9.94819666048  9.95035717392  9.95302411832  9.95617444378  9.95978003436  9.96380761153  9.96821873097  9.97296990511  9.97801287715  9.98329506161  9.98876015441  9.99434890132 10.00000000000
 10.00000000000  9.99429186344  9.98864670327  9.98312643634  9.97779091171  9.97269699981  9.96789781649  9.96344210681  9.95937379993  9.95573173214  9.95254952271  9.94985557664  9.94767318182  9.94602066402  9.94491156350  9.94435480018  9.94435479995  9.94491156281  9.94602066290  9.94767318032  9.94985557481  9.95254952063  9.95573172991  9.95937379762  9.96344210452  9.96789781432  9.97269699785  9.97779091003  9.98312643502  9.98864670235  9.99429186298 10.00000000000
 10.00000000000  9.99429186342  9.98864670322  9.98312643627  9.97779091161  9.97269699970  9.96789781635  9.96344210666  9.95937379976  9.95573173196  9.95254952251  9.94985557643  9.94767318161  9.94602066379  9.94491156327  9.94435479995  9.94435479971  9.94491156258  9.94602066267  9.94767318010  9.94985557460  9.95254952043  9.95573172972  9.95937379745  9.96344210437  9.96789781418  9.97269699773  9.97779090994  9.98312643495  9.98864670231  9.99429186295 10.00000000000
 10.00000000000  9.99434890171  9.98876015517  9.98329506271  9.97801287854  9.97296990672  9.96821873272  9.96380761335  9.95978003614  9.95617444545  9.95302411979  9.95035717511  9.94819666132  9.94656071621  9.94546274074  9.94491156281  9.94491156258  9.94546274005  9.94656071510  9.94819665983  9.95035717330  9.95302411773  9.95617444323  9.95978003386  9.96380761108  9.96821873057  9.97296990477  9.97801287688  9.98329506140  9.98876015427  9.99434890125 10.00000000000
 10.00000000000  9.99446253166  9.98898617028  9.98363099355  9.97845507036  9.97351357630  9.96885804021  9.96453574630  9.96058930258  9.95705637289  9.95396955742  9.95135639669  9.94923946699  9.94763653210  9.94656071577  9.94602066290  9.94602066267  9.94656071510  9.94763653101  9.94923946553  9.95135639491  9.95396955541  9.95705637072  9.96058930034  9.96453574409  9.96885803811  9.97351357440  9.97845506873  9.98363099226  9.98898616940  9.99446253120 10.00000000000
 10.00000000000  9.99463185234  9.98932295578  9.98413156222  9.97911397363  9.97432368362  9.96981064646  9.96562069734  9.96179513426  9.95837045886  9.95537826161  9.95284522669  9.95079322585  9.94923946658  9.94819666048  9.94767318032  9.94767318010  9.94819665983  9.94923946553  9.95079322443  9.95284522497  9.95537825966  9.95837045676  9.96179513209  9.96562069520  9.96981064442  9.97432368177  9.97911397206  9.98413156098  9.98932295493  9.99463185191 10.00000000000
 10.00000000000  9.99485549447  9.98976778695  9.98479271622  9.97998424924  9.97539365727  9.97106881471  9.96705364332  9.96338771181  9.96010598831  9.95723873143  9.95481149638  9.95284522633  9.95135639592  9.95035717392  9.94985557481  9.94985557460  9.95035717330  9.95135639491  9.95284522497  9.95481149474  9.95723872956  9.96010598629  9.96338770973  9.96705364126  9.97106881276  9.97539365550  9.97998424773  9.98479271504  9.98976778613  9.99485549405 10.00000000000
 10.00000000000  9.99513160172  9.99031697017  9.98560896251  9.98105866099  9.97671459211  9.97262206223  9.96882263147  9.96535373513  9.96224845035  9.95953539420  9.95723873112  9.95537826094  9.95396955636  9.95302411832  9.95254952063  9.95254952043  9.95302411773  9.95396955541  9.95537825966  9.95723872956  9.95953539244  9.96224844844  9.96535373317  9.96882262953  9.97262206039  9.97671459044  9.98105865957  9.98560896139  9.99031696940  9.99513160132 10.00000000000
 10.00000000000  9.99545781061  9.99096580299  9.98657330835  9.98232799832  9.97827515504  9.97445705059  9.97091245580  9.96767628753  9.96477939181  9.96224845009  9.96010598774  9.95837045795  9.95705637161  9.95617444378  9.95573172991  9.95573172972  9.95617444323  9.95705637072  9.95837045676  9.96010598629  9.96224844844  9.96477939003  9.96767628570  9.97091245399  9.97445704887  9.97827515349  9.98232799699  9.98657330730  9.99096580227  9.99545781024 10.00000000000
 10.00000000000  9.99583123231  9.99170853805  9.98767720816  9.98378100687  9.98006150061  9.97655748758  9.97330454682  9.97033471482  9.96767628733  9.96535373468  9.96338771106  9.96179513318  9.96058930116  9.95978003436  9.95937379762  9.95937379745  9.95978003386  9.96058930034  9.96179513209  9.96338770973  9.96535373317  9.96767628570  9.97033471314  9.97330454516  9.97655748600  9.98006149918  9.98378100565  9.98767720720  9.99170853739  9.99583123197 10.00000000000
 10.00000000000  9.99624844038  9.99253835889  9.98891052776  9.98540434212  9.98205721482  9.97890406243  9.97597689927  9.97330454667  9.97091245545  9.96882263088  9.96705364246  9.96562069618  9.96453574482  9.96380761153  9.96344210452  9.96344210437  9.96380761108  9.96453574409  9.96562069520  9.96705364126  9.96882262953  9.97091245399  9.97330454516  9.97597689778  9.97890406102  9.98205721354  9.98540434103  9.98891052690  9.99253835830  9.99624844008 10.00000000000
 10.00000000000  9.99670546831  9.99344737516  9.99026153774  9.98718256115  9.98424330591  9.98147443604  9.97890406233  9.97655748732  9.97445705015  9.97262206158  9.97106881381  9.96981064529  9.96885803875  9.96821873097  9.96789781432  9.96789781418  9.96821873057  9.96885803811  9.96981064442  9.97106881276  9.97262206039  9.97445704887  9.97655748600  9.97890406102  9.98147443480  9.98424330479  9.98718256019  9.99026153699  9.99344737464  9.99670546804 10.00000000000
 10.00000000000  9.99719782049  9.99442664458  9.99171694625  9.98909816630  9.98659825874  9.98424330584  9.98205721465  9.98006150030  9.97827515458  9.97671459145  9.97539365639  9.97432368251  9.97351357494  9.97296990511  9.97269699785  9.97269699773  9.97296990477  9.97351357440  9.97432368177  9.97539365550  9.97671459044  9.97827515349  9.98006149918  9.98205721354  9.98424330479  9.98659825778  9.98909816549  9.99171694561  9.99442664414  9.99719782026 10.00000000000
 10.00000000000  9.99772049943  9.99546622714  9.99326197973  9.99113171178  9.98909816626  9.98718256105  9.98540434193  9.98378100656  9.98232799788  9.98105866039  9.97998424846  9.97911397265  9.97845506918  9.97801287715  9.97779091003  9.97779090994  9.97801287688  9.97845506873  9.97911397206  9.97998424773  9.98105865957  9.98232799699  9.98378100565  9.98540434103  9.98718256019  9.98909816549  9.99113171112  9.99326197920  9.99546622678  9.99772049924 10.00000000000
 10.00000000000  9.99826805092  9.99655527493  9.99488051658  9.99326197971  9.99171694620  9.99026153764  9.98891052759  9.98767720789  9.98657330798  9.98560896201  9.98479271558  9.98413156143  9.98363099260  9.98329506161  9.98312643502  9.98312643495  9.98329506140  9.98363099226  9.98413156098  9.98479271504  9.98560896139  9.98657330730  9.98767720720  9.98891052690  9.99026153699  9.99171694561  9.99326197920  9.99488051619  9.99655527466  9.99826805078 10.00000000000
 10.00000000000  9.99883462760  9.99768215856  9.99655527492  9.99546622711  9.99442664454  9.99344737507  9.99253835876  9.99170853786  9.99096580272  9.99031696982  9.98976778650  9.98932295523  9.98898616962  9.98876015441  9.98864670235  9.98864670231  9.98876015427  9.98898616940  9.98932295493  9.98976778613  9.99031696940  9.99096580227  9.99170853739  9.99253835830  9.99344737464  9.99442664414  9.99546622678  9.99655527466  9.99768215837  9.99883462750 10.00000000000
 10.00000000000  9.99941406962  9.99883462760  9.99826805092  9.99772049941  9.99719782046  9.99670546826  9.99624844031  9.99583123221  9.99545781046  9.99513160153  9.99485549423  9.99463185206  9.99446253132  9.99434890132  9.99429186298  9.99429186295  9.99434890125  9.99446253120  9.99463185191  9.99485549405  9.99513160132  9.99545781024  9.99583123197  9.99624844008  9.99670546804  9.99719782026  9.99772049924  9.99826805078  9.99883462750  9.99941406958 10.00000000000
 10.00000000000 10.00000000000 10.00000000000 10.00000000000 10.00000000000 10.00000000000 10.00000000000 10.00000000000 10.00000000000 10.00000000000 10.00000000000 10.00000000000 10.00000000000 10.00000000000 10.00000000000 10.00000000000 10.00000000000 10.00000000000 10.00000000000 10.00000000000 10.00000000000 10.00000000000 10.00000000000 10.00000000000 10.00000000000 10.00000000000 10.00000000000 10.00000000000 10.00000000000 10.00000000000 10.00000000000 10.00000000000

 10.00000000000 10.00000000000 10.00000000000 10.00000000000 10.00000000000 10.00000000000 10.00000000000 10.00000000000 10.00000000000 10.00000000000 10.00000000000 10.00000000000 10.00000000000 10.00000000000 10.00000000000 10.00000000000 10.00000000000 10.00000000000 10.00000000000 10.00000000000 10.00000000000 10.00000000000 10.00000000000 10.00000000000 10.00000000000 10.00000000000 10.00000000000 10.00000000000 10.00000000000 10.00000000000 10.00000000000 10.00000000000
 10.00000000000  9.99881552358  9.99764420486  9.99649897192  9.99539230532  9.99433604245  9.99334121242  9.99241790720  9.99157519120  9.99082104840  9.99016236325  9.98960492934  9.98915347816  9.98881171971  9.98858238678  9.98846727539  9.98846727534  9.98858238664  9.98881171949  9.98915347786  9.98960492897  9.99016236283  9.99082104794  9.99157519073  9.99241790674  9.99334121198  9.99433604205  9.99539230498  9.99649897165  9.99764420468  9.99881552349 10.00000000000
 10.00000000000  9.99764420486  9.99531457567  9.99303682208  9.99083576435  9.98873494440  9.98675629771  9.98491989698  9.98324377218  9.98174380533  9.98043369219  9.97932495925  9.97842702057  9.97774725831  9.97729111047  9.97706215112  9.97706215102  9.97729111019  9.97774725786  9.97842701996  9.97932495851  9.98043369136  9.98174380443  9.98324377126  9.98491989606  9.98675629684  9.98873494361  9.99083576367  9.99303682155  9.99531457531  9.99764420467 10.00000000000
 10.00000000000  9.99649897192  9.99303682208  9.98965175147  9.98638064094  9.98325847380  9.98031784849  9.97758859777  9.97509752113  9.97286822792  9.97092107995  9.96927321590  9.96793863514  9.96692831664  9.96625034868  9.96591004759  9.96591004745  9.96625034827  9.96692831597  9.96793863424  9.96927321480  9.97092107871  9.97286822658  9.97509751975  9.97758859640  9.98031784720  9.98325847263  9.98638063994  9.98965175068  9.99303682154  9.99649897164 10.00000000000
 10.00000000000  9.99539230532  9.99083576435  9.98638064094  9.98207546444  9.97796627067  9.97409596132  9.97050380277  9.96722507373  9.96429085797  9.96172796776  9.95955897479  9.95780231911  9.95647246434  9.95558006726  9.95513213308  9.95513213289  9.95558006672  9.95647246346  9.95780231793  9.95955897335  9.96172796613  9.96429085621  9.96722507192  9.97050380097  9.97409595961  9.97796626913  9.98207546312  9.98638063990  9.99083576363  9.99539230496 10.00000000000
 10.00000000000  9.99433604245  9.98873494440  9.98325847380  9.97796627067  9.97291491576  9.96815714383  9.96374122803  9.95971054610  9.95610332460  9.95295254331  9.95028597124  9.94812629873  9.94649132620  9.94539417092  9.94484345650  9.94484345627  9.94539417025  9.94649132511  9.94812629727  9.95028596947  9.95295254130  9.95610332244  9.95971054386  9.96374122582  9.96815714174  9.97291491386  9.97796626905  9.98325847252  9.98873494352  9.99433604200 10.00000000000
 10.00000000000  9.99334121242  9.98675629771  9.98031784849  9.97409596132  9.96815714383  9.96256339114  9.95737146223  9.95263236951  9.94839107660  9.94468638389  9.94155096848  9.93901153678  9.93708904388  9.93579893437  9.93515136320  9.93515136293  9.93579893358  9.93708904260  9.93901153506  9.94155096640  9.94468638153  9.94839107405  9.95263236688  9.95737145963  9.96256338867  9.96815714160  9.97409595941  9.98031784699  9.98675629668  9.99334121189 10.00000000000
 10.00000000000  9.99241790720  9.98491989698  9.97758859777  9.97050380277  9.96374122803  9.95737146223  9.95145914320  9.94606237583  9.94123238636  9.93701338943  9.93344263061  9.93055055696  9.92836106368  9.92689176544  9.92615424566  9.92615424536  9.92689176454  9.92836106222  9.93055055501  9.93344262824  9.93701338673  9.94123238345  9.94606237284  9.95145914023  9.95737145942  9.96374122548  9.97050380059  9.97758859605  9.98491989579  9.99241790659 10.00000000000
 10.00000000000  9.99157519120  9.98324377218  9.97509752113  9.96722507373  9.95971054610  9.95263236951  9.94606237583  9.94006514993  9.93469764346  9.93000902438  9.92604072073  9.92282660647  9.92039327198  9.91876032238  9.91794065180  9.91794065146  9.91876032138  9.92039327036  9.92282660429  9.92604071809  9.93000902138  9.93469764023  9.94006514660  9.94606237253  9.95263236638  9.95971054326  9.96722507131  9.97509751922  9.98324377087  9.99157519053 10.00000000000
 10.00000000000  9.99082104840  9.98174380533  9.97286822792  9.96429085797  9.95610332460  9.94839107660  9.94123238636  9.93469764346  9.92884893177  9.92373986239  9.91941561772  9.91591314994  9.91326147192  9.91148197876  9.91058874383  9.91058874346  9.91148197767  9.91326147015  9.91591314756  9.91941561483  9.92373985911  9.92884892824  9.93469763982  9.94123238276  9.94839107318  9.95610332151  9.96429085533  9.97286822584  9.98174380389  9.99082104766 10.00000000000
 10.00000000000  9.99016236325  9.98043369219  9.97092107995  9.96172796776  9.95295254331  9.94468638389  9.93701338943  9.93000902438  9.92373986239  9.91826340414  9.91362812085  9.90987366299  9.90703116822  9.90512360244  9.90416607428  9.90416607389  9.90512360127  9.90703116633  9.90987366044  9.91362811775  9.91826340063  9.92373985860  9.93000902047  9.93701338556  9.94468638022  9.95295253999  9.96172796493  9.97092107771  9.98043369065  9.99016236246 10.00000000000
 10.00000000000  9.98960492934  9.97932495925  9.96927321590  9.95955897479  9.95028597124  9.94155096848  9.93344263061  9.92604072073  9.91941561772  9.91362812085  9.90872949217  9.90476167330  9.90175760703  9.89974159441  9.89872962432  9.89872962390  9.89974159317  9.90175760502  9.90476167060  9.90872948890  9.91362811713  9.91941561371  9.92604071660  9.93344262652  9.94155096460  9.95028596773  9.95955897179  9.96927321353  9.97932495762  9.98960492851 10.00000000000
 10.00000000000  9.98915347816  9.97842702057  9.96793863514  9.95780231911  9.94812629873  9.93901153678  9.93055055696  9.92282660647  9.91591314994  9.90987366299  9.90476167330  9.90062098341  9.89748600301  9.89538211859  9.89432603488  9.89432603444  9.89538211730  9.89748600092  9.90062098059  9.90476166988  9.90987365911  9.91591314575  9.92282660215  9.93055055269  9.93901153273  9.94812629506  9.95780231598  9.96793863267  9.97842701886  9.98915347729 10.00000000000
 10.00000000000  9.98881171971  9.97774725831  9.96692831664  9.95647246434  9.94649132620  9.93708904388  9.92836106368  9.92039327198  9.91326147192  9.90703116822  9.90175760703  9.89748600301  9.89425187945  9.89208144707  9.89099195436  9.89099195391  9.89208144573  9.89425187728  9.89748600011  9.90175760350  9.90703116422  9.91326146760  9.92039326753  9.92836105927  9.93708903970  9.94649132241  9.95647246111  9.96692831409  9.97774725655  9.98881171881 10.00000000000
 10.00000000000  9.98858238678  9.97729111047  9.96625034868  9.95558006726  9.94539417092  9.93579893437  9.92689176544  9.91876032238  9.91148197876  9.90512360244  9.89974159441  9.89538211859  9.89208144707  9.88986634497  9.88875442655  9.88875442609  9.88986634360  9.89208144486  9.89538211562  9.89974159080  9.90512359835  9.91148197435  9.91876031783  9.92689176093  9.93579893010  9.94539416705  9.95558006396  9.96625034608  9.97729110867  9.98858238587 10.00000000000
 10.00000000000  9.98846727539  9.97706215112  9.96591004759  9.95513213308  9.94484345650  9.93515136320  9.92615424566  9.91794065180  9.91058874383  9.90416607428  9.89872962432  9.89432603488  9.89099195436  9.88875442655  9.88763124961  9.88763124915  9.88875442517  9.89099195213  9.89432603188  9.89872962068  9.90416607015  9.91058873937  9.91794064720  9.92615424111  9.93515135888  9.94484345259  9.95513212974  9.96591004496  9.97706214930  9.98846727446 10.00000000000
 10.00000000000  9.98846727534  9.97706215102  9.96591004745  9.95513213289  9.94484345627  9.93515136293  9.92615424536  9.91794065146  9.91058874346  9.90416607389  9.89872962390  9.89432603444  9.89099195391  9.88875442609  9.88763124915  9.88763124868  9.88875442471  9.89099195167  9.89432603145  9.89872962026  9.90416606976  9.91058873900  9.91794064686  9.92615424081  9.93515135861  9.94484345236  9.95513212956  9.96591004482  9.97706214921  9.98846727442 10.00000000000
 10.00000000000  9.98858238664  9.97729111019  9.96625034827  9.95558006672  9.94539417025  9.93579893358  9.92689176454  9.91876032138  9.91148197767  9.90512360127  9.89974159317  9.89538211730  9.89208144573  9.88986634360  9.88875442517  9.88875442471  9.88986634224  9.89208144352  9.89538211433  9.89974158956  9.90512359718  9.91148197326  9.91876031683  9.92689176003  9.93579892931  9.94539416638  9.95558006341  9.96625034567  9.97729110839  9.98858238573 10.00000000000
 10.00000000000  9.98881171949  9.97774725786  9.96692831597  9.95647246346  9.94649132511  9.93708904260  9.92836106222  9.92039327036  9.91326147015  9.90703116633  9.90175760502  9.89748600092  9.89425187728  9.89208144486  9.89099195213  9.89099195167  9.89208144352  9.89425187512  9.89748599801  9.90175760149  9.90703116232  9.91326146583  9.92039326591  9.92836105781  9.93708903842  9.94649132132  9.95647246022  9.96692831342  9.97774725610  9.98881171859 10.00000000000
