
 10.00000000000 10.00000000000 10.00000000000 10.00000000000 10.00000000000 10.00000000000 10.00000000000 10.00000000000 10.00000000000 10.00000000000 10.00000000000 10.00000000000 10.00000000000 10.00000000000 10.00000000000 10.00000000000 10.00000000000 10.00000000000 10.00000000000 10.00000000000 10.00000000000 10.00000000000 10.00000000000 10.00000000000 10.00000000000 10.00000000000 10.00000000000 10.00000000000 10.00000000000 10.00000000000 10.00000000000 10.00000000000
 10.00000000000 10.00000000000 10.00000000000 10.00000000000 10.00000000000 10.00000000000 10.00000000000 10.00000000000 10.00000000000 10.00000000000 10.00000000000 10.00000000000 10.00000000000 10.00000000000 10.00000000000 10.00000000000 10.00000000000 10.00000000000 10.00000000000 10.00000000000 10.00000000000 10.00000000000 10.00000000000 10.00000000000 10.00000000000 10.00000000000 10.00000000000 10.00000000000 10.00000000000 10.00000000000 10.00000000000 10.00000000000
 10.00000000000 10.00000000000 10.00000000000 10.00000000000 10.00000000000 10.00000000000 10.00000000000 10.00000000000 10.00000000000 10.00000000000 10.00000000000 10.00000000000 10.00000000000 10.00000000000 10.00000000000 10.00000000000 10.00000000000 10.00000000000 10.00000000000 10.00000000000 10.00000000000 10.00000000000 10.00000000000 10.00000000000 10.00000000000 10.00000000000 10.00000000000 10.00000000000 10.00000000000 10.00000000000 10.00000000000 10.00000000000
 10.00000000000 10.00000000000 10.00000000000 10.00000000000 10.00000000000 10.00000000000 10.00000000000 10.00000000000 10.00000000000 10.00000000000 10.00000000000 10.00000000000 10.00000000000 10.00000000000 10.00000000000 10.00000000000 10.00000000000 10.00000000000 10.00000000000 10.00000000000 10.00000000000 10.00000000000 10.00000000000 10.00000000000 10.00000000000 10.00000000000 10.00000000000 10.00000000000 10.00000000000 10.00000000000 10.00000000000 10.00000000000
 10.00000000000 10.00000000000 10.00000000000 10.00000000000 10.00000000000 10.00000000000 10.00000000000 10.00000000000 10.00000000000 10.00000000000 10.00000000000 10.00000000000 10.00000000000 10.00000000000 10.00000000000 10.00000000000 10.00000000000 10.00000000000 10.00000000000 10.00000000000 10.00000000000 10.00000000000 10.00000000000 10.00000000000 10.00000000000 10.00000000000 10.00000000000 10.00000000000 10.00000000000 10.00000000000 10.00000000000 10.00000000000
 10.00000000000 10.00000000000 10.00000000000 10.00000000000 10.00000000000 10.00000000000 10.00000000000 10.00000000000 10.00000000000 10.00000000000 10.00000000000 10.00000000000 10.00000000000 10.00000000000 10.00000000000 10.00000000000 10.00000000000 10.00000000000 10.00000000000 10.00000000000 10.00000000000 10.00000000000 10.00000000000 10.00000000000 10.00000000000 10.00000000000 10.00000000000 10.00000000000 10.00000000000 10.00000000000 10.00000000000 10.00000000000
 10.00000000000 10.00000000000 10.00000000000 10.00000000000 10.00000000000 10.00000000000 10.00000000000 10.00000000000 10.00000000000 10.00000000000 10.00000000000 10.00000000000 10.00000000000 10.00000000000 10.00000000000 10.00000000000 10.00000000000 10.00000000000 10.00000000000 10.00000000000 10.00000000000 10.00000000000 10.00000000000 10.00000000000 10.00000000000 10.00000000000 10.00000000000 10.00000000000 10.00000000000 10.00000000000 10.00000000000 10.00000000000
 10.00000000000 10.00000000000 10.00000000000 10.00000000000 10.00000000000 10.00000000000 10.00000000000 10.00000000000 10.00000000000 10.00000000000 10.00000000000 10.00000000000 10.00000000000 10.00000000000 10.00000000000 10.00000000000 10.00000000000 10.00000000000 10.00000000000 10.00000000000 10.00000000000 10.00000000000 10.00000000000 10.00000000000 10.00000000000 10.00000000000 10.00000000000 10.00000000000 10.00000000000 10.00000000000 10.00000000000 10.00000000000
 10.00000000000 10.00000000000 10.00000000000 10.00000000000 10.00000000000 10.00000000000 10.00000000000 10.00000000000 10.00000000000 10.00000000000 10.00000000000 10.00000000000 10.00000000000 10.00000000000 10.00000000000 10.00000000000 10.00000000000 10.00000000000 10.00000000000 10.00000000000 10.00000000000 10.00000000000 10.00000000000 10.00000000000 10.00000000000 10.00000000000 10.00000000000 10.00000000000 10.00000000000 10.00000000000 10.00000000000 10.00000000000
 10.00000000000 10.00000000000 10.00000000000 10.00000000000 10.00000000000 10.00000000000 10.00000000000 10.00000000000 10.00000000000 10.00000000000 10.00000000000 10.00000000000 10.00000000000 10.00000000000 10.00000000000 10.00000000000 10.00000000000 10.00000000000 10.00000000000 10.00000000000 10.00000000000 10.00000000000 10.00000000000 10.00000000000 10.00000000000 10.00000000000 10.00000000000 10.00000000000 10.00000000000 10.00000000000 10.00000000000 10.00000000000
 10.00000000000 10.00000000000 10.00000000000 10.00000000000 10.00000000000 10.00000000000 10.00000000000 10.00000000000 10.00000000000 10.00000000000 10.00000000000 10.00000000000 10.00000000000 10.00000000000 10.00000000000 10.00000000000 10.00000000000 10.00000000000 10.00000000000 10.00000000000 10.00000000000 10.00000000000 10.00000000000 10.00000000000 10.00000000000 10.00000000000 10.00000000000 10.00000000000 10.00000000000 10.00000000000 10.00000000000 10.00000000000
 10.00000000000 10.00000000000 10.00000000000 10.00000000000 10.00000000000 10.00000000000 10.00000000000 10.00000000000 10.00000000000 10.00000000000 10.00000000000 10.00000000000 10.00000000000 10.00000000000 10.00000000000 10.00000000000 10.00000000000 10.00000000000 10.00000000000 10.00000000000 10.00000000000 10.00000000000 10.00000000000 10.00000000000 10.00000000000 10.00000000000 10.00000000000 10.00000000000 10.00000000000 10.00000000000 10.00000000000 10.00000000000
 10.00000000000 10.00000000000 10.00000000000 10.00000000000 10.00000000000 10.00000000000 10.00000000000 10.00000000000 10.00000000000 10.00000000000 10.00000000000 10.00000000000 10.00000000000 10.00000000000 10.00000000000 10.00000000000 10.00000000000 10.00000000000 10.00000000000 10.00000000000 10.00000000000 10.00000000000 10.00000000000 10.00000000000 10.00000000000 10.00000000000 10.00000000000 10.00000000000 10.00000000000 10.00000000000 10.00000000000 10.00000000000
 10.00000000000 10.00000000000 10.00000000000 10.00000000000 10.00000000000 10.00000000000 10.00000000000 10.00000000000 10.00000000000 10.00000000000 10.00000000000 10.00000000000 10.00000000000 10.00000000000 10.00000000000 10.00000000000 10.00000000000 10.00000000000 10.00000000000 10.00000000000 10.00000000000 10.00000000000 10.00000000000 10.00000000000 10.00000000000 10.00000000000 10.00000000000 10.00000000000 10.00000000000 10.00000000000 10.00000000000 10.00000000000
 10.00000000000 10.00000000000 10.00000000000 10.00000000000 10.00000000000 10.00000000000 10.00000000000 10.00000000000 10.00000000000 10.00000000000 10.00000000000 10.00000000000 10.00000000000 10.00000000000 10.00000000000 10.00000000000 10.00000000000 10.00000000000 10.00000000000 10.00000000000 10.00000000000 10.00000000000 10.00000000000 10.00000000000 10.00000000000 10.00000000000 10.00000000000 10.00000000000 10.00000000000 10.00000000000 10.00000000000 10.00000000000
 10.00000000000 10.00000000000 10.00000000000 10.00000000000 10.00000000000 10.00000000000 10.00000000000 10.00000000000 10.00000000000 10.00000000000 10.00000000000 10.00000000000 10.00000000000 10.00000000000 10.00000000000 10.00000000000 10.00000000000 10.00000000000 10.00000000000 10.00000000000 10.00000000000 10.00000000000 10.00000000000 10.00000000000 10.00000000000 10.00000000000 10.00000000000 10.00000000000 10.00000000000 10.00000000000 10.00000000000 10.00000000000
 10.00000000000 10.00000000000 10.00000000000 10.00000000000 10.00000000000 10.00000000000 10.00000000000 10.00000000000 10.00000000000 10.00000000000 10.00000000000 10.00000000000 10.00000000000 10.00000000000 10.00000000000 10.00000000000 10.00000000000 10.00000000000 10.00000000000 10.00000000000 10.00000000000 10.00000000000 10.00000000000 10.00000000000 10.00000000000 10.00000000000 10.00000000000 10.00000000000 10.00000000000 10.00000000000 10.00000000000 10.00000000000
 10.00000000000 10.00000000000 10.00000000000 10.00000000000 10.00000000000 10.00000000000 10.00000000000 10.00000000000 10.00000000000 10.00000000000 10.00000000000 10.00000000000 10.00000000000 10.00000000000 10.00000000000 10.00000000000 10.00000000000 10.00000000000 10.00000000000 10.00000000000 10.00000000000 10.00000000000 10.00000000000 10.00000000000 10.00000000000 10.00000000000 10.00000000000 10.00000000000 10.00000000000 10.00000000000 10.00000000000 10.00000000000
 10.00000000000 10.00000000000 10.00000000000 10.00000000000 10.00000000000 10.00000000000 10.00000000000 10.00000000000 10.00000000000 10.00000000000 10.00000000000 10.00000000000 10.00000000000 10.00000000000 10.00000000000 10.00000000000 10.00000000000 10.00000000000 10.00000000000 10.00000000000 10.00000000000 10.00000000000 10.00000000000 10.00000000000 10.00000000000 10.00000000000 10.00000000000 10.00000000000 10.00000000000 10.00000000000 10.00000000000 10.00000000000
 10.00000000000 10.00000000000 10.00000000000 10.00000000000 10.00000000000 10.00000000000 10.00000000000 10.00000000000 10.00000000000 10.00000000000 10.00000000000 10.00000000000 10.00000000000 10.00000000000 10.00000000000 10.00000000000 10.00000000000 10.00000000000 10.00000000000 10.00000000000 10.00000000000 10.00000000000 10.00000000000 10.00000000000 10.00000000000 10.00000000000 10.00000000000 10.00000000000 10.00000000000 10.00000000000 10.00000000000 10.00000000000
 10.00000000000 10.00000000000 10.00000000000 10.00000000000 10.00000000000 10.00000000000 10.00000000000 10.00000000000 10.00000000000 10.00000000000 10.00000000000 10.00000000000 10.00000000000 10.00000000000 10.00000000000 10.00000000000 10.00000000000 10.00000000000 10.00000000000 10.00000000000 10.00000000000 10.00000000000 10.00000000000 10.00000000000 10.00000000000 10.00000000000 10.00000000000 10.00000000000 10.00000000000 10.00000000000 10.00000000000 10.00000000000
 10.00000000000 10.00000000000 10.00000000000 10.00000000000 10.00000000000 10.00000000000 10.00000000000 10.00000000000 10.00000000000 10.00000000000 10.00000000000 10.00000000000 10.00000000000 10.00000000000 10.00000000000 10.00000000000 10.00000000000 10.00000000000 10.00000000000 10.00000000000 10.00000000000 10.00000000000 10.00000000000 10.00000000000 10.00000000000 10.00000000000 10.00000000000 10.00000000000 10.00000000000 10.00000000000 10.00000000000 10.00000000000
 10.00000000000 10.00000000000 10.00000000000 10.00000000000 10.00000000000 10.00000000000 10.00000000000 10.00000000000 10.00000000000 10.00000000000 10.00000000000 10.00000000000 10.00000000000 10.00000000000 10.00000000000 10.00000000000 10.00000000000 10.00000000000 10.00000000000 10.00000000000 10.00000000000 10.00000000000 10.00000000000 10.00000000000 10.00000000000 10.00000000000 10.00000000000 10.00000000000 10.00000000000 10.00000000000 10.00000000000 10.00000000000
 10.00000000000 10.00000000000 10.00000000000 10.00000000000 10.00000000000 10.00000000000 10.00000000000 10.00000000000 10.00000000000 10.00000000000 10.00000000000 10.00000000000 10.00000000000 10.00000000000 10.00000000000 10.00000000000 10.00000000000 10.00000000000 10.00000000000 10.00000000000 10.00000000000 10.00000000000 10.00000000000 10.00000000000 10.00000000000 10.00000000000 10.00000000000 10.00000000000 10.00000000000 10.00000000000 10.00000000000 10.00000000000
 10.00000000000 10.00000000000 10.00000000000 10.00000000000 10.00000000000 10.00000000000 10.00000000000 10.00000000000 10.00000000000 10.00000000000 10.00000000000 10.00000000000 10.00000000000 10.00000000000 10.00000000000 10.00000000000 10.00000000000 10.00000000000 10.00000000000 10.00000000000 10.00000000000 10.00000000000 10.00000000000 10.00000000000 10.00000000000 10.00000000000 10.00000000000 10.00000000000 10.00000000000 10.00000000000 10.00000000000 10.00000000000
 10.00000000000 10.00000000000 10.00000000000 10.00000000000 10.00000000000 10.00000000000 10.00000000000 10.00000000000 10.00000000000 10.00000000000 10.00000000000 10.00000000000 10.00000000000 10.00000000000 10.00000000000 10.00000000000 10.00000000000 10.00000000000 10.00000000000 10.00000000000 10.00000000000 10.00000000000 10.00000000000 10.00000000000 10.00000000000 10.00000000000 10.00000000000 10.00000000000 10.00000000000 10.00000000000 10.00000000000 10.00000000000
 10.00000000000 10.00000000000 10.00000000000 10.00000000000 10.00000000000 10.00000000000 10.00000000000 10.00000000000 10.00000000000 10.00000000000 10.00000000000 10.00000000000 10.00000000000 10.00000000000 10.00000000000 10.00000000000 10.00000000000 10.00000000000 10.00000000000 10.00000000000 10.00000000000 10.00000000000 10.00000000000 10.00000000000 10.00000000000 10.00000000000 10.00000000000 10.00000000000 10.00000000000 10.00000000000 10.00000000000 10.00000000000
 10.00000000000 10.00000000000 10.00000000000 10.00000000000 10.00000000000 10.00000000000 10.00000000000 10.00000000000 10.00000000000 10.00000000000 10.00000000000 10.00000000000 10.00000000000 10.00000000000 10.00000000000 10.00000000000 10.00000000000 10.00000000000 10.00000000000 10.00000000000 10.00000000000 10.00000000000 10.00000000000 10.00000000000 10.00000000000 10.00000000000 10.00000000000 10.00000000000 10.00000000000 10.00000000000 10.00000000000 10.00000000000
 10.00000000000 10.00000000000 10.00000000000 10.00000000000 10.00000000000 10.00000000000 10.00000000000 10.00000000000 10.00000000000 10.00000000000 10.00000000000 10.00000000000 10.00000000000 10.00000000000 10.00000000000 10.00000000000 10.00000000000 10.00000000000 10.00000000000 10.00000000000 10.00000000000 10.00000000000 10.00000000000 10.00000000000 10.00000000000 10.00000000000 10.00000000000 10.00000000000 10.00000000000 10.00000000000 10.00000000000 10.00000000000
 10.00000000000 10.00000000000 10.00000000000 10.00000000000 10.00000000000 10.00000000000 10.00000000000 10.00000000000 10.00000000000 10.00000000000 10.00000000000 10.00000000000 10.00000000000 10.00000000000 10.00000000000 10.00000000000 10.00000000000 10.00000000000 10.00000000000 10.00000000000 10.00000000000 10.00000000000 10.00000000000 10.00000000000 10.00000000000 10.00000000000 10.00000000000 10.00000000000 10.00000000000 10.00000000000 10.00000000000 10.00000000000
 10.00000000000 10.00000000000 10.00000000000 10.00000000000 10.00000000000 10.00000000000 10.00000000000 10.00000000000 10.00000000000 10.00000000000 10.00000000000 10.00000000000 10.00000000000 10.00000000000 10.00000000000 10.00000000000 10.00000000000 10.00000000000 10.00000000000 10.00000000000 10.00000000000 10.00000000000 10.00000000000 10.00000000000 10.00000000000 10.00000000000 10.00000000000 10.00000000000 10.00000000000 10.00000000000 10.00000000000 10.00000000000
 10.00000000000 10.00000000000 10.00000000000 10.00000000000 10.00000000000 10.00000000000 10.00000000000 10.00000000000 10.00000000000 10.00000000000 10.00000000000 10.00000000000 10.00000000000 10.00000000000 10.00000000000 10.00000000000 10.00000000000 10.00000000000 10.00000000000 10.00000000000 10.00000000000 10.00000000000 10.00000000000 10.00000000000 10.00000000000 10.00000000000 10.00000000000 10.00000000000 10.00000000000 10.00000000000 10.00000000000 10.00000000000

 10.00000000000 10.00000000000 10.00000000000 10.00000000000 10.00000000000 10.00000000000 10.00000000000 10.00000000000 10.00000000000 10.00000000000 10.00000000000 10.00000000000 10.00000000000 10.00000000000 10.00000000000 10.00000000000 10.00000000000 10.00000000000 10.00000000000 10.00000000000 10.00000000000 10.00000000000 10.00000000000 10.00000000000 10.00000000000 10.00000000000 10.00000000000 10.00000000000 10.00000000000 10.00000000000 10.00000000000 10.00000000000
 10.00000000000  9.99664475327  9.99332581547  9.99007894764  9.98693883702  9.98393861356  9.98110942558  9.97848008650  9.97607679957  9.97392296085  9.97203903600  9.97044250098  9.96914783336  9.96816653883  9.96750719654  9.96717550811  9.96717433752  9.96750373244  9.96816092231  9.96914029327  9.97043334475  9.97202863726  9.97391174431  9.97606522381  9.97846862532  9.98109854856  9.98392876686  9.98693042490  9.99007231578  9.99332123657  9.99664241572 10.00000000000
 10.00000000000  9.99332581547  9.98672385447  9.98026525075  9.97401900246  9.96805101044  9.96242323408  9.95719298884  9.95241239844  9.94812800304  9.94438051396  9.94120469559  9.93862934805  9.93667735965  9.93536579707  9.93470600277  9.93470367414  9.93535890601  9.93666618683  9.93861434872  9.94118648133  9.94435982799  9.94810569023  9.95238937105  9.95717018936  9.96240159668  9.96803142262  9.97400226843  9.98025205813  9.98671474576  9.99332116543 10.00000000000
 10.00000000000  9.99007894764  9.98026525075  9.97066464528  9.96137969334  9.95250835389  9.94414272817  9.93636801545  9.92926169864  9.92289296173  9.91732232487  9.91260146855  9.90877320747  9.90587156828  9.90392192320  9.90294113471  9.90293767297  9.90391167895  9.90585495876  9.90875090947  9.91257439121  9.91729157308  9.92285979149  9.92922746611  9.93633412173  9.94411056200  9.95247923462  9.96135481651  9.97064503313  9.98025170974  9.99007203489 10.00000000000
 10.00000000000  9.98693883702  9.97401900246  9.96137969334  9.94915592948  9.93747667238  9.92646317372  9.91622760076  9.90687196398  9.89848734987  9.89115344003  9.88493827913  9.87989823997  9.87607812522  9.87351134288  9.87222009625  9.87221553835  9.87349785478  9.87605625628  9.87986888129  9.88490262773  9.89111295066  9.89844367625  9.90682689169  9.91618297455  9.92642082210  9.93743833247  9.94912317538  9.96135387098  9.97400117368  9.98692973533 10.00000000000
 10.00000000000  9.98393861356  9.96805101044  9.95250835389  9.93747667238  9.92311454691  9.90957108064  9.89698420864  9.88547937894  9.87516860867  9.86614989198  9.85850691392  9.85230900660  9.84761127342  9.84445480413  9.84286690778  9.84286130218  9.84443821560  9.84758437759  9.85227289939  9.85846306752  9.86610009554  9.87511489603  9.88542394613  9.89692932446  9.90951899389  9.92306739401  9.93743638927  9.95247659589  9.96802908346  9.98392741973 10.00000000000
 10.00000000000  9.98110942558  9.96242323408  9.94414272817  9.92646317372  9.90957108064  9.89364181545  9.87883761333  9.86530602666  9.85317881425  9.84257124406  9.83358175560  9.82629190720  9.82076652103  9.81705393502  9.81518627601  9.81517968204  9.81703442161  9.82073488294  9.82624943359  9.83353017823  9.84251266754  9.85311563103  9.86524081996  9.87877305199  9.89358054478  9.90951561376  9.92641578791  9.94410537061  9.96239744093  9.98109625804 10.00000000000
 10.00000000000  9.97848008650  9.95719298884  9.93636801545  9.91622760076  9.89698420864  9.87883761333  9.86197263494  9.84655737179  9.83274193415  9.82065764891  9.81041667363  9.80211193507  9.79581729302  9.79158782602  9.78946014158  9.78945262864  9.79156559313  9.79578124570  9.80206354215  9.81035790820  9.82059090890  9.83266994542  9.84648307759  9.86189907604  9.87876780369  9.89692101164  9.91617361104  9.93632545156  9.95716360104  9.97846508388 10.00000000000
 10.00000000000  9.97607679957  9.95241239844  9.92926169864  9.90687196398  9.88547937894  9.86530602666  9.84655737179  9.82942029498  9.81406168441  9.80062755034  9.78924259459  9.78001014056  9.77301231379  9.76831035821  9.76594497980  9.76593662652  9.76828563851  9.77297223449  9.77995633476  9.78917725610  9.80055334530  9.81398164356  9.82933769078  9.84647558513  9.86522840864  9.88540911319  9.90681193537  9.92921437386  9.95237972353  9.97606011886 10.00000000000
 10.00000000000  9.97392296085  9.94812800304  9.92289296173  9.89848734987  9.87516860867  9.85317881425  9.83274193415  9.81406168441  9.79731999338  9.78267603524  9.77026575904  9.76020181075  9.75257372836  9.74744828508  9.74486986274  9.74486075601  9.74742133571  9.75253003398  9.76014315178  9.77019452715  9.78259513704  9.79723273299  9.81397162945  9.83265277048  9.85309419522  9.87509200506  9.89842190678  9.92284136834  9.94809238091  9.97390477557 10.00000000000
 10.00000000000  9.97203903600  9.94438051396  9.91732232487  9.89115344003  9.86614989198  9.84257124406  9.82065764891  9.80062755034  9.78267603524  9.76697379587  9.75366662329  9.74287532201  9.73469591747  9.72920002248  9.72643523638  9.72642547036  9.72917112208  9.73464905979  9.74281241637  9.75359023450  9.76688704096  9.78258245754  9.80053097576  9.82056203014  9.84248049894  9.86606774257  9.89108325911  9.91726699632  9.94434231293  9.97201953418 10.00000000000
 10.00000000000  9.97044250098  9.94120469559  9.91260146855  9.88493827913  9.85850691392  9.83358175560  9.81041667363  9.78924259459  9.77026575904  9.75366662329  9.73959932236  9.72819157802  9.71954491659  9.71373505475  9.71081232035  9.71080199543  9.71370450042  9.71949537731  9.72812507237  9.73951856193  9.75357490352  9.77016682601  9.78914049317  9.81031558271  9.83348581724  9.85842006320  9.88486408185  9.91254297361  9.94116430837  9.97042188309 10.00000000000
 10.00000000000  9.96914783336  9.93862934805  9.90877320747  9.87989823997  9.85230900660  9.82629190720  9.80211193507  9.78001014056  9.76020181075  9.74287532201  9.72819157802  9.71628391234  9.70725831421  9.70119383009  9.69814300173  9.69813222350  9.70116193429  9.70720659994  9.71621448678  9.72810727184  9.74277957531  9.76009853410  9.77990355641  9.80200640579  9.82619175670  9.85221834272  9.87982078508  9.90871214433  9.93858718763  9.96912631025 10.00000000000
 10.00000000000  9.96816653883  9.93667735965  9.90587156828  9.87607812522  9.84761127342  9.82076652103  9.79581729302  9.77301231379  9.75257372836  9.73469591747  9.71954491659  9.70725831421  9.69794548368  9.69168799636  9.68854007284  9.68852895102  9.69165508378  9.69789212086  9.70718667551  9.71945792289  9.73459711855  9.75246715946  9.77290233195  9.79570839968  9.82066317793  9.84751771936  9.87599820121  9.90580855856  9.93663385523  9.96814432961 10.00000000000
 10.00000000000  9.96750719654  9.93536579707  9.90392192320  9.87351134288  9.84445480413  9.81705393502  9.79158782602  9.76831035821  9.74744828508  9.72920002248  9.71373505475  9.70119383009  9.69168799636  9.68530082201  9.68208765610  9.68207630351  9.68526722652  9.69163352628  9.70112070493  9.71364625598  9.72909917354  9.74733950493  9.76819809430  9.79147667320  9.81694844761  9.84435930887  9.87342976049  9.90385760606  9.93532138996  9.96748452648 10.00000000000
 10.00000000000  9.96717550811  9.93470600277  9.90294113471  9.87222009625  9.84286690778  9.81518627601  9.78946014158  9.76594497980  9.74486986274  9.72643523638  9.71081232035  9.69814300173  9.68854007284  9.68208765610  9.67884166839  9.67883019990  9.68205371763  9.68848504668  9.69806913003  9.71072261504  9.72633335788  9.74475997206  9.76583156979  9.78934785399  9.81507971168  9.84277043760  9.87213768098  9.90287616095  9.93466114231  9.96715260661 10.00000000000
 10.00000000000  9.96717433752  9.93470367414  9.90293767297  9.87221553835  9.84286130218  9.81517968204  9.78945262864  9.76593662652  9.74486075601  9.72642547036  9.71080199543  9.69813222350  9.68852895102  9.68207630351  9.67883019990  9.67881873142  9.68204236504  9.68847392486  9.69805835180  9.71071229012  9.72632359186  9.74475086532  9.76582321651  9.78934034105  9.81507311770  9.84276483200  9.87213312308  9.90287269921  9.93465881368  9.96715143602 10.00000000000
 10.00000000000  9.96750373244  9.93535890601  9.90391167895  9.87349785478  9.84443821560  9.81703442161  9.79156559313  9.76828563851  9.74742133571  9.72917112208  9.71370450042  9.70116193429  9.69165508378  9.68526722652  9.68205371763  9.68204236504  9.68523363103  9.69160061371  9.70108880913  9.71361570166  9.72907027315  9.74731255556  9.76817337460  9.79145444031  9.81692893419  9.84434272033  9.87341627239  9.90384736181  9.93531449890  9.96748106238 10.00000000000
 10.00000000000  9.96816092231  9.93666618683  9.90585495876  9.87605625628  9.84758437759  9.82073488294  9.79578124570  9.77297223449  9.75253003398  9.73464905979  9.71949537731  9.70720659994  9.69789212086  9.69163352628  9.68848504668  9.68847392486  9.69160061371  9.69783875803  9.70713496123  9.71940838362  9.73455026088  9.75242346508  9.77286225265  9.79567235236  9.82063153984  9.84749082352  9.87597633227  9.90579194903  9.93662268241  9.96813871308 10.00000000000
 10.00000000000  9.96914029327  9.93861434872  9.90875090947  9.87986888129  9.85227289939  9.82624943359  9.80206354215  9.77995633476  9.76014315178  9.74281241637  9.72812507237  9.71621448678  9.70718667551  9.70112070493  9.69806913003  9.69805835180  9.70108880913  9.70713496123  9.71614506123  9.72804076619  9.74271666967  9.76003987513  9.77984975061  9.80195801287  9.82614928309  9.85218223552  9.87979142639  9.90868984632  9.93857218830  9.96911877016 10.00000000000
 10.00000000000  9.97043334475  9.94118648133  9.91257439121  9.88490262773  9.85846306752  9.83353017823  9.81035790820  9.78917725610  9.77019452715  9.75359023450  9.73951856193  9.72810727184  9.71945792289  9.71364625598  9.71072261504  9.71071229012  9.71361570166  9.71940838362  9.72804076619  9.73943780151  9.75349851472  9.77009559412  9.78907515468  9.81025681729  9.83343423988  9.85837621680  9.88482843044  9.91251589627  9.94114609410  9.97041272687 10.00000000000
 10.00000000000  9.97202863726  9.94435982799  9.91729157308  9.89111295066  9.86610009554  9.84251266754  9.82059090890  9.80055334530  9.78259513704  9.76688704096  9.75357490352  9.74277957531  9.73459711855  9.72909917354  9.72633335788  9.72632359186  9.72907027315  9.73455026088  9.74271666967  9.75349851472  9.76680028605  9.78250155934  9.80045677071  9.82049529013  9.84242192242  9.86601794613  9.89104276975  9.91723624453  9.94432162696  9.97200913544 10.00000000000
 10.00000000000  9.97391174431  9.94810569023  9.92285979149  9.89844367625  9.87511489603  9.85311563103  9.83266994542  9.81398164356  9.79723273299  9.78258245754  9.77016682601  9.76009853410  9.75246715946  9.74733950493  9.74475997206  9.74475086532  9.74731255556  9.75242346508  9.76003987513  9.77009559412  9.78250155934  9.79714547260  9.81389158860  9.83258078175  9.85303101199  9.87503829242  9.89837823316  9.92280819810  9.94807006810  9.97389355903 10.00000000000
 10.00000000000  9.97606522381  9.95238937105  9.92922746611  9.90682689169  9.88542394613  9.86524081996  9.84648307759  9.82933769078  9.81397162945  9.80053097576  9.78914049317  9.77990355641  9.77290233195  9.76819809430  9.76583156979  9.76582321651  9.76817337460  9.77286225265  9.77984975061  9.78907515468  9.80045677071  9.81389158860  9.82925508657  9.84640129093  9.86516320194  9.88535368037  9.90676686308  9.92918014133  9.95235669615  9.97604854311 10.00000000000
 10.00000000000  9.97846862532  9.95717018936  9.93633412173  9.91618297455  9.89692932446  9.87877305199  9.86189907604  9.84647558513  9.83265277048  9.82056203014  9.81031558271  9.80200640579  9.79570839968  9.79147667320  9.78934785399  9.78934034105  9.79145444031  9.79567235236  9.80195801287  9.81025681729  9.82049529013  9.83258078175  9.84640129093  9.86182551714  9.87870324236  9.89686612745  9.91612898484  9.93629155784  9.95714080157  9.97845362269 10.00000000000
 10.00000000000  9.98109854856  9.96240159668  9.94411056200  9.92642082210  9.90951899389  9.89358054478  9.87876780369  9.86522840864  9.85309419522  9.84248049894  9.83348581724  9.82619175670  9.82066317793  9.81694844761  9.81507971168  9.81507311770  9.81692893419  9.82063153984  9.82614928309  9.83343423988  9.84242192242  9.85303101199  9.86516320194  9.87870324236  9.89351927411  9.90946352701  9.92637343629  9.94407320443  9.96237580354  9.98108538103 10.00000000000
 10.00000000000  9.98392876686  9.96803142262  9.95247923462  9.93743833247  9.92306739401  9.90951561376  9.89692101164  9.88540911319  9.87509200506  9.86606774257  9.85842006320  9.85221834272  9.84751771936  9.84435930887  9.84277043760  9.84276483200  9.84434272033  9.84749082352  9.85218223552  9.85837621680  9.86601794613  9.87503829242  9.88535368037  9.89686612745  9.90946352701  9.92302024110  9.93739804936  9.95244747662  9.96800949564  9.98391757302 10.00000000000
 10.00000000000  9.98693042490  9.97400226843  9.96135481651  9.94912317538  9.93743638927  9.92641578791  9.91617361104  9.90681193537  9.89842190678  9.89108325911  9.88486408185  9.87982078508  9.87599820121  9.87342976049  9.87213768098  9.87213312308  9.87341627239  9.87597633227  9.87979142639  9.88482843044  9.89104276975  9.89837823316  9.90676686308  9.91612898484  9.92637343629  9.93739804936  9.94909042129  9.96132899415  9.97398443965  9.98692132321 10.00000000000
 10.00000000000  9.99007231578  9.98025205813  9.97064503313  9.96135387098  9.95247659589  9.94410537061  9.93632545156  9.92921437386  9.92284136834  9.91726699632  9.91254297361  9.90871214433  9.90580855856  9.90385760606  9.90287616095  9.90287269921  9.90384736181  9.90579194903  9.90868984632  9.91251589627  9.91723624453  9.92280819810  9.92918014133  9.93629155784  9.94407320443  9.95244747662  9.96132899415  9.97062542097  9.98023851713  9.99006540302 10.00000000000
 10.00000000000  9.99332123657  9.98671474576  9.98025170974  9.97400117368  9.96802908346  9.96239744093  9.95716360104  9.95237972353  9.94809238091  9.94434231293  9.94116430837  9.93858718763  9.93663385523  9.93532138996  9.93466114231  9.93465881368  9.93531449890  9.93662268241  9.93857218830  9.94114609410  9.94432162696  9.94807006810  9.95235669615  9.95714080157  9.96237580354  9.96800949564  9.97398443965  9.98023851713  9.98670563706  9.99331658653 10.00000000000
 10.00000000000  9.99664241572  9.99332116543  9.99007203489  9.98692973533  9.98392741973  9.98109625804  9.97846508388  9.97606011886  9.97390477557  9.97201953418  9.97042188309  9.96912631025  9.96814432961  9.96748452648  9.96715260661  9.96715143602  9.96748106238  9.96813871308  9.96911877016  9.97041272687  9.97200913544  9.97389355903  9.97604854311  9.97845362269  9.98108538103  9.98391757302  9.98692132321  9.99006540302  9.99331658653  9.99664007816 10.00000000000
 10.00000000000 10.00000000000 10.00000000000 10.00000000000 10.00000000000 10.00000000000 10.00000000000 10.00000000000 10.00000000000 10.00000000000 10.00000000000 10.00000000000 10.00000000000 10.00000000000 10.00000000000 10.00000000000 10.00000000000 10.00000000000 10.00000000000 10.00000000000 10.00000000000 10.00000000000 10.00000000000 10.00000000000 10.00000000000 10.00000000000 10.00000000000 10.00000000000 10.00000000000 10.00000000000 10.00000000000 10.00000000000

 10.00000000000 10.00000000000 10.00000000000 10.00000000000 10.00000000000 10.00000000000 10.00000000000 10.00000000000 10.00000000000 10.00000000000 10.00000000000 10.00000000000 10.00000000000 10.00000000000 10.00000000000 10.00000000000 10.00000000000 10.00000000000 10.00000000000 10.00000000000 10.00000000000 10.00000000000 10.00000000000 10.00000000000 10.00000000000 10.00000000000 10.00000000000 10.00000000000 10.00000000000 10.00000000000 10.00000000000 10.00000000000
 10.00000000000  9.99331078694  9.98669400913  9.98022100429  9.97396095964  9.96797994436  9.96234006139  9.95709874280  9.95230820172  9.94801504228  9.94426001730  9.94107791442  9.93849754336  9.93654179322  9.93522772691  9.93456668224  9.93456435362  9.93522083585  9.93653062039  9.93848254403  9.94105970015  9.94423933133  9.94799272947  9.95228517434  9.95707594332  9.96231842400  9.96796035654  9.97394422561  9.98020781168  9.98668490043  9.99330613690 10.00000000000
 10.00000000000  9.98669400913  9.97353210120  9.96065617630  9.94820385748  9.93630656639  9.92508783619  9.91466190989  9.90513265024  9.89659276344  9.88912331713  9.88279351339  9.87766066329  9.87377030039  9.87115636848  9.86984142231  9.86983679003  9.87114266026  9.87374807456  9.87763082548  9.88275728017  9.88908216699  9.89654837708  9.90508684239  9.91461655541  9.92504479341  9.93626760079  9.94817056885  9.96062993253  9.97351398146  9.98668475891 10.00000000000
 10.00000000000  9.98022100429  9.96065617630  9.94151643985  9.92300636263  9.90532129631  9.88864486897  9.87314690179  9.85898178830  9.84628734017  9.83518407006  9.82577485354  9.81814489050  9.81236187319  9.80847626461  9.80652159644  9.80651471008  9.80845588596  9.81232883225  9.81810053359  9.82572098921  9.83512289624  9.84622135538  9.85891369031  9.87307947778  9.88858088154  9.90526337001  9.92295687573  9.94147742584  9.96062923948  9.98020725291 10.00000000000
 10.00000000000  9.97396095964  9.94820385748  9.92300636263  9.89863777916  9.87535528199  9.85340061644  9.83299735550  9.81434876595  9.79763628805  9.78301859041  9.77063112374  9.76058606870  9.75297255592  9.74785703137  9.74528364763  9.74527458070  9.74783019979  9.75292905254  9.76052766613  9.77056020322  9.78293804584  9.79754940911  9.81425910467  9.83290858162  9.85331636733  9.87527901328  9.89857262218  9.92295499481  9.94816839110  9.97394285387 10.00000000000
 10.00000000000  9.96797994436  9.93630656639  9.90532129631  9.87535528199  9.84672476190  9.81972700727  9.79463694972  9.77170455671  9.75115296099  9.73317729688  9.71794414968  9.70559148966  9.69622894079  9.68993822827  9.68677365844  9.68676250735  9.68990522907  9.69617543752  9.70551966242  9.71785692705  9.73307823797  9.75104611167  9.77159428548  9.79452776987  9.81962339227  9.84663096171  9.87527514773  9.90525812083  9.93626294754  9.96795767671 10.00000000000
 10.00000000000  9.96234006139  9.92508783619  9.88864486897  9.85340061644  9.81972700727  9.78797367078  9.75846397089  9.73149191854  9.70731997040  9.68617765814  9.66826093843  9.65373211282  9.64272014128  9.63532116638  9.63159907591  9.63158595867  9.63528234878  9.64265720435  9.65364762105  9.66815833675  9.68606113322  9.70719428146  9.73136220434  9.75833554050  9.78785178645  9.81961666827  9.85330635293  9.88857055442  9.92503652648  9.96231386752 10.00000000000
 10.00000000000  9.95709874280  9.91466190989  9.87314690179  9.83299735550  9.79463694972  9.75846397089  9.72484679547  9.69412037201  9.66658371170  9.64249832443  9.62208747546  9.60553609100  9.59299111234  9.58456209035  9.58032182417  9.58030687885  9.58451786297  9.59291940424  9.60543982407  9.62197057476  9.64236556007  9.66644050618  9.69397258025  9.72470046643  9.75832510019  9.79451123337  9.83288995500  9.87306223042  9.91460344942  9.95706889843 10.00000000000
 10.00000000000  9.95230820172  9.90513265024  9.85898178830  9.81434876595  9.77170455671  9.73149191854  9.69412037201  9.65996228872  9.62935009970  9.60257455400  9.57988388910  9.56148372234  9.54753744117  9.53816686095  9.53345293241  9.53343631542  9.53811768662  9.54745771234  9.56137668772  9.57975391276  9.60242693961  9.62919087627  9.65979796607  9.69395767568  9.73133751478  9.77156477865  9.81422935241  9.85888764621  9.90506765080  9.95227501918 10.00000000000
 10.00000000000  9.94801504228  9.89659276344  9.84628734017  9.79763628805  9.75115296099  9.70731997040  9.66658371170  9.62935009970  9.59598152365  9.56679494611  9.54206099505  9.52200384175  9.50680162246  9.49658715208  9.49144869265  9.49143057684  9.49653354232  9.50671470224  9.52188715281  9.54191929508  9.56663401718  9.59580793856  9.62917095544  9.66640634046  9.70715163970  9.75100057520  9.79750610361  9.84618470663  9.89652190117  9.94797886672 10.00000000000
 10.00000000000  9.94426001730  9.88912331713  9.83518407006  9.78301859041  9.73317729688  9.68617765814  9.64249832443  9.60257455400  9.56679494611  9.53549939951  9.50897813544  9.48747156277  9.47117072641  9.46021806915  9.45470825299  9.45468882567  9.46016057826  9.47107751352  9.48734642602  9.50882617697  9.53532681997  9.56660879414  9.60238244040  9.64230811220  9.68599714095  9.73301387894  9.78287898112  9.83507400624  9.88904732470  9.94422122278 10.00000000000
 10.00000000000  9.94107791442  9.88279351339  9.82577485354  9.77063112374  9.71794414968  9.66826093843  9.62208747546  9.57988388910  9.54206099505  9.50897813544  9.48094214262  9.45820719291  9.44097527705  9.42939700237  9.42357245827  9.42355191915  9.42933622135  9.44087672972  9.45807489475  9.48078148777  9.50879567941  9.54186418986  9.57968078110  9.62188637764  9.66807009047  9.71777137954  9.77048352479  9.82565849090  9.88271317200  9.94103689973 10.00000000000
 10.00000000000  9.93849754336  9.87766066329  9.81814489050  9.76058606870  9.70559148966  9.65373211282  9.60553609100  9.56148372234  9.52200384175  9.48747156277  9.45820719291  9.43447607775  9.41648908883  9.40440345803  9.39832367874  9.39830223786  9.40434000845  9.41638621481  9.43433797109  9.45803948456  9.48728109607  9.52179839589  9.56127169694  9.60532616403  9.65353288574  9.70541113409  9.76043198945  9.81802341898  9.87757679453  9.93845472793 10.00000000000
 10.00000000000  9.93654179322  9.87377030039  9.81236187319  9.75297255592  9.69622894079  9.64272014128  9.59299111234  9.54753744117  9.50680162246  9.47117072641  9.44097527705  9.41648908883  9.39792976731  9.38545956786  9.37918632357  9.37916419920  9.38539409564  9.39782361387  9.41634657961  9.44080222250  9.47097418800  9.50658962740  9.54731865682  9.59277449331  9.64251456322  9.69604283583  9.75281356492  9.81223652940  9.87368375806  9.93649761291 10.00000000000
 10.00000000000  9.93522772691  9.87115636848  9.80847626461  9.74785703137  9.68993822827  9.63532116638  9.58456209035  9.53816686095  9.49658715208  9.46021806915  9.42939700237  9.40440345803  9.38545956786  9.37273096378  9.36632772374  9.36630514029  9.37266413305  9.38535121180  9.40425799182  9.42922035703  9.46001745269  9.49637075824  9.53794353694  9.58434097660  9.63511132269  9.68974826173  9.74769474139  9.80834832000  9.87106803044  9.93518262989 10.00000000000
 10.00000000000  9.93456668224  9.86984142231  9.80652159644  9.74528364763  9.68677365844  9.63159907591  9.58032182417  9.53345293241  9.49144869265  9.45470825299  9.42357245827  9.39832367874  9.37918632357  9.36632772374  9.35985908678  9.35983627278  9.36626021073  9.37907686131  9.39817672748  9.42339400957  9.45450558843  9.49123008965  9.53322732849  9.58009845306  9.63138708993  9.68658175253  9.74511970083  9.80639234564  9.86975218242  9.93452112482 10.00000000000
 10.00000000000  9.93456435362  9.86983679003  9.80651471008  9.74527458070  9.68676250735  9.63158595867  9.58030687885  9.53343631542  9.49143057684  9.45468882567  9.42355191915  9.39830223786  9.37916419920  9.36630514029  9.35983627278  9.35981345878  9.36623762729  9.37905473694  9.39815528659  9.42337347045  9.45448616111  9.49121197383  9.53321071150  9.58008350774  9.63137397268  9.68657060144  9.74511063390  9.80638545928  9.86974755014  9.93451879620 10.00000000000
 10.00000000000  9.93522083585  9.87114266026  9.80845588596  9.74783019979  9.68990522907  9.63528234878  9.58451786297  9.53811768662  9.49653354232  9.46016057826  9.42933622135  9.40434000845  9.38539409564  9.37266413305  9.36626021073  9.36623762729  9.37259730232  9.38528573958  9.40419454225  9.42915957602  9.45995996180  9.49631714848  9.53789436261  9.58429674921  9.63507250509  9.68971526254  9.74766790982  9.80832794135  9.87105432222  9.93517573883 10.00000000000
 10.00000000000  9.93653062039  9.87374807456  9.81232883225  9.75292905254  9.69617543752  9.64265720435  9.59291940424  9.54745771234  9.50671470224  9.47107751352  9.44087672972  9.41638621481  9.39782361387  9.38535121180  9.37907686131  9.37905473694  9.38528573958  9.39771746044  9.41624370559  9.44070367517  9.47088097511  9.50650270718  9.54723892799  9.59270278522  9.64245162629  9.69598933257  9.75277006154  9.81220348845  9.87366153222  9.93648644009 10.00000000000
