
 10.00000000000 10.00000000000 10.00000000000 10.00000000000 10.00000000000 10.00000000000 10.00000000000 10.00000000000 10.00000000000 10.00000000000 10.00000000000 10.00000000000 10.00000000000 10.00000000000 10.00000000000 10.00000000000 10.00000000000 10.00000000000 10.00000000000 10.00000000000 10.00000000000 10.00000000000 10.00000000000 10.00000000000 10.00000000000 10.00000000000 10.00000000000 10.00000000000 10.00000000000 10.00000000000 10.00000000000 10.00000000000
 10.00000000000 10.00000000000 10.00000000000 10.00000000000 10.00000000000 10.00000000000 10.00000000000 10.00000000000 10.00000000000 10.00000000000 10.00000000000 10.00000000000 10.00000000000 10.00000000000 10.00000000000 10.00000000000 10.00000000000 10.00000000000 10.00000000000 10.00000000000 10.00000000000 10.00000000000 10.00000000000 10.00000000000 10.00000000000 10.00000000000 10.00000000000 10.00000000000 10.00000000000 10.00000000000 10.00000000000 10.00000000000
 10.00000000000 10.00000000000 10.00000000000 10.00000000000 10.00000000000 10.00000000000 10.00000000000 10.00000000000 10.00000000000 10.00000000000 10.00000000000 10.00000000000 10.00000000000 10.00000000000 10.00000000000 10.00000000000 10.00000000000 10.00000000000 10.00000000000 10.00000000000 10.00000000000 10.00000000000 10.00000000000 10.00000000000 10.00000000000 10.00000000000 10.00000000000 10.00000000000 10.00000000000 10.00000000000 10.00000000000 10.00000000000
 10.00000000000 10.00000000000 10.00000000000 10.00000000000 10.00000000000 10.00000000000 10.00000000000 10.00000000000 10.00000000000 10.00000000000 10.00000000000 10.00000000000 10.00000000000 10.00000000000 10.00000000000 10.00000000000 10.00000000000 10.00000000000 10.00000000000 10.00000000000 10.00000000000 10.00000000000 10.00000000000 10.00000000000 10.00000000000 10.00000000000 10.00000000000 10.00000000000 10.00000000000 10.00000000000 10.00000000000 10.00000000000
 10.00000000000 10.00000000000 10.00000000000 10.00000000000 10.00000000000 10.00000000000 10.00000000000 10.00000000000 10.00000000000 10.00000000000 10.00000000000 10.00000000000 10.00000000000 10.00000000000 10.00000000000 10.00000000000 10.00000000000 10.00000000000 10.00000000000 10.00000000000 10.00000000000 10.00000000000 10.00000000000 10.00000000000 10.00000000000 10.00000000000 10.00000000000 10.00000000000 10.00000000000 10.00000000000 10.00000000000 10.00000000000
 10.00000000000 10.00000000000 10.00000000000 10.00000000000 10.00000000000 10.00000000000 10.00000000000 10.00000000000 10.00000000000 10.00000000000 10.00000000000 10.00000000000 10.00000000000 10.00000000000 10.00000000000 10.00000000000 10.00000000000 10.00000000000 10.00000000000 10.00000000000 10.00000000000 10.00000000000 10.00000000000 10.00000000000 10.00000000000 10.00000000000 10.00000000000 10.00000000000 10.00000000000 10.00000000000 10.00000000000 10.00000000000
 10.00000000000 10.00000000000 10.00000000000 10.00000000000 10.00000000000 10.00000000000 10.00000000000 10.00000000000 10.00000000000 10.00000000000 10.00000000000 10.00000000000 10.00000000000 10.00000000000 10.00000000000 10.00000000000 10.00000000000 10.00000000000 10.00000000000 10.00000000000 10.00000000000 10.00000000000 10.00000000000 10.00000000000 10.00000000000 10.00000000000 10.00000000000 10.00000000000 10.00000000000 10.00000000000 10.00000000000 10.00000000000
 10.00000000000 10.00000000000 10.00000000000 10.00000000000 10.00000000000 10.00000000000 10.00000000000 10.00000000000 10.00000000000 10.00000000000 10.00000000000 10.00000000000 10.00000000000 10.00000000000 10.00000000000 10.00000000000 10.00000000000 10.00000000000 10.00000000000 10.00000000000 10.00000000000 10.00000000000 10.00000000000 10.00000000000 10.00000000000 10.00000000000 10.00000000000 10.00000000000 10.00000000000 10.00000000000 10.00000000000 10.00000000000
 10.00000000000 10.00000000000 10.00000000000 10.00000000000 10.00000000000 10.00000000000 10.00000000000 10.00000000000 10.00000000000 10.00000000000 10.00000000000 10.00000000000 10.00000000000 10.00000000000 10.00000000000 10.00000000000 10.00000000000 10.00000000000 10.00000000000 10.00000000000 10.00000000000 10.00000000000 10.00000000000 10.00000000000 10.00000000000 10.00000000000 10.00000000000 10.00000000000 10.00000000000 10.00000000000 10.00000000000 10.00000000000
 10.00000000000 10.00000000000 10.00000000000 10.00000000000 10.00000000000 10.00000000000 10.00000000000 10.00000000000 10.00000000000 10.00000000000 10.00000000000 10.00000000000 10.00000000000 10.00000000000 10.00000000000 10.00000000000 10.00000000000 10.00000000000 10.00000000000 10.00000000000 10.00000000000 10.00000000000 10.00000000000 10.00000000000 10.00000000000 10.00000000000 10.00000000000 10.00000000000 10.00000000000 10.00000000000 10.00000000000 10.00000000000
 10.00000000000 10.00000000000 10.00000000000 10.00000000000 10.00000000000 10.00000000000 10.00000000000 10.00000000000 10.00000000000 10.00000000000 10.00000000000 10.00000000000 10.00000000000 10.00000000000 10.00000000000 10.00000000000 10.00000000000 10.00000000000 10.00000000000 10.00000000000 10.00000000000 10.00000000000 10.00000000000 10.00000000000 10.00000000000 10.00000000000 10.00000000000 10.00000000000 10.00000000000 10.00000000000 10.00000000000 10.00000000000
 10.00000000000 10.00000000000 10.00000000000 10.00000000000 10.00000000000 10.00000000000 10.00000000000 10.00000000000 10.00000000000 10.00000000000 10.00000000000 10.00000000000 10.00000000000 10.00000000000 10.00000000000 10.00000000000 10.00000000000 10.00000000000 10.00000000000 10.00000000000 10.00000000000 10.00000000000 10.00000000000 10.00000000000 10.00000000000 10.00000000000 10.00000000000 10.00000000000 10.00000000000 10.00000000000 10.00000000000 10.00000000000
 10.00000000000 10.00000000000 10.00000000000 10.00000000000 10.00000000000 10.00000000000 10.00000000000 10.00000000000 10.00000000000 10.00000000000 10.00000000000 10.00000000000 10.00000000000 10.00000000000 10.00000000000 10.00000000000 10.00000000000 10.00000000000 10.00000000000 10.00000000000 10.00000000000 10.00000000000 10.00000000000 10.00000000000 10.00000000000 10.00000000000 10.00000000000 10.00000000000 10.00000000000 10.00000000000 10.00000000000 10.00000000000
 10.00000000000 10.00000000000 10.00000000000 10.00000000000 10.00000000000 10.00000000000 10.00000000000 10.00000000000 10.00000000000 10.00000000000 10.00000000000 10.00000000000 10.00000000000 10.00000000000 10.00000000000 10.00000000000 10.00000000000 10.00000000000 10.00000000000 10.00000000000 10.00000000000 10.00000000000 10.00000000000 10.00000000000 10.00000000000 10.00000000000 10.00000000000 10.00000000000 10.00000000000 10.00000000000 10.00000000000 10.00000000000
 10.00000000000 10.00000000000 10.00000000000 10.00000000000 10.00000000000 10.00000000000 10.00000000000 10.00000000000 10.00000000000 10.00000000000 10.00000000000 10.00000000000 10.00000000000 10.00000000000 10.00000000000 10.00000000000 10.00000000000 10.00000000000 10.00000000000 10.00000000000 10.00000000000 10.00000000000 10.00000000000 10.00000000000 10.00000000000 10.00000000000 10.00000000000 10.00000000000 10.00000000000 10.00000000000 10.00000000000 10.00000000000
 10.00000000000 10.00000000000 10.00000000000 10.00000000000 10.00000000000 10.00000000000 10.00000000000 10.00000000000 10.00000000000 10.00000000000 10.00000000000 10.00000000000 10.00000000000 10.00000000000 10.00000000000 10.00000000000 10.00000000000 10.00000000000 10.00000000000 10.00000000000 10.00000000000 10.00000000000 10.00000000000 10.00000000000 10.00000000000 10.00000000000 10.00000000000 10.00000000000 10.00000000000 10.00000000000 10.00000000000 10.00000000000
 10.00000000000 10.00000000000 10.00000000000 10.00000000000 10.00000000000 10.00000000000 10.00000000000 10.00000000000 10.00000000000 10.00000000000 10.00000000000 10.00000000000 10.00000000000 10.00000000000 10.00000000000 10.00000000000 10.00000000000 10.00000000000 10.00000000000 10.00000000000 10.00000000000 10.00000000000 10.00000000000 10.00000000000 10.00000000000 10.00000000000 10.00000000000 10.00000000000 10.00000000000 10.00000000000 10.00000000000 10.00000000000
 10.00000000000 10.00000000000 10.00000000000 10.00000000000 10.00000000000 10.00000000000 10.00000000000 10.00000000000 10.00000000000 10.00000000000 10.00000000000 10.00000000000 10.00000000000 10.00000000000 10.00000000000 10.00000000000 10.00000000000 10.00000000000 10.00000000000 10.00000000000 10.00000000000 10.00000000000 10.00000000000 10.00000000000 10.00000000000 10.00000000000 10.00000000000 10.00000000000 10.00000000000 10.00000000000 10.00000000000 10.00000000000
 10.00000000000 10.00000000000 10.00000000000 10.00000000000 10.00000000000 10.00000000000 10.00000000000 10.00000000000 10.00000000000 10.00000000000 10.00000000000 10.00000000000 10.00000000000 10.00000000000 10.00000000000 10.00000000000 10.00000000000 10.00000000000 10.00000000000 10.00000000000 10.00000000000 10.00000000000 10.00000000000 10.00000000000 10.00000000000 10.00000000000 10.00000000000 10.00000000000 10.00000000000 10.00000000000 10.00000000000 10.00000000000
 10.00000000000 10.00000000000 10.00000000000 10.00000000000 10.00000000000 10.00000000000 10.00000000000 10.00000000000 10.00000000000 10.00000000000 10.00000000000 10.00000000000 10.00000000000 10.00000000000 10.00000000000 10.00000000000 10.00000000000 10.00000000000 10.00000000000 10.00000000000 10.00000000000 10.00000000000 10.00000000000 10.00000000000 10.00000000000 10.00000000000 10.00000000000 10.00000000000 10.00000000000 10.00000000000 10.00000000000 10.00000000000
 10.00000000000 10.00000000000 10.00000000000 10.00000000000 10.00000000000 10.00000000000 10.00000000000 10.00000000000 10.00000000000 10.00000000000 10.00000000000 10.00000000000 10.00000000000 10.00000000000 10.00000000000 10.00000000000 10.00000000000 10.00000000000 10.00000000000 10.00000000000 10.00000000000 10.00000000000 10.00000000000 10.00000000000 10.00000000000 10.00000000000 10.00000000000 10.00000000000 10.00000000000 10.00000000000 10.00000000000 10.00000000000
 10.00000000000 10.00000000000 10.00000000000 10.00000000000 10.00000000000 10.00000000000 10.00000000000 10.00000000000 10.00000000000 10.00000000000 10.00000000000 10.00000000000 10.00000000000 10.00000000000 10.00000000000 10.00000000000 10.00000000000 10.00000000000 10.00000000000 10.00000000000 10.00000000000 10.00000000000 10.00000000000 10.00000000000 10.00000000000 10.00000000000 10.00000000000 10.00000000000 10.00000000000 10.00000000000 10.00000000000 10.00000000000
 10.00000000000 10.00000000000 10.00000000000 10.00000000000 10.00000000000 10.00000000000 10.00000000000 10.00000000000 10.00000000000 10.00000000000 10.00000000000 10.00000000000 10.00000000000 10.00000000000 10.00000000000 10.00000000000 10.00000000000 10.00000000000 10.00000000000 10.00000000000 10.00000000000 10.00000000000 10.00000000000 10.00000000000 10.00000000000 10.00000000000 10.00000000000 10.00000000000 10.00000000000 10.00000000000 10.00000000000 10.00000000000
 10.00000000000 10.00000000000 10.00000000000 10.00000000000 10.00000000000 10.00000000000 10.00000000000 10.00000000000 10.00000000000 10.00000000000 10.00000000000 10.00000000000 10.00000000000 10.00000000000 10.00000000000 10.00000000000 10.00000000000 10.00000000000 10.00000000000 10.00000000000 10.00000000000 10.00000000000 10.00000000000 10.00000000000 10.00000000000 10.00000000000 10.00000000000 10.00000000000 10.00000000000 10.00000000000 10.00000000000 10.00000000000
 10.00000000000 10.00000000000 10.00000000000 10.00000000000 10.00000000000 10.00000000000 10.00000000000 10.00000000000 10.00000000000 10.00000000000 10.00000000000 10.00000000000 10.00000000000 10.00000000000 10.00000000000 10.00000000000 10.00000000000 10.00000000000 10.00000000000 10.00000000000 10.00000000000 10.00000000000 10.00000000000 10.00000000000 10.00000000000 10.00000000000 10.00000000000 10.00000000000 10.00000000000 10.00000000000 10.00000000000 10.00000000000
 10.00000000000 10.00000000000 10.00000000000 10.00000000000 10.00000000000 10.00000000000 10.00000000000 10.00000000000 10.00000000000 10.00000000000 10.00000000000 10.00000000000 10.00000000000 10.00000000000 10.00000000000 10.00000000000 10.00000000000 10.00000000000 10.00000000000 10.00000000000 10.00000000000 10.00000000000 10.00000000000 10.00000000000 10.00000000000 10.00000000000 10.00000000000 10.00000000000 10.00000000000 10.00000000000 10.00000000000 10.00000000000
 10.00000000000 10.00000000000 10.00000000000 10.00000000000 10.00000000000 10.00000000000 10.00000000000 10.00000000000 10.00000000000 10.00000000000 10.00000000000 10.00000000000 10.00000000000 10.00000000000 10.00000000000 10.00000000000 10.00000000000 10.00000000000 10.00000000000 10.00000000000 10.00000000000 10.00000000000 10.00000000000 10.00000000000 10.00000000000 10.00000000000 10.00000000000 10.00000000000 10.00000000000 10.00000000000 10.00000000000 10.00000000000
 10.00000000000 10.00000000000 10.00000000000 10.00000000000 10.00000000000 10.00000000000 10.00000000000 10.00000000000 10.00000000000 10.00000000000 10.00000000000 10.00000000000 10.00000000000 10.00000000000 10.00000000000 10.00000000000 10.00000000000 10.00000000000 10.00000000000 10.00000000000 10.00000000000 10.00000000000 10.00000000000 10.00000000000 10.00000000000 10.00000000000 10.00000000000 10.00000000000 10.00000000000 10.00000000000 10.00000000000 10.00000000000
 10.00000000000 10.00000000000 10.00000000000 10.00000000000 10.00000000000 10.00000000000 10.00000000000 10.00000000000 10.00000000000 10.00000000000 10.00000000000 10.00000000000 10.00000000000 10.00000000000 10.00000000000 10.00000000000 10.00000000000 10.00000000000 10.00000000000 10.00000000000 10.00000000000 10.00000000000 10.00000000000 10.00000000000 10.00000000000 10.00000000000 10.00000000000 10.00000000000 10.00000000000 10.00000000000 10.00000000000 10.00000000000
 10.00000000000 10.00000000000 10.00000000000 10.00000000000 10.00000000000 10.00000000000 10.00000000000 10.00000000000 10.00000000000 10.00000000000 10.00000000000 10.00000000000 10.00000000000 10.00000000000 10.00000000000 10.00000000000 10.00000000000 10.00000000000 10.00000000000 10.00000000000 10.00000000000 10.00000000000 10.00000000000 10.00000000000 10.00000000000 10.00000000000 10.00000000000 10.00000000000 10.00000000000 10.00000000000 10.00000000000 10.00000000000
 10.00000000000 10.00000000000 10.00000000000 10.00000000000 10.00000000000 10.00000000000 10.00000000000 10.00000000000 10.00000000000 10.00000000000 10.00000000000 10.00000000000 10.00000000000 10.00000000000 10.00000000000 10.00000000000 10.00000000000 10.00000000000 10.00000000000 10.00000000000 10.00000000000 10.00000000000 10.00000000000 10.00000000000 10.00000000000 10.00000000000 10.00000000000 10.00000000000 10.00000000000 10.00000000000 10.00000000000 10.00000000000
 10.00000000000 10.00000000000 10.00000000000 10.00000000000 10.00000000000 10.00000000000 10.00000000000 10.00000000000 10.00000000000 10.00000000000 10.00000000000 10.00000000000 10.00000000000 10.00000000000 10.00000000000 10.00000000000 10.00000000000 10.00000000000 10.00000000000 10.00000000000 10.00000000000 10.00000000000 10.00000000000 10.00000000000 10.00000000000 10.00000000000 10.00000000000 10.00000000000 10.00000000000 10.00000000000 10.00000000000 10.00000000000

 10.00000000000 10.00000000000 10.00000000000 10.00000000000 10.00000000000 10.00000000000 10.00000000000 10.00000000000 10.00000000000 10.00000000000 10.00000000000 10.00000000000 10.00000000000 10.00000000000 10.00000000000 10.00000000000 10.00000000000 10.00000000000 10.00000000000 10.00000000000 10.00000000000 10.00000000000 10.00000000000 10.00000000000 10.00000000000 10.00000000000 10.00000000000 10.00000000000 10.00000000000 10.00000000000 10.00000000000 10.00000000000
 10.00000000000  9.99942463223  9.99885564443  9.99829930632  9.99776167266  9.99724848906  9.99676511229  9.99631644774  9.99590690520  9.99554037251  9.99522020544  9.99494923081  9.99472975944  9.99456360485  9.99445210384  9.99439613550  9.99439613550  9.99445210384  9.99456360485  9.99472975944  9.99494923081  9.99522020544  9.99554037251  9.99590690520  9.99631644774  9.99676511229  9.99724848906  9.99776167266  9.99829930632  9.99885564443  9.99942463223 10.00000000000
 10.00000000000  9.99885564443  9.99772397657  9.99661746500  9.99554815111  9.99452746181  9.99356605110  9.99267367577  9.99185910733  9.99113007961  9.99049326843  9.98995429778  9.98951776533  9.98918727952  9.98896550045  9.98885417742  9.98885417742  9.98896550045  9.98918727952  9.98951776532  9.98995429778  9.99049326843  9.99113007961  9.99185910733  9.99267367577  9.99356605110  9.99452746180  9.99554815111  9.99661746500  9.99772397657  9.99885564443 10.00000000000
 10.00000000000  9.99829930632  9.99661746500  9.99497300318  9.99338381380  9.99186687761  9.99043802788  9.98911176564  9.98790112879  9.98681761400  9.98587114626  9.98507008770  9.98442127521  9.98393007520  9.98360044404  9.98343498364  9.98343498364  9.98360044403  9.98393007520  9.98442127521  9.98507008770  9.98587114625  9.98681761399  9.98790112878  9.98911176563  9.99043802788  9.99186687761  9.99338381380  9.99497300318  9.99661746500  9.99829930632 10.00000000000
 10.00000000000  9.99776167266  9.99554815111  9.99338381380  9.99129220578  9.98929567331  9.98741505446  9.98566943603  9.98407598114  9.98264982610  9.98140403989  9.98034963518  9.97949561724  9.97884905546  9.97841516230  9.97819736606  9.97819736606  9.97841516230  9.97884905546  9.97949561724  9.98034963517  9.98140403988  9.98264982610  9.98407598113  9.98566943603  9.98741505445  9.98929567330  9.99129220577  9.99338381380  9.99554815111  9.99776167266 10.00000000000
 10.00000000000  9.99724848906  9.99452746181  9.99186687761  9.98929567331  9.98684131471  9.98452941672  9.98238344456  9.98042450170  9.97867120260  9.97713962212  9.97584330833  9.97479334170  9.97399842205  9.97346496497  9.97319719047  9.97319719047  9.97346496496  9.97399842205  9.97479334169  9.97584330832  9.97713962211  9.97867120258  9.98042450169  9.98238344455  9.98452941671  9.98684131470  9.98929567330  9.99186687760  9.99452746180  9.99724848906 10.00000000000
 10.00000000000  9.99676511229  9.99356605110  9.99043802788  9.98741505446  9.98452941672  9.98181122848  9.97928808047  9.97698479063  9.97492325395  9.97312238200  9.97159811690  9.97036349971  9.96942877148  9.96880148551  9.96848661085  9.96848661084  9.96880148551  9.96942877147  9.97036349970  9.97159811689  9.97312238198  9.97492325393  9.97698479062  9.97928808045  9.98181122847  9.98452941671  9.98741505445  9.99043802787  9.99356605110  9.99676511229 10.00000000000
 10.00000000000  9.99631644774  9.99267367577  9.98911176564  9.98566943603  9.98238344456  9.97928808047  9.97641476507  9.97379176716  9.97144403111  9.96939310706  9.96765716531  9.96625107276  9.96518650663  9.96447208089  9.96411346307  9.96411346307  9.96447208089  9.96518650662  9.96625107275  9.96765716530  9.96939310705  9.97144403110  9.97379176714  9.97641476506  9.97928808045  9.98238344455  9.98566943602  9.98911176563  9.99267367577  9.99631644774 10.00000000000
 10.00000000000  9.99590690520  9.99185910733  9.98790112879  9.98407598114  9.98042450170  9.97698479063  9.97379176716  9.97087685292  9.96826778015  9.96598851273  9.96405926067  9.96249656338  9.96131341433  9.96051940013  9.96012082911  9.96012082911  9.96051940013  9.96131341432  9.96249656337  9.96405926066  9.96598851271  9.96826778013  9.97087685290  9.97379176714  9.97698479062  9.98042450169  9.98407598113  9.98790112878  9.99185910733  9.99590690520 10.00000000000
 10.00000000000  9.99554037251  9.99113007961  9.98681761400  9.98264982610  9.97867120260  9.97492325395  9.97144403111  9.96826778015  9.96542473224  9.96294101629  9.96083867308  9.95913574410  9.95784640572  9.95698111904  9.95654676875  9.95654676875  9.95698111904  9.95784640571  9.95913574409  9.96083867307  9.96294101628  9.96542473222  9.96826778013  9.97144403109  9.97492325393  9.97867120258  9.98264982609  9.98681761399  9.99113007960  9.99554037251 10.00000000000
 10.00000000000  9.99522020544  9.99049326843  9.98587114626  9.98140403989  9.97713962212  9.97312238200  9.96939310706  9.96598851273  9.96294101629  9.96027864187  9.95802503381  9.95619955014  9.95481740456  9.95388982546  9.95342420339  9.95342420339  9.95388982545  9.95481740455  9.95619955013  9.95802503379  9.96027864185  9.96294101627  9.96598851271  9.96939310704  9.97312238198  9.97713962210  9.98140403988  9.98587114625  9.99049326842  9.99522020544 10.00000000000
 10.00000000000  9.99494923081  9.98995429778  9.98507008770  9.98034963518  9.97584330833  9.97159811690  9.96765716531  9.96405926067  9.96083867308  9.95802503381  9.95564334786  9.95371409101  9.95225335811  9.95127302958  9.95078092603  9.95078092602  9.95127302957  9.95225335810  9.95371409100  9.95564334784  9.95802503379  9.96083867306  9.96405926065  9.96765716529  9.97159811689  9.97584330832  9.98034963516  9.98507008769  9.98995429777  9.99494923081 10.00000000000
 10.00000000000  9.99472975944  9.98951776533  9.98442127521  9.97949561724  9.97479334170  9.97036349971  9.96625107276  9.96249656338  9.95913574410  9.95619955014  9.95371409101  9.95170075026  9.95017633868  9.94915326671  9.94863970461  9.94863970460  9.94915326670  9.95017633867  9.95170075025  9.95371409100  9.95619955012  9.95913574408  9.96249656335  9.96625107274  9.97036349969  9.97479334168  9.97949561723  9.98442127520  9.98951776532  9.99472975944 10.00000000000
 10.00000000000  9.99456360485  9.98918727952  9.98393007520  9.97884905546  9.97399842205  9.96942877148  9.96518650663  9.96131341433  9.95784640572  9.95481740456  9.95225335811  9.95017633868  9.94860370051  9.94754825647  9.94701844238  9.94701844238  9.94754825647  9.94860370050  9.95017633867  9.95225335809  9.95481740454  9.95784640570  9.96131341430  9.96518650661  9.96942877145  9.97399842204  9.97884905545  9.98393007519  9.98918727951  9.99456360484 10.00000000000
 10.00000000000  9.99445210384  9.98896550045  9.98360044404  9.97841516230  9.97346496497  9.96880148551  9.96447208089  9.96051940013  9.95698111904  9.95388982546  9.95127302958  9.94915326671  9.94754825647  9.94647108239  9.94593035891  9.94593035891  9.94647108238  9.94754825646  9.94915326669  9.95127302956  9.95388982544  9.95698111902  9.96051940011  9.96447208087  9.96880148549  9.97346496495  9.97841516228  9.98360044402  9.98896550045  9.99445210384 10.00000000000
 10.00000000000  9.99439613550  9.98885417742  9.98343498364  9.97819736606  9.97319719047  9.96848661085  9.96411346307  9.96012082911  9.95654676875  9.95342420339  9.95078092603  9.94863970461  9.94701844238  9.94593035891  9.94538415843  9.94538415843  9.94593035890  9.94701844237  9.94863970459  9.95078092601  9.95342420337  9.95654676873  9.96012082909  9.96411346305  9.96848661082  9.97319719045  9.97819736604  9.98343498363  9.98885417741  9.99439613550 10.00000000000
 10.00000000000  9.99439613550  9.98885417742  9.98343498364  9.97819736606  9.97319719047  9.96848661084  9.96411346307  9.96012082911  9.95654676875  9.95342420339  9.95078092602  9.94863970460  9.94701844238  9.94593035891  9.94538415843  9.94538415843  9.94593035890  9.94701844237  9.94863970459  9.95078092601  9.95342420337  9.95654676873  9.96012082909  9.96411346305  9.96848661082  9.97319719045  9.97819736604  9.98343498363  9.98885417741  9.99439613550 10.00000000000
 10.00000000000  9.99445210384  9.98896550045  9.98360044403  9.97841516230  9.97346496496  9.96880148551  9.96447208089  9.96051940013  9.95698111904  9.95388982545  9.95127302957  9.94915326670  9.94754825647  9.94647108238  9.94593035890  9.94593035890  9.94647108238  9.94754825646  9.94915326669  9.95127302955  9.95388982543  9.95698111901  9.96051940010  9.96447208086  9.96880148549  9.97346496494  9.97841516228  9.98360044402  9.98896550044  9.99445210384 10.00000000000
 10.00000000000  9.99456360485  9.98918727952  9.98393007520  9.97884905546  9.97399842205  9.96942877147  9.96518650662  9.96131341432  9.95784640571  9.95481740455  9.95225335810  9.95017633867  9.94860370050  9.94754825646  9.94701844237  9.94701844237  9.94754825646  9.94860370049  9.95017633866  9.95225335808  9.95481740453  9.95784640569  9.96131341430  9.96518650660  9.96942877145  9.97399842203  9.97884905544  9.98393007518  9.98918727951  9.99456360484 10.00000000000
 10.00000000000  9.99472975944  9.98951776532  9.98442127521  9.97949561724  9.97479334169  9.97036349970  9.96625107275  9.96249656337  9.95913574409  9.95619955013  9.95371409100  9.95170075025  9.95017633867  9.94915326669  9.94863970459  9.94863970459  9.94915326669  9.95017633866  9.95170075024  9.95371409098  9.95619955011  9.95913574407  9.96249656334  9.96625107273  9.97036349968  9.97479334167  9.97949561722  9.98442127520  9.98951776532  9.99472975944 10.00000000000
 10.00000000000  9.99494923081  9.98995429778  9.98507008770  9.98034963517  9.97584330832  9.97159811689  9.96765716530  9.96405926066  9.96083867307  9.95802503379  9.95564334784  9.95371409100  9.95225335809  9.95127302956  9.95078092601  9.95078092601  9.95127302955  9.95225335808  9.95371409098  9.95564334783  9.95802503377  9.96083867305  9.96405926064  9.96765716528  9.97159811688  9.97584330831  9.98034963516  9.98507008769  9.98995429777  9.99494923081 10.00000000000
 10.00000000000  9.99522020544  9.99049326843  9.98587114625  9.98140403988  9.97713962211  9.97312238198  9.96939310705  9.96598851271  9.96294101628  9.96027864185  9.95802503379  9.95619955012  9.95481740454  9.95388982544  9.95342420337  9.95342420337  9.95388982543  9.95481740453  9.95619955011  9.95802503377  9.96027864184  9.96294101626  9.96598851269  9.96939310703  9.97312238197  9.97713962209  9.98140403987  9.98587114624  9.99049326842  9.99522020543 10.00000000000
 10.00000000000  9.99554037251  9.99113007961  9.98681761399  9.98264982610  9.97867120258  9.97492325393  9.97144403110  9.96826778013  9.96542473222  9.96294101627  9.96083867306  9.95913574408  9.95784640570  9.95698111902  9.95654676873  9.95654676873  9.95698111901  9.95784640569  9.95913574407  9.96083867305  9.96294101626  9.96542473220  9.96826778012  9.97144403108  9.97492325392  9.97867120257  9.98264982608  9.98681761398  9.99113007960  9.99554037251 10.00000000000
 10.00000000000  9.99590690520  9.99185910733  9.98790112878  9.98407598113  9.98042450169  9.97698479062  9.97379176714  9.97087685290  9.96826778013  9.96598851271  9.96405926065  9.96249656335  9.96131341430  9.96051940011  9.96012082909  9.96012082909  9.96051940010  9.96131341430  9.96249656334  9.96405926064  9.96598851269  9.96826778012  9.97087685289  9.97379176713  9.97698479061  9.98042450168  9.98407598112  9.98790112877  9.99185910732  9.99590690520 10.00000000000
 10.00000000000  9.99631644774  9.99267367577  9.98911176563  9.98566943603  9.98238344455  9.97928808045  9.97641476506  9.97379176714  9.97144403109  9.96939310704  9.96765716529  9.96625107274  9.96518650661  9.96447208087  9.96411346305  9.96411346305  9.96447208086  9.96518650660  9.96625107273  9.96765716528  9.96939310703  9.97144403108  9.97379176713  9.97641476504  9.97928808044  9.98238344454  9.98566943602  9.98911176563  9.99267367576  9.99631644774 10.00000000000
 10.00000000000  9.99676511229  9.99356605110  9.99043802788  9.98741505445  9.98452941671  9.98181122847  9.97928808045  9.97698479062  9.97492325393  9.97312238198  9.97159811689  9.97036349969  9.96942877145  9.96880148549  9.96848661082  9.96848661082  9.96880148549  9.96942877145  9.97036349968  9.97159811688  9.97312238197  9.97492325392  9.97698479061  9.97928808044  9.98181122845  9.98452941670  9.98741505444  9.99043802787  9.99356605109  9.99676511229 10.00000000000
 10.00000000000  9.99724848906  9.99452746180  9.99186687761  9.98929567330  9.98684131470  9.98452941671  9.98238344455  9.98042450169  9.97867120258  9.97713962210  9.97584330832  9.97479334168  9.97399842204  9.97346496495  9.97319719045  9.97319719045  9.97346496494  9.97399842203  9.97479334167  9.97584330831  9.97713962209  9.97867120257  9.98042450168  9.98238344454  9.98452941670  9.98684131469  9.98929567329  9.99186687760  9.99452746180  9.99724848906 10.00000000000
 10.00000000000  9.99776167266  9.99554815111  9.99338381380  9.99129220577  9.98929567330  9.98741505445  9.98566943602  9.98407598113  9.98264982609  9.98140403988  9.98034963516  9.97949561723  9.97884905545  9.97841516228  9.97819736604  9.97819736604  9.97841516228  9.97884905544  9.97949561722  9.98034963516  9.98140403987  9.98264982608  9.98407598112  9.98566943602  9.98741505444  9.98929567329  9.99129220577  9.99338381379  9.99554815111  9.99776167266 10.00000000000
 10.00000000000  9.99829930632  9.99661746500  9.99497300318  9.99338381380  9.99186687760  9.99043802787  9.98911176563  9.98790112878  9.98681761399  9.98587114625  9.98507008769  9.98442127520  9.98393007519  9.98360044402  9.98343498363  9.98343498363  9.98360044402  9.98393007518  9.98442127520  9.98507008769  9.98587114624  9.98681761398  9.98790112877  9.98911176563  9.99043802787  9.99186687760  9.99338381379  9.99497300317  9.99661746500  9.99829930632 10.00000000000
 10.00000000000  9.99885564443  9.99772397657  9.99661746500  9.99554815111  9.99452746180  9.99356605110  9.99267367577  9.99185910733  9.99113007960  9.99049326842  9.98995429777  9.98951776532  9.98918727951  9.98896550045  9.98885417741  9.98885417741  9.98896550044  9.98918727951  9.98951776532  9.98995429777  9.99049326842  9.99113007960  9.99185910732  9.99267367576  9.99356605109  9.99452746180  9.99554815111  9.99661746500  9.99772397656  9.99885564443 10.00000000000
 10.00000000000  9.99942463223  9.99885564443  9.99829930632  9.99776167266  9.99724848906  9.99676511229  9.99631644774  9.99590690520  9.99554037251  9.99522020544  9.99494923081  9.99472975944  9.99456360484  9.99445210384  9.99439613550  9.99439613550  9.99445210384  9.99456360484  9.99472975944  9.99494923081  9.99522020543  9.99554037251  9.99590690520  9.99631644774  9.99676511229  9.99724848906  9.99776167266  9.99829930632  9.99885564443  9.99942463223 10.00000000000
 10.00000000000 10.00000000000 10.00000000000 10.00000000000 10.00000000000 10.00000000000 10.00000000000 10.00000000000 10.00000000000 10.00000000000 10.00000000000 10.00000000000 10.00000000000 10.00000000000 10.00000000000 10.00000000000 10.00000000000 10.00000000000 10.00000000000 10.00000000000 10.00000000000 10.00000000000 10.00000000000 10.00000000000 10.00000000000 10.00000000000 10.00000000000 10.00000000000 10.00000000000 10.00000000000 10.00000000000 10.00000000000

 10.00000000000 10.00000000000 10.00000000000 10.00000000000 10.00000000000 10.00000000000 10.00000000000 10.00000000000 10.00000000000 10.00000000000 10.00000000000 10.00000000000 10.00000000000 10.00000000000 10.00000000000 10.00000000000 10.00000000000 10.00000000000 10.00000000000 10.00000000000 10.00000000000 10.00000000000 10.00000000000 10.00000000000 10.00000000000 10.00000000000 10.00000000000 10.00000000000 10.00000000000 10.00000000000 10.00000000000 10.00000000000
 10.00000000000  9.99883654023  9.99768602250  9.99656116145  9.99547422860  9.99443685883  9.99345988740  9.99255322302  9.99172575934  9.99098532384  9.99033866031  9.98979143898  9.98934828654  9.98901282784  9.98878773102  9.98867474863  9.98867474863  9.98878773102  9.98901282783  9.98934828653  9.98979143897  9.99033866030  9.99098532383  9.99172575934  9.99255322301  9.99345988739  9.99443685883  9.99547422860  9.99656116145  9.99768602250  9.99883654023 10.00000000000
 10.00000000000  9.99768602250  9.99539778185  9.99316056300  9.99099877026  9.98893554266  9.98699242992  9.98518914011  9.98354336345  9.98207067054  9.98078447728  9.97969606469  9.97881463833  9.97814741093  9.97769969184  9.97747496865  9.97747496864  9.97769969184  9.97814741092  9.97881463833  9.97969606468  9.98078447727  9.98207067053  9.98354336344  9.98518914010  9.98699242991  9.98893554265  9.99099877025  9.99316056299  9.99539778185  9.99768602250 10.00000000000
 10.00000000000  9.99656116145  9.99316056300  9.98983577403  9.98662305684  9.98355679554  9.98066901490  9.97798900542  9.97554306133  9.97335432883  9.97144275355  9.96982510913  9.96851508484  9.96752340767  9.96685797462  9.96652397337  9.96652397337  9.96685797462  9.96752340767  9.96851508483  9.96982510912  9.97144275354  9.97335432882  9.97554306131  9.97798900541  9.98066901489  9.98355679553  9.98662305683  9.98983577402  9.99316056299  9.99656116145 10.00000000000
 10.00000000000  9.99547422860  9.99099877026  9.98662305684  9.98239480283  9.97835925473  9.97455855851  9.97103126625  9.96781199104  9.96493120657  9.96241517684  9.96028599267  9.95856168563  9.95725638739  9.95638050274  9.95594086745  9.95594086744  9.95638050274  9.95725638738  9.95856168562  9.96028599266  9.96241517683  9.96493120655  9.96781199103  9.97103126623  9.97455855849  9.97835925471  9.98239480281  9.98662305683  9.99099877025  9.99547422859 10.00000000000
 10.00000000000  9.99443685883  9.98893554266  9.98355679554  9.97835925473  9.97339852960  9.96872642496  9.96439033488  9.96043281799  9.95689135009  9.95379823621  9.95118065364  9.94906078999  9.94745603720  9.94637920244  9.94583870079  9.94583870079  9.94637920243  9.94745603719  9.94906078998  9.95118065362  9.95379823619  9.95689135007  9.96043281797  9.96439033486  9.96872642494  9.97339852958  9.97835925471  9.98355679553  9.98893554265  9.99443685883 10.00000000000
 10.00000000000  9.99345988740  9.98699242992  9.98066901490  9.97455855851  9.96872642496  9.96323351465  9.95813555178  9.95348258455  9.94931869281  9.94568188271  9.94260413479  9.94011156369  9.93822464365  9.93695845424  9.93632290492  9.93632290492  9.93695845423  9.93822464364  9.94011156367  9.94260413477  9.94568188269  9.94931869278  9.95348258452  9.95813555176  9.96323351462  9.96872642494  9.97455855849  9.98066901488  9.98699242991  9.99345988739 10.00000000000
 10.00000000000  9.99255322302  9.98518914011  9.97798900542  9.97103126625  9.96439033488  9.95813555178  9.95233037489  9.94703180970  9.94229007474  9.93814847906  9.93464347398  9.93180483182  9.92965589949  9.92821387547  9.92749006328  9.92749006328  9.92821387546  9.92965589948  9.93180483180  9.93464347395  9.93814847903  9.94229007472  9.94703180967  9.95233037486  9.95813555175  9.96439033486  9.97103126623  9.97798900540  9.98518914009  9.99255322301 10.00000000000
 10.00000000000  9.99172575934  9.98354336345  9.97554306133  9.96781199104  9.96043281799  9.95348258455  9.94703180970  9.94114385498  9.93587455076  9.93127205732  9.92737691894  9.92422225877  9.92183405714  9.92023145600  9.91942703809  9.91942703809  9.92023145599  9.92183405712  9.92422225875  9.92737691891  9.93127205729  9.93587455073  9.94114385495  9.94703180967  9.95348258452  9.96043281797  9.96781199102  9.97554306131  9.98354336344  9.99172575934 10.00000000000
 10.00000000000  9.99098532384  9.98207067054  9.97335432883  9.96493120657  9.95689135009  9.94931869281  9.94229007474  9.93587455076  9.93013298138  9.92511787827  9.92087345962  9.91743585848  9.91483342208  9.91308704023  9.91221044652  9.91221044651  9.91308704022  9.91483342206  9.91743585845  9.92087345960  9.92511787824  9.93013298134  9.93587455073  9.94229007471  9.94931869277  9.95689135006  9.96493120655  9.97335432881  9.98207067052  9.99098532383 10.00000000000
 10.00000000000  9.99033866031  9.98078447728  9.97144275355  9.96241517684  9.95379823621  9.94568188271  9.93814847906  9.93127205732  9.92511787827  9.91974226272  9.91519264709  9.91150780278  9.90871815312  9.90684612172  9.90590645258  9.90590645258  9.90684612171  9.90871815310  9.91150780276  9.91519264706  9.91974226269  9.92511787824  9.93127205728  9.93814847902  9.94568188268  9.95379823618  9.96241517681  9.97144275353  9.98078447726  9.99033866030 10.00000000000
 10.00000000000  9.98979143898  9.97969606469  9.96982510913  9.96028599267  9.95118065364  9.94260413479  9.93464347398  9.92737691894  9.92087345962  9.91519264709  9.91038464864  9.90649047591  9.90354231597  9.90156389617  9.90057081965  9.90057081964  9.90156389616  9.90354231595  9.90649047589  9.91038464861  9.91519264705  9.92087345958  9.92737691890  9.93464347394  9.94260413475  9.95118065360  9.96028599264  9.96982510910  9.97969606468  9.98979143897 10.00000000000
 10.00000000000  9.98934828654  9.97881463833  9.96851508484  9.95856168563  9.94906078999  9.94011156369  9.93180483182  9.92422225877  9.91743585848  9.91150780278  9.90649047591  9.90242670904  9.89935012252  9.89728550362  9.89624915414  9.89624915414  9.89728550361  9.89935012250  9.90242670901  9.90649047588  9.91150780274  9.91743585844  9.92422225873  9.93180483177  9.94011156365  9.94906078995  9.95856168560  9.96851508482  9.97881463832  9.98934828653 10.00000000000
 10.00000000000  9.98901282784  9.97814741093  9.96752340767  9.95725638739  9.94745603720  9.93822464365  9.92965589949  9.92183405714  9.91483342208  9.90871815312  9.90354231597  9.89935012252  9.89617628118  9.89404638410  9.89297726379  9.89297726379  9.89404638409  9.89617628116  9.89935012249  9.90354231593  9.90871815308  9.91483342204  9.92183405710  9.92965589945  9.93822464361  9.94745603716  9.95725638736  9.96752340765  9.97814741091  9.98901282783 10.00000000000
 10.00000000000  9.98878773102  9.97769969184  9.96685797462  9.95638050274  9.94637920244  9.93695845424  9.92821387547  9.92023145600  9.91308704023  9.90684612172  9.90156389617  9.89728550362  9.89404638410  9.89187267112  9.89078155423  9.89078155422  9.89187267111  9.89404638408  9.89728550359  9.90156389613  9.90684612168  9.91308704018  9.92023145596  9.92821387542  9.93695845420  9.94637920240  9.95638050271  9.96685797460  9.97769969182  9.98878773101 10.00000000000
 10.00000000000  9.98867474863  9.97747496865  9.96652397337  9.95594086745  9.94583870079  9.93632290492  9.92749006328  9.91942703809  9.91221044652  9.90590645258  9.90057081965  9.89624915414  9.89297726379  9.89078155423  9.88967939448  9.88967939447  9.89078155421  9.89297726377  9.89624915411  9.90057081961  9.90590645254  9.91221044647  9.91942703804  9.92749006324  9.93632290488  9.94583870075  9.95594086741  9.96652397335  9.97747496863  9.98867474862 10.00000000000
 10.00000000000  9.98867474863  9.97747496864  9.96652397337  9.95594086744  9.94583870079  9.93632290492  9.92749006328  9.91942703809  9.91221044651  9.90590645258  9.90057081964  9.89624915414  9.89297726379  9.89078155422  9.88967939447  9.88967939447  9.89078155421  9.89297726376  9.89624915411  9.90057081961  9.90590645254  9.91221044647  9.91942703804  9.92749006324  9.93632290488  9.94583870075  9.95594086741  9.96652397335  9.97747496863  9.98867474862 10.00000000000
 10.00000000000  9.98878773102  9.97769969184  9.96685797462  9.95638050274  9.94637920243  9.93695845423  9.92821387546  9.92023145599  9.91308704022  9.90684612171  9.90156389616  9.89728550361  9.89404638409  9.89187267111  9.89078155421  9.89078155421  9.89187267109  9.89404638406  9.89728550358  9.90156389612  9.90684612167  9.91308704017  9.92023145595  9.92821387541  9.93695845419  9.94637920239  9.95638050270  9.96685797459  9.97769969182  9.98878773101 10.00000000000
 10.00000000000  9.98901282783  9.97814741092  9.96752340767  9.95725638738  9.94745603719  9.93822464364  9.92965589948  9.92183405712  9.91483342206  9.90871815310  9.90354231595  9.89935012250  9.89617628116  9.89404638408  9.89297726377  9.89297726376  9.89404638406  9.89617628114  9.89935012247  9.90354231591  9.90871815306  9.91483342202  9.92183405708  9.92965589943  9.93822464360  9.94745603715  9.95725638735  9.96752340764  9.97814741091  9.98901282783 10.00000000000
