
 10.00000000000 10.00000000000 10.00000000000 10.00000000000 10.00000000000 10.00000000000 10.00000000000 10.00000000000 10.00000000000 10.00000000000 10.00000000000 10.00000000000 10.00000000000 10.00000000000 10.00000000000 10.00000000000 10.00000000000 10.00000000000 10.00000000000 10.00000000000 10.00000000000 10.00000000000 10.00000000000 10.00000000000 10.00000000000 10.00000000000 10.00000000000 10.00000000000 10.00000000000 10.00000000000 10.00000000000 10.00000000000
 10.00000000000 10.00000000000 10.00000000000 10.00000000000 10.00000000000 10.00000000000 10.00000000000 10.00000000000 10.00000000000 10.00000000000 10.00000000000 10.00000000000 10.00000000000 10.00000000000 10.00000000000 10.00000000000 10.00000000000 10.00000000000 10.00000000000 10.00000000000 10.00000000000 10.00000000000 10.00000000000 10.00000000000 10.00000000000 10.00000000000 10.00000000000 10.00000000000 10.00000000000 10.00000000000 10.00000000000 10.00000000000
 10.00000000000 10.00000000000 10.00000000000 10.00000000000 10.00000000000 10.00000000000 10.00000000000 10.00000000000 10.00000000000 10.00000000000 10.00000000000 10.00000000000 10.00000000000 10.00000000000 10.00000000000 10.00000000000 10.00000000000 10.00000000000 10.00000000000 10.00000000000 10.00000000000 10.00000000000 10.00000000000 10.00000000000 10.00000000000 10.00000000000 10.00000000000 10.00000000000 10.00000000000 10.00000000000 10.00000000000 10.00000000000
 10.00000000000 10.00000000000 10.00000000000 10.00000000000 10.00000000000 10.00000000000 10.00000000000 10.00000000000 10.00000000000 10.00000000000 10.00000000000 10.00000000000 10.00000000000 10.00000000000 10.00000000000 10.00000000000 10.00000000000 10.00000000000 10.00000000000 10.00000000000 10.00000000000 10.00000000000 10.00000000000 10.00000000000 10.00000000000 10.00000000000 10.00000000000 10.00000000000 10.00000000000 10.00000000000 10.00000000000 10.00000000000
 10.00000000000 10.00000000000 10.00000000000 10.00000000000 10.00000000000 10.00000000000 10.00000000000 10.00000000000 10.00000000000 10.00000000000 10.00000000000 10.00000000000 10.00000000000 10.00000000000 10.00000000000 10.00000000000 10.00000000000 10.00000000000 10.00000000000 10.00000000000 10.00000000000 10.00000000000 10.00000000000 10.00000000000 10.00000000000 10.00000000000 10.00000000000 10.00000000000 10.00000000000 10.00000000000 10.00000000000 10.00000000000
 10.00000000000 10.00000000000 10.00000000000 10.00000000000 10.00000000000 10.00000000000 10.00000000000 10.00000000000 10.00000000000 10.00000000000 10.00000000000 10.00000000000 10.00000000000 10.00000000000 10.00000000000 10.00000000000 10.00000000000 10.00000000000 10.00000000000 10.00000000000 10.00000000000 10.00000000000 10.00000000000 10.00000000000 10.00000000000 10.00000000000 10.00000000000 10.00000000000 10.00000000000 10.00000000000 10.00000000000 10.00000000000
 10.00000000000 10.00000000000 10.00000000000 10.00000000000 10.00000000000 10.00000000000 10.00000000000 10.00000000000 10.00000000000 10.00000000000 10.00000000000 10.00000000000 10.00000000000 10.00000000000 10.00000000000 10.00000000000 10.00000000000 10.00000000000 10.00000000000 10.00000000000 10.00000000000 10.00000000000 10.00000000000 10.00000000000 10.00000000000 10.00000000000 10.00000000000 10.00000000000 10.00000000000 10.00000000000 10.00000000000 10.00000000000
 10.00000000000 10.00000000000 10.00000000000 10.00000000000 10.00000000000 10.00000000000 10.00000000000 10.00000000000 10.00000000000 10.00000000000 10.00000000000 10.00000000000 10.00000000000 10.00000000000 10.00000000000 10.00000000000 10.00000000000 10.00000000000 10.00000000000 10.00000000000 10.00000000000 10.00000000000 10.00000000000 10.00000000000 10.00000000000 10.00000000000 10.00000000000 10.00000000000 10.00000000000 10.00000000000 10.00000000000 10.00000000000
 10.00000000000 10.00000000000 10.00000000000 10.00000000000 10.00000000000 10.00000000000 10.00000000000 10.00000000000 10.00000000000 10.00000000000 10.00000000000 10.00000000000 10.00000000000 10.00000000000 10.00000000000 10.00000000000 10.00000000000 10.00000000000 10.00000000000 10.00000000000 10.00000000000 10.00000000000 10.00000000000 10.00000000000 10.00000000000 10.00000000000 10.00000000000 10.00000000000 10.00000000000 10.00000000000 10.00000000000 10.00000000000
 10.00000000000 10.00000000000 10.00000000000 10.00000000000 10.00000000000 10.00000000000 10.00000000000 10.00000000000 10.00000000000 10.00000000000 10.00000000000 10.00000000000 10.00000000000 10.00000000000 10.00000000000 10.00000000000 10.00000000000 10.00000000000 10.00000000000 10.00000000000 10.00000000000 10.00000000000 10.00000000000 10.00000000000 10.00000000000 10.00000000000 10.00000000000 10.00000000000 10.00000000000 10.00000000000 10.00000000000 10.00000000000
 10.00000000000 10.00000000000 10.00000000000 10.00000000000 10.00000000000 10.00000000000 10.00000000000 10.00000000000 10.00000000000 10.00000000000 10.00000000000 10.00000000000 10.00000000000 10.00000000000 10.00000000000 10.00000000000 10.00000000000 10.00000000000 10.00000000000 10.00000000000 10.00000000000 10.00000000000 10.00000000000 10.00000000000 10.00000000000 10.00000000000 10.00000000000 10.00000000000 10.00000000000 10.00000000000 10.00000000000 10.00000000000
 10.00000000000 10.00000000000 10.00000000000 10.00000000000 10.00000000000 10.00000000000 10.00000000000 10.00000000000 10.00000000000 10.00000000000 10.00000000000 10.00000000000 10.00000000000 10.00000000000 10.00000000000 10.00000000000 10.00000000000 10.00000000000 10.00000000000 10.00000000000 10.00000000000 10.00000000000 10.00000000000 10.00000000000 10.00000000000 10.00000000000 10.00000000000 10.00000000000 10.00000000000 10.00000000000 10.00000000000 10.00000000000
 10.00000000000 10.00000000000 10.00000000000 10.00000000000 10.00000000000 10.00000000000 10.00000000000 10.00000000000 10.00000000000 10.00000000000 10.00000000000 10.00000000000 10.00000000000 10.00000000000 10.00000000000 10.00000000000 10.00000000000 10.00000000000 10.00000000000 10.00000000000 10.00000000000 10.00000000000 10.00000000000 10.00000000000 10.00000000000 10.00000000000 10.00000000000 10.00000000000 10.00000000000 10.00000000000 10.00000000000 10.00000000000
 10.00000000000 10.00000000000 10.00000000000 10.00000000000 10.00000000000 10.00000000000 10.00000000000 10.00000000000 10.00000000000 10.00000000000 10.00000000000 10.00000000000 10.00000000000 10.00000000000 10.00000000000 10.00000000000 10.00000000000 10.00000000000 10.00000000000 10.00000000000 10.00000000000 10.00000000000 10.00000000000 10.00000000000 10.00000000000 10.00000000000 10.00000000000 10.00000000000 10.00000000000 10.00000000000 10.00000000000 10.00000000000
 10.00000000000 10.00000000000 10.00000000000 10.00000000000 10.00000000000 10.00000000000 10.00000000000 10.00000000000 10.00000000000 10.00000000000 10.00000000000 10.00000000000 10.00000000000 10.00000000000 10.00000000000 10.00000000000 10.00000000000 10.00000000000 10.00000000000 10.00000000000 10.00000000000 10.00000000000 10.00000000000 10.00000000000 10.00000000000 10.00000000000 10.00000000000 10.00000000000 10.00000000000 10.00000000000 10.00000000000 10.00000000000
 10.00000000000 10.00000000000 10.00000000000 10.00000000000 10.00000000000 10.00000000000 10.00000000000 10.00000000000 10.00000000000 10.00000000000 10.00000000000 10.00000000000 10.00000000000 10.00000000000 10.00000000000 10.00000000000 10.00000000000 10.00000000000 10.00000000000 10.00000000000 10.00000000000 10.00000000000 10.00000000000 10.00000000000 10.00000000000 10.00000000000 10.00000000000 10.00000000000 10.00000000000 10.00000000000 10.00000000000 10.00000000000
 10.00000000000 10.00000000000 10.00000000000 10.00000000000 10.00000000000 10.00000000000 10.00000000000 10.00000000000 10.00000000000 10.00000000000 10.00000000000 10.00000000000 10.00000000000 10.00000000000 10.00000000000 10.00000000000 10.00000000000 10.00000000000 10.00000000000 10.00000000000 10.00000000000 10.00000000000 10.00000000000 10.00000000000 10.00000000000 10.00000000000 10.00000000000 10.00000000000 10.00000000000 10.00000000000 10.00000000000 10.00000000000
 10.00000000000 10.00000000000 10.00000000000 10.00000000000 10.00000000000 10.00000000000 10.00000000000 10.00000000000 10.00000000000 10.00000000000 10.00000000000 10.00000000000 10.00000000000 10.00000000000 10.00000000000 10.00000000000 10.00000000000 10.00000000000 10.00000000000 10.00000000000 10.00000000000 10.00000000000 10.00000000000 10.00000000000 10.00000000000 10.00000000000 10.00000000000 10.00000000000 10.00000000000 10.00000000000 10.00000000000 10.00000000000
 10.00000000000 10.00000000000 10.00000000000 10.00000000000 10.00000000000 10.00000000000 10.00000000000 10.00000000000 10.00000000000 10.00000000000 10.00000000000 10.00000000000 10.00000000000 10.00000000000 10.00000000000 10.00000000000 10.00000000000 10.00000000000 10.00000000000 10.00000000000 10.00000000000 10.00000000000 10.00000000000 10.00000000000 10.00000000000 10.00000000000 10.00000000000 10.00000000000 10.00000000000 10.00000000000 10.00000000000 10.00000000000
 10.00000000000 10.00000000000 10.00000000000 10.00000000000 10.00000000000 10.00000000000 10.00000000000 10.00000000000 10.00000000000 10.00000000000 10.00000000000 10.00000000000 10.00000000000 10.00000000000 10.00000000000 10.00000000000 10.00000000000 10.00000000000 10.00000000000 10.00000000000 10.00000000000 10.00000000000 10.00000000000 10.00000000000 10.00000000000 10.00000000000 10.00000000000 10.00000000000 10.00000000000 10.00000000000 10.00000000000 10.00000000000
 10.00000000000 10.00000000000 10.00000000000 10.00000000000 10.00000000000 10.00000000000 10.00000000000 10.00000000000 10.00000000000 10.00000000000 10.00000000000 10.00000000000 10.00000000000 10.00000000000 10.00000000000 10.00000000000 10.00000000000 10.00000000000 10.00000000000 10.00000000000 10.00000000000 10.00000000000 10.00000000000 10.00000000000 10.00000000000 10.00000000000 10.00000000000 10.00000000000 10.00000000000 10.00000000000 10.00000000000 10.00000000000
 10.00000000000 10.00000000000 10.00000000000 10.00000000000 10.00000000000 10.00000000000 10.00000000000 10.00000000000 10.00000000000 10.00000000000 10.00000000000 10.00000000000 10.00000000000 10.00000000000 10.00000000000 10.00000000000 10.00000000000 10.00000000000 10.00000000000 10.00000000000 10.00000000000 10.00000000000 10.00000000000 10.00000000000 10.00000000000 10.00000000000 10.00000000000 10.00000000000 10.00000000000 10.00000000000 10.00000000000 10.00000000000
 10.00000000000 10.00000000000 10.00000000000 10.00000000000 10.00000000000 10.00000000000 10.00000000000 10.00000000000 10.00000000000 10.00000000000 10.00000000000 10.00000000000 10.00000000000 10.00000000000 10.00000000000 10.00000000000 10.00000000000 10.00000000000 10.00000000000 10.00000000000 10.00000000000 10.00000000000 10.00000000000 10.00000000000 10.00000000000 10.00000000000 10.00000000000 10.00000000000 10.00000000000 10.00000000000 10.00000000000 10.00000000000
 10.00000000000 10.00000000000 10.00000000000 10.00000000000 10.00000000000 10.00000000000 10.00000000000 10.00000000000 10.00000000000 10.00000000000 10.00000000000 10.00000000000 10.00000000000 10.00000000000 10.00000000000 10.00000000000 10.00000000000 10.00000000000 10.00000000000 10.00000000000 10.00000000000 10.00000000000 10.00000000000 10.00000000000 10.00000000000 10.00000000000 10.00000000000 10.00000000000 10.00000000000 10.00000000000 10.00000000000 10.00000000000
 10.00000000000 10.00000000000 10.00000000000 10.00000000000 10.00000000000 10.00000000000 10.00000000000 10.00000000000 10.00000000000 10.00000000000 10.00000000000 10.00000000000 10.00000000000 10.00000000000 10.00000000000 10.00000000000 10.00000000000 10.00000000000 10.00000000000 10.00000000000 10.00000000000 10.00000000000 10.00000000000 10.00000000000 10.00000000000 10.00000000000 10.00000000000 10.00000000000 10.00000000000 10.00000000000 10.00000000000 10.00000000000
 10.00000000000 10.00000000000 10.00000000000 10.00000000000 10.00000000000 10.00000000000 10.00000000000 10.00000000000 10.00000000000 10.00000000000 10.00000000000 10.00000000000 10.00000000000 10.00000000000 10.00000000000 10.00000000000 10.00000000000 10.00000000000 10.00000000000 10.00000000000 10.00000000000 10.00000000000 10.00000000000 10.00000000000 10.00000000000 10.00000000000 10.00000000000 10.00000000000 10.00000000000 10.00000000000 10.00000000000 10.00000000000
 10.00000000000 10.00000000000 10.00000000000 10.00000000000 10.00000000000 10.00000000000 10.00000000000 10.00000000000 10.00000000000 10.00000000000 10.00000000000 10.00000000000 10.00000000000 10.00000000000 10.00000000000 10.00000000000 10.00000000000 10.00000000000 10.00000000000 10.00000000000 10.00000000000 10.00000000000 10.00000000000 10.00000000000 10.00000000000 10.00000000000 10.00000000000 10.00000000000 10.00000000000 10.00000000000 10.00000000000 10.00000000000
 10.00000000000 10.00000000000 10.00000000000 10.00000000000 10.00000000000 10.00000000000 10.00000000000 10.00000000000 10.00000000000 10.00000000000 10.00000000000 10.00000000000 10.00000000000 10.00000000000 10.00000000000 10.00000000000 10.00000000000 10.00000000000 10.00000000000 10.00000000000 10.00000000000 10.00000000000 10.00000000000 10.00000000000 10.00000000000 10.00000000000 10.00000000000 10.00000000000 10.00000000000 10.00000000000 10.00000000000 10.00000000000
 10.00000000000 10.00000000000 10.00000000000 10.00000000000 10.00000000000 10.00000000000 10.00000000000 10.00000000000 10.00000000000 10.00000000000 10.00000000000 10.00000000000 10.00000000000 10.00000000000 10.00000000000 10.00000000000 10.00000000000 10.00000000000 10.00000000000 10.00000000000 10.00000000000 10.00000000000 10.00000000000 10.00000000000 10.00000000000 10.00000000000 10.00000000000 10.00000000000 10.00000000000 10.00000000000 10.00000000000 10.00000000000
 10.00000000000 10.00000000000 10.00000000000 10.00000000000 10.00000000000 10.00000000000 10.00000000000 10.00000000000 10.00000000000 10.00000000000 10.00000000000 10.00000000000 10.00000000000 10.00000000000 10.00000000000 10.00000000000 10.00000000000 10.00000000000 10.00000000000 10.00000000000 10.00000000000 10.00000000000 10.00000000000 10.00000000000 10.00000000000 10.00000000000 10.00000000000 10.00000000000 10.00000000000 10.00000000000 10.00000000000 10.00000000000
 10.00000000000 10.00000000000 10.00000000000 10.00000000000 10.00000000000 10.00000000000 10.00000000000 10.00000000000 10.00000000000 10.00000000000 10.00000000000 10.00000000000 10.00000000000 10.00000000000 10.00000000000 10.00000000000 10.00000000000 10.00000000000 10.00000000000 10.00000000000 10.00000000000 10.00000000000 10.00000000000 10.00000000000 10.00000000000 10.00000000000 10.00000000000 10.00000000000 10.00000000000 10.00000000000 10.00000000000 10.00000000000
 10.00000000000 10.00000000000 10.00000000000 10.00000000000 10.00000000000 10.00000000000 10.00000000000 10.00000000000 10.00000000000 10.00000000000 10.00000000000 10.00000000000 10.00000000000 10.00000000000 10.00000000000 10.00000000000 10.00000000000 10.00000000000 10.00000000000 10.00000000000 10.00000000000 10.00000000000 10.00000000000 10.00000000000 10.00000000000 10.00000000000 10.00000000000 10.00000000000 10.00000000000 10.00000000000 10.00000000000 10.00000000000

 10.00000000000 10.00000000000 10.00000000000 10.00000000000 10.00000000000 10.00000000000 10.00000000000 10.00000000000 10.00000000000 10.00000000000 10.00000000000 10.00000000000 10.00000000000 10.00000000000 10.00000000000 10.00000000000 10.00000000000 10.00000000000 10.00000000000 10.00000000000 10.00000000000 10.00000000000 10.00000000000 10.00000000000 10.00000000000 10.00000000000 10.00000000000 10.00000000000 10.00000000000 10.00000000000 10.00000000000 10.00000000000
 10.00000000000  9.99916824989  9.99834551053  9.99754065539  9.99676228928  9.99601862792  9.99531739294  9.99466572507  9.99407011698  9.99353636560  9.99306954237  9.99267397886  9.99235326421  9.99211025080  9.99194706418  9.99186511393  9.99186510259  9.99194703063  9.99211019641  9.99235319121  9.99267389023  9.99306944175  9.99353625710  9.99407000505  9.99466561429  9.99531728784  9.99601853280  9.99676220804  9.99754059136  9.99834546633  9.99916822733 10.00000000000
 10.00000000000  9.99834551053  9.99670894331  9.99510794776  9.99355963916  9.99208035930  9.99068546765  9.98938916872  9.98820437844  9.98714262918  9.98621401055  9.98542714055  9.98478916041  9.98430574564  9.98398112569  9.98381810544  9.98381808288  9.98398105893  9.98430563741  9.98478901515  9.98542696420  9.98621381033  9.98714241329  9.98820415572  9.98938894829  9.99068525853  9.99208017004  9.99355947753  9.99510782037  9.99670885537  9.99834546564 10.00000000000
 10.00000000000  9.99754065539  9.99510794776  9.99272810896  9.99042657762  9.98822764373  9.98615413832  9.98422717691  9.98246596080  9.98088763572  9.97950720351  9.97833747886  9.97738908136  9.97667045145  9.97618787940  9.97594553695  9.97594550340  9.97618778012  9.97667029050  9.97738886533  9.97833721661  9.97950690576  9.98088731467  9.98246562958  9.98422684909  9.98615382732  9.98822736228  9.99042633725  9.99272791950  9.99510781698  9.99754058863 10.00000000000
 10.00000000000  9.99676228928  9.99355963916  9.99042657762  9.98739658979  9.98450165049  9.98177181609  9.97923488674  9.97691614471  9.97483816792  9.97302071315  9.97148065852  9.97023199231  9.96928583337  9.96865046865  9.96833139442  9.96833135022  9.96865033787  9.96928562135  9.97023170773  9.97148031304  9.97302032091  9.97483774499  9.97691570839  9.97923445490  9.98177140640  9.98450127974  9.98739627314  9.99042632805  9.99355946687  9.99676220133 10.00000000000
 10.00000000000  9.99601862792  9.99208035930  9.98822764373  9.98450165049  9.98094169453  9.97758473491  9.97446495974  9.97161346405  9.96905802008  9.96682293286  9.96492896859  9.96339333990  9.96222973002  9.96144833802  9.96105592880  9.96105587441  9.96144817707  9.96222946911  9.96339298970  9.96492854344  9.96682245017  9.96905749961  9.97161292711  9.97446442831  9.97758423074  9.98094123827  9.98450126082  9.98822733660  9.99208014728  9.99601851969 10.00000000000
 10.00000000000  9.99531739294  9.99068546765  9.98615413832  9.98177181609  9.97758473491  9.97363636231  9.96996691134  9.96661296143  9.96360718755  9.96097818932  9.95875040564  9.95694409598  9.95557536754  9.95465622735  9.95419464010  9.95419457608  9.95465603789  9.95557506041  9.95694368375  9.95874990519  9.96097762113  9.96360657488  9.96661232938  9.96996628577  9.97363576884  9.97758419783  9.98177135739  9.98615377678  9.99068521807  9.99531726554 10.00000000000
 10.00000000000  9.99466572507  9.98938916872  9.98422717691  9.97923488674  9.97446495974  9.96996691134  9.96578655514  9.96196557060  9.95854119374  9.95554602119  9.95300791148  9.95094996213  9.94939053905  9.94834333445  9.94781743160  9.94781735860  9.94834311842  9.94939018885  9.95094949209  9.95300734085  9.95554537333  9.95854049516  9.96196484992  9.96578584185  9.96996623465  9.97446434735  9.97923436373  9.98422676468  9.98938888415  9.99466557981 10.00000000000
 10.00000000000  9.99407011698  9.98820437844  9.98246596080  9.97691614471  9.97161346405  9.96661296143  9.96196557060  9.95771763553  9.95391056554  9.95058061617  9.94775877769  9.94547074783  9.94373696273  9.94257265963  9.94198794761  9.94198786638  9.94257241926  9.94373657306  9.94547022482  9.94775814274  9.95057989528  9.95390978823  9.95771683362  9.96196477692  9.96661220847  9.97161278263  9.97691556274  9.98246550210  9.98820406179  9.99406995535 10.00000000000
 10.00000000000  9.99353636560  9.98714262918  9.98088763572  9.97483816792  9.96905802008  9.96360718755  9.95854119374  9.95391056554  9.94976045637  9.94613040583  9.94305421634  9.94055992152  9.93866981792  9.93740053174  9.93676309443  9.93676300580  9.93740026949  9.93866939278  9.94055935089  9.94305352359  9.94612961932  9.94975960830  9.95390969062  9.95854032780  9.96360636604  9.96905727663  9.97483753297  9.98088713527  9.98714228370  9.99353618925 10.00000000000
 10.00000000000  9.99306954237  9.98621401055  9.97950720351  9.97302071315  9.96682293286  9.96097818932  9.95554602119  9.95058061617  9.94613040583  9.94223780637  9.93893908453  9.93626432171  9.93423744605  9.93287630217  9.93219273088  9.93219263576  9.93287602073  9.93423698979  9.93626370932  9.93893834109  9.94223696230  9.94612949570  9.95057967723  9.95554509188  9.96097730769  9.96682213500  9.97302003173  9.97950666643  9.98621363979  9.99306935312 10.00000000000
 10.00000000000  9.99267397886  9.98542714055  9.97833747886  9.97148065852  9.96492896859  9.95875040564  9.95300791148  9.94775877769  9.94305421634  9.93893908453  9.93545174090  9.93262400577  9.93048119327  9.92904218337  9.92831950469  9.92831940407  9.92904188562  9.93048071059  9.93262335791  9.93545095438  9.93893819157  9.94305325348  9.94775778436  9.95300692834  9.95874947295  9.96492812452  9.97147993763  9.97833691068  9.98542674832  9.99267377864 10.00000000000
 10.00000000000  9.99235326421  9.98478916041  9.97738908136  9.97023199231  9.96339333990  9.95694409598  9.95094996213  9.94547074783  9.94055992152  9.93626432171  9.93262400577  9.92967220660  9.92743536452  9.92593320094  9.92517880367  9.92517869857  9.92593288995  9.92743486036  9.92967152992  9.93262318426  9.93626338902  9.94055891582  9.94546971031  9.95094893525  9.95694312179  9.96339245828  9.97023123935  9.97738848789  9.98478875073  9.99235305509 10.00000000000
 10.00000000000  9.99211025080  9.98430574564  9.97667045145  9.96928583337  9.96222973002  9.95557536754  9.94939053905  9.94373696273  9.93866981792  9.93423744605  9.93048119327  9.92743536452  9.92512725496  9.92357722490  9.92279878673  9.92279867824  9.92357690385  9.92512673449  9.92743466595  9.93048034520  9.93423648319  9.93866877970  9.94373589165  9.94938947896  9.95557436184  9.96222881989  9.96928505606  9.97666983879  9.98430532271  9.99211003492 10.00000000000
 10.00000000000  9.99194706418  9.98398112569  9.97618787940  9.96865046865  9.96144833802  9.95465622735  9.94834333445  9.94257265963  9.93740053174  9.93287630217  9.92904218337  9.92593320094  9.92357722490  9.92199504519  9.92120045979  9.92120034901  9.92199471737  9.92357669347  9.92593248766  9.92904131743  9.93287531904  9.93739947166  9.94257156600  9.94834225203  9.95465520047  9.96144740871  9.96864967497  9.97618725384  9.98398069385  9.99194684375 10.00000000000
 10.00000000000  9.99186511393  9.98381810544  9.97594553695  9.96833139442  9.96105592880  9.95419464010  9.94781743160  9.94198794761  9.93676309443  9.93219273088  9.92831950469  9.92517880367  9.92279878673  9.92120045979  9.92039776437  9.92039765244  9.92120012858  9.92279824980  9.92517808300  9.92831862978  9.93219173755  9.93676202335  9.94198684264  9.94781633796  9.95419360258  9.96105498986  9.96833059251  9.97594490490  9.98381766913  9.99186489121 10.00000000000
 10.00000000000  9.99186510259  9.98381808288  9.97594550340  9.96833135022  9.96105587441  9.95419457608  9.94781735860  9.94198786638  9.93676300580  9.93219263576  9.92831940407  9.92517869857  9.92279867824  9.92120034901  9.92039765244  9.92039754051  9.92120001779  9.92279814130  9.92517797790  9.92831852916  9.93219164244  9.93676193473  9.94198676140  9.94781626496  9.95419353855  9.96105493547  9.96833054831  9.97594487135  9.98381764656  9.99186487988 10.00000000000
 10.00000000000  9.99194703063  9.98398105893  9.97618778012  9.96865033787  9.96144817707  9.95465603789  9.94834311842  9.94257241926  9.93740026949  9.93287602073  9.92904188562  9.92593288995  9.92357690385  9.92199471737  9.92120012858  9.92120001779  9.92199438956  9.92357637242  9.92593217667  9.92904101969  9.93287503759  9.93739920940  9.94257132562  9.94834203601  9.95465501101  9.96144724777  9.96864954419  9.97618715455  9.98398062709  9.99194681020 10.00000000000
 10.00000000000  9.99211019641  9.98430563741  9.97667029050  9.96928562135  9.96222946911  9.95557506041  9.94939018885  9.94373657306  9.93866939278  9.93423698979  9.93048071059  9.92743486036  9.92512673449  9.92357669347  9.92279824980  9.92279814130  9.92357637242  9.92512621403  9.92743416179  9.93047986252  9.93423602694  9.93866835456  9.94373550198  9.94938912876  9.95557405471  9.96222855898  9.96928484404  9.97666967784  9.98430521449  9.99210998053 10.00000000000
 10.00000000000  9.99235319121  9.98478901515  9.97738886533  9.97023170773  9.96339298970  9.95694368375  9.95094949209  9.94547022482  9.94055935089  9.93626370932  9.93262335791  9.92967152992  9.92743466595  9.92593248766  9.92517808300  9.92517797790  9.92593217667  9.92743416179  9.92967085323  9.93262253640  9.93626277663  9.94055834519  9.94546918729  9.95094846521  9.95694270955  9.96339210808  9.97023095478  9.97738827187  9.98478860547  9.99235298208 10.00000000000
 10.00000000000  9.99267389023  9.98542696420  9.97833721661  9.97148031304  9.96492854344  9.95874990519  9.95300734085  9.94775814274  9.94305352359  9.93893834109  9.93545095438  9.93262318426  9.93048034520  9.92904131743  9.92831862978  9.92831852916  9.92904101969  9.93047986252  9.93262253640  9.93545016787  9.93893744812  9.94305256073  9.94775714941  9.95300635771  9.95874897249  9.96492769937  9.97147959216  9.97833664842  9.98542657197  9.99267369002 10.00000000000
 10.00000000000  9.99306944175  9.98621381033  9.97950690576  9.97302032091  9.96682245017  9.96097762113  9.95554537333  9.95057989528  9.94612961932  9.94223696230  9.93893819157  9.93626338902  9.93423648319  9.93287531904  9.93219173755  9.93219164244  9.93287503759  9.93423602694  9.93626277663  9.93893744812  9.94223611823  9.94612870918  9.95057895634  9.95554444402  9.96097673950  9.96682165232  9.97301963950  9.97950636868  9.98621343958  9.99306925250 10.00000000000
 10.00000000000  9.99353625710  9.98714241329  9.98088731467  9.97483774499  9.96905749961  9.96360657488  9.95854049516  9.95390978823  9.94975960830  9.94612949570  9.94305325348  9.94055891582  9.93866877970  9.93739947166  9.93676202335  9.93676193473  9.93739920940  9.93866835456  9.94055834519  9.94305256073  9.94612870918  9.94975876022  9.95390891331  9.95853962923  9.96360575337  9.96905675616  9.97483711004  9.98088681421  9.98714206782  9.99353608075 10.00000000000
 10.00000000000  9.99407000505  9.98820415572  9.98246562958  9.97691570839  9.97161292711  9.96661232938  9.96196484992  9.95771683362  9.95390969062  9.95057967723  9.94775778436  9.94546971031  9.94373589165  9.94257156600  9.94198684264  9.94198676140  9.94257132562  9.94373550198  9.94546918729  9.94775714941  9.95057895634  9.95390891331  9.95771603170  9.96196405624  9.96661157641  9.97161224569  9.97691512642  9.98246517088  9.98820383907  9.99406984342 10.00000000000
 10.00000000000  9.99466561429  9.98938894829  9.98422684909  9.97923445490  9.97446442831  9.96996628577  9.96578584185  9.96196477692  9.95854032780  9.95554509188  9.95300692834  9.95094893525  9.94938947896  9.94834225203  9.94781633796  9.94781626496  9.94834203601  9.94938912876  9.95094846521  9.95300635771  9.95554444402  9.95853962923  9.96196405624  9.96578512856  9.96996560908  9.97446381592  9.97923393189  9.98422643686  9.98938866372  9.99466546903 10.00000000000
 10.00000000000  9.99531728784  9.99068525853  9.98615382732  9.98177140640  9.97758423074  9.97363576884  9.96996623465  9.96661220847  9.96360636604  9.96097730769  9.95874947295  9.95694312179  9.95557436184  9.95465520047  9.95419360258  9.95419353855  9.95465501101  9.95557405471  9.95694270955  9.95874897249  9.96097673950  9.96360575337  9.96661157641  9.96996560908  9.97363517537  9.97758369366  9.98177094770  9.98615346578  9.99068500895  9.99531716044 10.00000000000
 10.00000000000  9.99601853280  9.99208017004  9.98822736228  9.98450127974  9.98094123827  9.97758419783  9.97446434735  9.97161278263  9.96905727663  9.96682213500  9.96492812452  9.96339245828  9.96222881989  9.96144740871  9.96105498986  9.96105493547  9.96144724777  9.96222855898  9.96339210808  9.96492769937  9.96682165232  9.96905675616  9.97161224569  9.97446381592  9.97758369366  9.98094078201  9.98450089007  9.98822705515  9.99207995803  9.99601842458 10.00000000000
 10.00000000000  9.99676220804  9.99355947753  9.99042633725  9.98739627314  9.98450126082  9.98177135739  9.97923436373  9.97691556274  9.97483753297  9.97302003173  9.97147993763  9.97023123935  9.96928505606  9.96864967497  9.96833059251  9.96833054831  9.96864954419  9.96928484404  9.97023095478  9.97147959216  9.97301963950  9.97483711004  9.97691512642  9.97923393189  9.98177094770  9.98450089007  9.98739595649  9.99042608767  9.99355930524  9.99676212010 10.00000000000
 10.00000000000  9.99754059136  9.99510782037  9.99272791950  9.99042632805  9.98822733660  9.98615377678  9.98422676468  9.98246550210  9.98088713527  9.97950666643  9.97833691068  9.97738848789  9.97666983879  9.97618725384  9.97594490490  9.97594487135  9.97618715455  9.97666967784  9.97738827187  9.97833664842  9.97950636868  9.98088681421  9.98246517088  9.98422643686  9.98615346578  9.98822705515  9.99042608767  9.99272773005  9.99510768958  9.99754052460 10.00000000000
 10.00000000000  9.99834546633  9.99670885537  9.99510781698  9.99355946687  9.99208014728  9.99068521807  9.98938888415  9.98820406179  9.98714228370  9.98621363979  9.98542674832  9.98478875073  9.98430532271  9.98398069385  9.98381766913  9.98381764656  9.98398062709  9.98430521449  9.98478860547  9.98542657197  9.98621343958  9.98714206782  9.98820383907  9.98938866372  9.99068500895  9.99207995803  9.99355930524  9.99510768958  9.99670876742  9.99834542144 10.00000000000
 10.00000000000  9.99916822733  9.99834546564  9.99754058863  9.99676220133  9.99601851969  9.99531726554  9.99466557981  9.99406995535  9.99353618925  9.99306935312  9.99267377864  9.99235305509  9.99211003492  9.99194684375  9.99186489121  9.99186487988  9.99194681020  9.99210998053  9.99235298208  9.99267369002  9.99306925250  9.99353608075  9.99406984342  9.99466546903  9.99531716044  9.99601842458  9.99676212010  9.99754052460  9.99834542144  9.99916820477 10.00000000000
 10.00000000000 10.00000000000 10.00000000000 10.00000000000 10.00000000000 10.00000000000 10.00000000000 10.00000000000 10.00000000000 10.00000000000 10.00000000000 10.00000000000 10.00000000000 10.00000000000 10.00000000000 10.00000000000 10.00000000000 10.00000000000 10.00000000000 10.00000000000 10.00000000000 10.00000000000 10.00000000000 10.00000000000 10.00000000000 10.00000000000 10.00000000000 10.00000000000 10.00000000000 10.00000000000 10.00000000000 10.00000000000

 10.00000000000 10.00000000000 10.00000000000 10.00000000000 10.00000000000 10.00000000000 10.00000000000 10.00000000000 10.00000000000 10.00000000000 10.00000000000 10.00000000000 10.00000000000 10.00000000000 10.00000000000 10.00000000000 10.00000000000 10.00000000000 10.00000000000 10.00000000000 10.00000000000 10.00000000000 10.00000000000 10.00000000000 10.00000000000 10.00000000000 10.00000000000 10.00000000000 10.00000000000 10.00000000000 10.00000000000 10.00000000000
 10.00000000000  9.99832645126  9.99667107865  9.99505177716  9.99348589179  9.99198997185  9.99057955766  9.98926900526  9.98807135234  9.98699822461  9.98605977933  9.98526468048  9.98462009810  9.98413172390  9.98380379525  9.98363912020  9.98363909763  9.98380372849  9.98413161567  9.98461995284  9.98526450413  9.98605957911  9.98699800872  9.98807112963  9.98926878482  9.99057934853  9.99198978260  9.99348573015  9.99505164977  9.99667099070  9.99832640637 10.00000000000
 10.00000000000  9.99667107865  9.99337830862  9.99015728243  9.98704249924  9.98406687655  9.98126132590  9.97865440440  9.97627204783  9.97413738425  9.97227062150  9.97068899739  9.96940677805  9.96843528874  9.96778296116  9.96745538307  9.96745533818  9.96778282833  9.96843507340  9.96940648902  9.97068864651  9.97227022313  9.97413695469  9.97627160468  9.97865396580  9.98126090980  9.98406649999  9.98704217763  9.99015702895  9.99337813363  9.99667098933 10.00000000000
 10.00000000000  9.99505177716  9.99015728243  9.98536941418  9.98073944735  9.97631630824  9.97214594411  9.96827080543  9.96472944888  9.96155625984  9.95878128462  9.95643015556  9.95452408784  9.95307992441  9.95211020573  9.95162324275  9.95162317599  9.95211000819  9.95307960417  9.95452365800  9.95642963374  9.95878069218  9.96155562102  9.96472878984  9.96827015316  9.97214532530  9.97631574823  9.98073896907  9.98536903721  9.99015702220  9.99505164433 10.00000000000
 10.00000000000  9.99348589179  9.98704249924  9.98073944735  9.97464422701  9.96882124139  9.96333097679  9.95822932113  9.95356704102  9.94938941571  9.94573601501  9.94264059943  9.94013111453  9.93822974869  9.93695302356  9.93631188925  9.93631180130  9.93695276333  9.93822932683  9.94013054831  9.94263991203  9.94573523457  9.94938857418  9.95356617286  9.95822846188  9.96333016162  9.96882050368  9.97464359697  9.98073895076  9.98704215643  9.99348571680 10.00000000000
 10.00000000000  9.99198997185  9.98406687655  9.97631630824  9.96882124139  9.96166085996  9.95490953875  9.94863600563  9.94290269810  9.93776531197  9.93327252666  9.92946588043  9.92637976123  9.92404147575  9.92247135869  9.92168288834  9.92168278011  9.92247103845  9.92404095660  9.92637906443  9.92946503450  9.93327156624  9.93776427637  9.94290162973  9.94863494822  9.95490853559  9.96165995213  9.96882046605  9.97631569712  9.98406645469  9.99198975652 10.00000000000
 10.00000000000  9.99057955766  9.98126132590  9.97214594411  9.96333097679  9.95490953875  9.94696909840  9.93959049289  9.93284717058  9.92680465887  9.92152023886  9.91704279596  9.91341280632  9.91066241526  9.90881556328  9.90788811995  9.90788799255  9.90881518631  9.91066180415  9.91341198609  9.91704180018  9.92151910831  9.92680343983  9.93284591296  9.93958924817  9.94696791754  9.95490847010  9.96333006410  9.97214522474  9.98126082931  9.99057930417 10.00000000000
 10.00000000000  9.98926900526  9.97865440440  9.96827080543  9.95822932113  9.94863600563  9.93959049289  9.93118487516  9.92350283937  9.91661905901  9.91059882087  9.90549785160  9.90136229886  9.89822881713  9.89612470839  9.89506807199  9.89506792673  9.89612427856  9.89822812033  9.90136136361  9.90549671620  9.91059753180  9.91661766904  9.92350140540  9.93118345590  9.93958914645  9.94863478714  9.95822828047  9.96826998520  9.97865383818  9.98926871623 10.00000000000
 10.00000000000  9.98807135234  9.97627204783  9.96472944888  9.95356704102  9.94290269810  9.93284717058  9.92350283937  9.91496275490  9.90730995900  9.90061706699  9.89494607111  9.89034831568  9.88686458857  9.88452527410  9.88335051681  9.88335035518  9.88452479582  9.88686381323  9.89034727501  9.89494480773  9.90061563261  9.90730841236  9.91496115930  9.92350126015  9.93284567238  9.94290134227  9.95356588306  9.96472853619  9.97627141779  9.98807103074 10.00000000000
 10.00000000000  9.98699822461  9.97413738425  9.96155625984  9.94938941571  9.93776531197  9.92680465887  9.91661905901  9.90730995900  9.89896790810  9.89167209939  9.88549015160  9.88047807776  9.87668038074  9.87413021617  9.87284956790  9.87284939155  9.87412969436  9.87667953482  9.88047694235  9.88548877321  9.89167053443  9.89896622065  9.90730821815  9.91661733602  9.92680302428  9.93776383270  9.94938815233  9.96155526407  9.97413669685  9.98699787372 10.00000000000
 10.00000000000  9.98605977933  9.97227062150  9.95878128462  9.94573601501  9.93327252666  9.92152023886  9.91059882087  9.90061706699  9.89167209939  9.88384887286  9.87721993687  9.87184539765  9.86777301646  9.86503838035  9.86366508734  9.86366489809  9.86503782034  9.86777210863  9.87184417917  9.87721845761  9.88384719338  9.89167028846  9.90061519874  9.91059697180  9.92151848466  9.93327093915  9.94573465918  9.95878021598  9.97226988380  9.98605940277 10.00000000000
 10.00000000000  9.98526468048  9.97068899739  9.95643015556  9.94264059943  9.92946588043  9.91704279596  9.90549785160  9.89494607111  9.88549015160  9.87721993687  9.87021216211  9.86453040967  9.86022520898  9.85733421339  9.85588239297  9.85588219276  9.85733362095  9.86022424856  9.86452912060  9.87021059716  9.87721816011  9.88548823577  9.89494409465  9.90549589542  9.91704094014  9.92946420096  9.94263916506  9.95642902502  9.97068821696  9.98526428211 10.00000000000
 10.00000000000  9.98462009810  9.96940677805  9.95452408784  9.94013111453  9.92637976123  9.91341280632  9.90136229886  9.89034831568  9.88047807776  9.87184539765  9.86453040967  9.85859952007  9.85410550773  9.85108770559  9.84957219921  9.84957199009  9.85108708679  9.85410450458  9.85859817364  9.86452877509  9.87184354184  9.88047607668  9.89034625127  9.90136025563  9.91341086794  9.92637800704  9.94012961634  9.95452290699  9.96940596289  9.98461968200 10.00000000000
 10.00000000000  9.98413172390  9.96843528874  9.95307992441  9.93822974869  9.92404147575  9.91066241526  9.89822881713  9.88686458857  9.87668038074  9.86777301646  9.86022520898  9.85410550773  9.84946839925  9.84635449180  9.84479071806  9.84479050218  9.84635385299  9.84946736367  9.85410411776  9.86022352154  9.86777110063  9.87667831496  9.88686245741  9.89822670784  9.91066041419  9.92403966483  9.93822820205  9.95307870538  9.96843444722  9.98413129435 10.00000000000
 10.00000000000  9.98380379525  9.96778296116  9.95211020573  9.93695302356  9.92247135869  9.90881556328  9.89612470839  9.88452527410  9.87413021617  9.86503838035  9.85733421339  9.85108770559  9.84635449180  9.84317603799  9.84157984664  9.84157962621  9.84317538572  9.84635343441  9.85108628635  9.85733249041  9.86503642417  9.87412810688  9.88452309805  9.89612255467  9.90881352006  9.92246950963  9.93695144435  9.95210896102  9.96778210192  9.98380335665 10.00000000000
 10.00000000000  9.98363912020  9.96745538307  9.95162324275  9.93631188925  9.92168288834  9.90788811995  9.89506807199  9.88335051681  9.87284956790  9.86366508734  9.85588239297  9.84957219921  9.84479071806  9.84157984664  9.83996737387  9.83996715115  9.84157918761  9.84478964970  9.84957076525  9.85588065213  9.86366311088  9.87284743674  9.88334831820  9.89506589594  9.90788605555  9.92168102010  9.93631029366  9.95162198514  9.96745451492  9.98363867705 10.00000000000
 10.00000000000  9.98363909763  9.96745533818  9.95162317599  9.93631180130  9.92168278011  9.90788799255  9.89506792673  9.88335035518  9.87284939155  9.86366489809  9.85588219276  9.84957199009  9.84479050218  9.84157962621  9.83996715115  9.83996692844  9.84157896718  9.84478943382  9.84957055613  9.85588045192  9.86366292163  9.87284726039  9.88334815657  9.89506575068  9.90788592815  9.92168091187  9.93631020572  9.95162191838  9.96745447003  9.98363865449 10.00000000000
 10.00000000000  9.98380372849  9.96778282833  9.95211000819  9.93695276333  9.92247103845  9.90881518631  9.89612427856  9.88452479582  9.87412969436  9.86503782034  9.85733362095  9.85108708679  9.84635385299  9.84317538572  9.84157918761  9.84157896718  9.84317473346  9.84635279559  9.85108566755  9.85733189797  9.86503586416  9.87412758506  9.88452261977  9.89612212484  9.90881314309  9.92246918938  9.93695118412  9.95210876348  9.96778196909  9.98380328989 10.00000000000
 10.00000000000  9.98413161567  9.96843507340  9.95307960417  9.93822932683  9.92404095660  9.91066180415  9.89822812033  9.88686381323  9.87667953482  9.86777210863  9.86022424856  9.85410450458  9.84946736367  9.84635343441  9.84478964970  9.84478943382  9.84635279559  9.84946632808  9.85410311462  9.86022256112  9.86777019280  9.87667746904  9.88686168207  9.89822601104  9.91065980307  9.92403914568  9.93822778019  9.95307838514  9.96843423188  9.98413118612 10.00000000000
