
 10.00000000000 10.00000000000 10.00000000000 10.00000000000 10.00000000000 10.00000000000 10.00000000000 10.00000000000 10.00000000000 10.00000000000 10.00000000000 10.00000000000 10.00000000000 10.00000000000 10.00000000000 10.00000000000 10.00000000000 10.00000000000 10.00000000000 10.00000000000 10.00000000000 10.00000000000 10.00000000000 10.00000000000 10.00000000000 10.00000000000 10.00000000000 10.00000000000 10.00000000000 10.00000000000 10.00000000000 10.00000000000
 10.00000000000 10.00000000000 10.00000000000 10.00000000000 10.00000000000 10.00000000000 10.00000000000 10.00000000000 10.00000000000 10.00000000000 10.00000000000 10.00000000000 10.00000000000 10.00000000000 10.00000000000 10.00000000000 10.00000000000 10.00000000000 10.00000000000 10.00000000000 10.00000000000 10.00000000000 10.00000000000 10.00000000000 10.00000000000 10.00000000000 10.00000000000 10.00000000000 10.00000000000 10.00000000000 10.00000000000 10.00000000000
 10.00000000000 10.00000000000 10.00000000000 10.00000000000 10.00000000000 10.00000000000 10.00000000000 10.00000000000 10.00000000000 10.00000000000 10.00000000000 10.00000000000 10.00000000000 10.00000000000 10.00000000000 10.00000000000 10.00000000000 10.00000000000 10.00000000000 10.00000000000 10.00000000000 10.00000000000 10.00000000000 10.00000000000 10.00000000000 10.00000000000 10.00000000000 10.00000000000 10.00000000000 10.00000000000 10.00000000000 10.00000000000
 10.00000000000 10.00000000000 10.00000000000 10.00000000000 10.00000000000 10.00000000000 10.00000000000 10.00000000000 10.00000000000 10.00000000000 10.00000000000 10.00000000000 10.00000000000 10.00000000000 10.00000000000 10.00000000000 10.00000000000 10.00000000000 10.00000000000 10.00000000000 10.00000000000 10.00000000000 10.00000000000 10.00000000000 10.00000000000 10.00000000000 10.00000000000 10.00000000000 10.00000000000 10.00000000000 10.00000000000 10.00000000000
 10.00000000000 10.00000000000 10.00000000000 10.00000000000 10.00000000000 10.00000000000 10.00000000000 10.00000000000 10.00000000000 10.00000000000 10.00000000000 10.00000000000 10.00000000000 10.00000000000 10.00000000000 10.00000000000 10.00000000000 10.00000000000 10.00000000000 10.00000000000 10.00000000000 10.00000000000 10.00000000000 10.00000000000 10.00000000000 10.00000000000 10.00000000000 10.00000000000 10.00000000000 10.00000000000 10.00000000000 10.00000000000
 10.00000000000 10.00000000000 10.00000000000 10.00000000000 10.00000000000 10.00000000000 10.00000000000 10.00000000000 10.00000000000 10.00000000000 10.00000000000 10.00000000000 10.00000000000 10.00000000000 10.00000000000 10.00000000000 10.00000000000 10.00000000000 10.00000000000 10.00000000000 10.00000000000 10.00000000000 10.00000000000 10.00000000000 10.00000000000 10.00000000000 10.00000000000 10.00000000000 10.00000000000 10.00000000000 10.00000000000 10.00000000000
 10.00000000000 10.00000000000 10.00000000000 10.00000000000 10.00000000000 10.00000000000 10.00000000000 10.00000000000 10.00000000000 10.00000000000 10.00000000000 10.00000000000 10.00000000000 10.00000000000 10.00000000000 10.00000000000 10.00000000000 10.00000000000 10.00000000000 10.00000000000 10.00000000000 10.00000000000 10.00000000000 10.00000000000 10.00000000000 10.00000000000 10.00000000000 10.00000000000 10.00000000000 10.00000000000 10.00000000000 10.00000000000
 10.00000000000 10.00000000000 10.00000000000 10.00000000000 10.00000000000 10.00000000000 10.00000000000 10.00000000000 10.00000000000 10.00000000000 10.00000000000 10.00000000000 10.00000000000 10.00000000000 10.00000000000 10.00000000000 10.00000000000 10.00000000000 10.00000000000 10.00000000000 10.00000000000 10.00000000000 10.00000000000 10.00000000000 10.00000000000 10.00000000000 10.00000000000 10.00000000000 10.00000000000 10.00000000000 10.00000000000 10.00000000000
 10.00000000000 10.00000000000 10.00000000000 10.00000000000 10.00000000000 10.00000000000 10.00000000000 10.00000000000 10.00000000000 10.00000000000 10.00000000000 10.00000000000 10.00000000000 10.00000000000 10.00000000000 10.00000000000 10.00000000000 10.00000000000 10.00000000000 10.00000000000 10.00000000000 10.00000000000 10.00000000000 10.00000000000 10.00000000000 10.00000000000 10.00000000000 10.00000000000 10.00000000000 10.00000000000 10.00000000000 10.00000000000
 10.00000000000 10.00000000000 10.00000000000 10.00000000000 10.00000000000 10.00000000000 10.00000000000 10.00000000000 10.00000000000 10.00000000000 10.00000000000 10.00000000000 10.00000000000 10.00000000000 10.00000000000 10.00000000000 10.00000000000 10.00000000000 10.00000000000 10.00000000000 10.00000000000 10.00000000000 10.00000000000 10.00000000000 10.00000000000 10.00000000000 10.00000000000 10.00000000000 10.00000000000 10.00000000000 10.00000000000 10.00000000000
 10.00000000000 10.00000000000 10.00000000000 10.00000000000 10.00000000000 10.00000000000 10.00000000000 10.00000000000 10.00000000000 10.00000000000 10.00000000000 10.00000000000 10.00000000000 10.00000000000 10.00000000000 10.00000000000 10.00000000000 10.00000000000 10.00000000000 10.00000000000 10.00000000000 10.00000000000 10.00000000000 10.00000000000 10.00000000000 10.00000000000 10.00000000000 10.00000000000 10.00000000000 10.00000000000 10.00000000000 10.00000000000
 10.00000000000 10.00000000000 10.00000000000 10.00000000000 10.00000000000 10.00000000000 10.00000000000 10.00000000000 10.00000000000 10.00000000000 10.00000000000 10.00000000000 10.00000000000 10.00000000000 10.00000000000 10.00000000000 10.00000000000 10.00000000000 10.00000000000 10.00000000000 10.00000000000 10.00000000000 10.00000000000 10.00000000000 10.00000000000 10.00000000000 10.00000000000 10.00000000000 10.00000000000 10.00000000000 10.00000000000 10.00000000000
 10.00000000000 10.00000000000 10.00000000000 10.00000000000 10.00000000000 10.00000000000 10.00000000000 10.00000000000 10.00000000000 10.00000000000 10.00000000000 10.00000000000 10.00000000000 10.00000000000 10.00000000000 10.00000000000 10.00000000000 10.00000000000 10.00000000000 10.00000000000 10.00000000000 10.00000000000 10.00000000000 10.00000000000 10.00000000000 10.00000000000 10.00000000000 10.00000000000 10.00000000000 10.00000000000 10.00000000000 10.00000000000
 10.00000000000 10.00000000000 10.00000000000 10.00000000000 10.00000000000 10.00000000000 10.00000000000 10.00000000000 10.00000000000 10.00000000000 10.00000000000 10.00000000000 10.00000000000 10.00000000000 10.00000000000 10.00000000000 10.00000000000 10.00000000000 10.00000000000 10.00000000000 10.00000000000 10.00000000000 10.00000000000 10.00000000000 10.00000000000 10.00000000000 10.00000000000 10.00000000000 10.00000000000 10.00000000000 10.00000000000 10.00000000000
 10.00000000000 10.00000000000 10.00000000000 10.00000000000 10.00000000000 10.00000000000 10.00000000000 10.00000000000 10.00000000000 10.00000000000 10.00000000000 10.00000000000 10.00000000000 10.00000000000 10.00000000000 10.00000000000 10.00000000000 10.00000000000 10.00000000000 10.00000000000 10.00000000000 10.00000000000 10.00000000000 10.00000000000 10.00000000000 10.00000000000 10.00000000000 10.00000000000 10.00000000000 10.00000000000 10.00000000000 10.00000000000
 10.00000000000 10.00000000000 10.00000000000 10.00000000000 10.00000000000 10.00000000000 10.00000000000 10.00000000000 10.00000000000 10.00000000000 10.00000000000 10.00000000000 10.00000000000 10.00000000000 10.00000000000 10.00000000000 10.00000000000 10.00000000000 10.00000000000 10.00000000000 10.00000000000 10.00000000000 10.00000000000 10.00000000000 10.00000000000 10.00000000000 10.00000000000 10.00000000000 10.00000000000 10.00000000000 10.00000000000 10.00000000000
 10.00000000000 10.00000000000 10.00000000000 10.00000000000 10.00000000000 10.00000000000 10.00000000000 10.00000000000 10.00000000000 10.00000000000 10.00000000000 10.00000000000 10.00000000000 10.00000000000 10.00000000000 10.00000000000 10.00000000000 10.00000000000 10.00000000000 10.00000000000 10.00000000000 10.00000000000 10.00000000000 10.00000000000 10.00000000000 10.00000000000 10.00000000000 10.00000000000 10.00000000000 10.00000000000 10.00000000000 10.00000000000
 10.00000000000 10.00000000000 10.00000000000 10.00000000000 10.00000000000 10.00000000000 10.00000000000 10.00000000000 10.00000000000 10.00000000000 10.00000000000 10.00000000000 10.00000000000 10.00000000000 10.00000000000 10.00000000000 10.00000000000 10.00000000000 10.00000000000 10.00000000000 10.00000000000 10.00000000000 10.00000000000 10.00000000000 10.00000000000 10.00000000000 10.00000000000 10.00000000000 10.00000000000 10.00000000000 10.00000000000 10.00000000000
 10.00000000000 10.00000000000 10.00000000000 10.00000000000 10.00000000000 10.00000000000 10.00000000000 10.00000000000 10.00000000000 10.00000000000 10.00000000000 10.00000000000 10.00000000000 10.00000000000 10.00000000000 10.00000000000 10.00000000000 10.00000000000 10.00000000000 10.00000000000 10.00000000000 10.00000000000 10.00000000000 10.00000000000 10.00000000000 10.00000000000 10.00000000000 10.00000000000 10.00000000000 10.00000000000 10.00000000000 10.00000000000
 10.00000000000 10.00000000000 10.00000000000 10.00000000000 10.00000000000 10.00000000000 10.00000000000 10.00000000000 10.00000000000 10.00000000000 10.00000000000 10.00000000000 10.00000000000 10.00000000000 10.00000000000 10.00000000000 10.00000000000 10.00000000000 10.00000000000 10.00000000000 10.00000000000 10.00000000000 10.00000000000 10.00000000000 10.00000000000 10.00000000000 10.00000000000 10.00000000000 10.00000000000 10.00000000000 10.00000000000 10.00000000000
 10.00000000000 10.00000000000 10.00000000000 10.00000000000 10.00000000000 10.00000000000 10.00000000000 10.00000000000 10.00000000000 10.00000000000 10.00000000000 10.00000000000 10.00000000000 10.00000000000 10.00000000000 10.00000000000 10.00000000000 10.00000000000 10.00000000000 10.00000000000 10.00000000000 10.00000000000 10.00000000000 10.00000000000 10.00000000000 10.00000000000 10.00000000000 10.00000000000 10.00000000000 10.00000000000 10.00000000000 10.00000000000
 10.00000000000 10.00000000000 10.00000000000 10.00000000000 10.00000000000 10.00000000000 10.00000000000 10.00000000000 10.00000000000 10.00000000000 10.00000000000 10.00000000000 10.00000000000 10.00000000000 10.00000000000 10.00000000000 10.00000000000 10.00000000000 10.00000000000 10.00000000000 10.00000000000 10.00000000000 10.00000000000 10.00000000000 10.00000000000 10.00000000000 10.00000000000 10.00000000000 10.00000000000 10.00000000000 10.00000000000 10.00000000000
 10.00000000000 10.00000000000 10.00000000000 10.00000000000 10.00000000000 10.00000000000 10.00000000000 10.00000000000 10.00000000000 10.00000000000 10.00000000000 10.00000000000 10.00000000000 10.00000000000 10.00000000000 10.00000000000 10.00000000000 10.00000000000 10.00000000000 10.00000000000 10.00000000000 10.00000000000 10.00000000000 10.00000000000 10.00000000000 10.00000000000 10.00000000000 10.00000000000 10.00000000000 10.00000000000 10.00000000000 10.00000000000
 10.00000000000 10.00000000000 10.00000000000 10.00000000000 10.00000000000 10.00000000000 10.00000000000 10.00000000000 10.00000000000 10.00000000000 10.00000000000 10.00000000000 10.00000000000 10.00000000000 10.00000000000 10.00000000000 10.00000000000 10.00000000000 10.00000000000 10.00000000000 10.00000000000 10.00000000000 10.00000000000 10.00000000000 10.00000000000 10.00000000000 10.00000000000 10.00000000000 10.00000000000 10.00000000000 10.00000000000 10.00000000000
 10.00000000000 10.00000000000 10.00000000000 10.00000000000 10.00000000000 10.00000000000 10.00000000000 10.00000000000 10.00000000000 10.00000000000 10.00000000000 10.00000000000 10.00000000000 10.00000000000 10.00000000000 10.00000000000 10.00000000000 10.00000000000 10.00000000000 10.00000000000 10.00000000000 10.00000000000 10.00000000000 10.00000000000 10.00000000000 10.00000000000 10.00000000000 10.00000000000 10.00000000000 10.00000000000 10.00000000000 10.00000000000
 10.00000000000 10.00000000000 10.00000000000 10.00000000000 10.00000000000 10.00000000000 10.00000000000 10.00000000000 10.00000000000 10.00000000000 10.00000000000 10.00000000000 10.00000000000 10.00000000000 10.00000000000 10.00000000000 10.00000000000 10.00000000000 10.00000000000 10.00000000000 10.00000000000 10.00000000000 10.00000000000 10.00000000000 10.00000000000 10.00000000000 10.00000000000 10.00000000000 10.00000000000 10.00000000000 10.00000000000 10.00000000000
 10.00000000000 10.00000000000 10.00000000000 10.00000000000 10.00000000000 10.00000000000 10.00000000000 10.00000000000 10.00000000000 10.00000000000 10.00000000000 10.00000000000 10.00000000000 10.00000000000 10.00000000000 10.00000000000 10.00000000000 10.00000000000 10.00000000000 10.00000000000 10.00000000000 10.00000000000 10.00000000000 10.00000000000 10.00000000000 10.00000000000 10.00000000000 10.00000000000 10.00000000000 10.00000000000 10.00000000000 10.00000000000
 10.00000000000 10.00000000000 10.00000000000 10.00000000000 10.00000000000 10.00000000000 10.00000000000 10.00000000000 10.00000000000 10.00000000000 10.00000000000 10.00000000000 10.00000000000 10.00000000000 10.00000000000 10.00000000000 10.00000000000 10.00000000000 10.00000000000 10.00000000000 10.00000000000 10.00000000000 10.00000000000 10.00000000000 10.00000000000 10.00000000000 10.00000000000 10.00000000000 10.00000000000 10.00000000000 10.00000000000 10.00000000000
 10.00000000000 10.00000000000 10.00000000000 10.00000000000 10.00000000000 10.00000000000 10.00000000000 10.00000000000 10.00000000000 10.00000000000 10.00000000000 10.00000000000 10.00000000000 10.00000000000 10.00000000000 10.00000000000 10.00000000000 10.00000000000 10.00000000000 10.00000000000 10.00000000000 10.00000000000 10.00000000000 10.00000000000 10.00000000000 10.00000000000 10.00000000000 10.00000000000 10.00000000000 10.00000000000 10.00000000000 10.00000000000
 10.00000000000 10.00000000000 10.00000000000 10.00000000000 10.00000000000 10.00000000000 10.00000000000 10.00000000000 10.00000000000 10.00000000000 10.00000000000 10.00000000000 10.00000000000 10.00000000000 10.00000000000 10.00000000000 10.00000000000 10.00000000000 10.00000000000 10.00000000000 10.00000000000 10.00000000000 10.00000000000 10.00000000000 10.00000000000 10.00000000000 10.00000000000 10.00000000000 10.00000000000 10.00000000000 10.00000000000 10.00000000000
 10.00000000000 10.00000000000 10.00000000000 10.00000000000 10.00000000000 10.00000000000 10.00000000000 10.00000000000 10.00000000000 10.00000000000 10.00000000000 10.00000000000 10.00000000000 10.00000000000 10.00000000000 10.00000000000 10.00000000000 10.00000000000 10.00000000000 10.00000000000 10.00000000000 10.00000000000 10.00000000000 10.00000000000 10.00000000000 10.00000000000 10.00000000000 10.00000000000 10.00000000000 10.00000000000 10.00000000000 10.00000000000
 10.00000000000 10.00000000000 10.00000000000 10.00000000000 10.00000000000 10.00000000000 10.00000000000 10.00000000000 10.00000000000 10.00000000000 10.00000000000 10.00000000000 10.00000000000 10.00000000000 10.00000000000 10.00000000000 10.00000000000 10.00000000000 10.00000000000 10.00000000000 10.00000000000 10.00000000000 10.00000000000 10.00000000000 10.00000000000 10.00000000000 10.00000000000 10.00000000000 10.00000000000 10.00000000000 10.00000000000 10.00000000000

 10.00000000000 10.00000000000 10.00000000000 10.00000000000 10.00000000000 10.00000000000 10.00000000000 10.00000000000 10.00000000000 10.00000000000 10.00000000000 10.00000000000 10.00000000000 10.00000000000 10.00000000000 10.00000000000 10.00000000000 10.00000000000 10.00000000000 10.00000000000 10.00000000000 10.00000000000 10.00000000000 10.00000000000 10.00000000000 10.00000000000 10.00000000000 10.00000000000 10.00000000000 10.00000000000 10.00000000000 10.00000000000
 10.00000000000  9.99941782043  9.99884209072  9.99827914978  9.99773512012  9.99721581299  9.99672664799  9.99627258990  9.99585810386  9.99548712844  9.99516306499  9.99488878032  9.99466661921  9.99449842278  9.99438554880  9.99432889042  9.99432889041  9.99438554876  9.99449842273  9.99466661914  9.99488878023  9.99516306489  9.99548712834  9.99585810375  9.99627258980  9.99672664789  9.99721581290  9.99773512004  9.99827914972  9.99884209068  9.99941782041 10.00000000000
 10.00000000000  9.99884209072  9.99769700822  9.99657735875  9.99549531850  9.99446244497  9.99348951720  9.99258641013  9.99176200542  9.99102413782  9.99037957387  9.98983401710  9.98939213276  9.98905758424  9.98883307330  9.98872037728  9.98872037725  9.98883307324  9.98905758414  9.98939213262  9.98983401692  9.99037957367  9.99102413761  9.99176200520  9.99258640992  9.99348951699  9.99446244479  9.99549531835  9.99657735863  9.99769700814  9.99884209068 10.00000000000
 10.00000000000  9.99827914978  9.99657735875  9.99491335877  9.99330524325  9.99177018716  9.99032420970  9.98898198766  9.98775672269  9.98666006159  9.98570206423  9.98489121106  9.98423443947  9.98373719755  9.98340350365  9.98323600140  9.98323600136  9.98340350356  9.98373719739  9.98423443926  9.98489121081  9.98570206395  9.98666006128  9.98775672237  9.98898198734  9.99032420940  9.99177018689  9.99330524302  9.99491335859  9.99657735863  9.99827914972 10.00000000000
 10.00000000000  9.99773512012  9.99549531850  9.99330524325  9.99118870352  9.98916830142  9.98726511994  9.98549847740  9.98388575266  9.98244227977  9.98118130541  9.98011399809  9.97924949551  9.97859497461  9.97815572955  9.97793524354  9.97793524349  9.97815572942  9.97859497441  9.97924949523  9.98011399776  9.98118130503  9.98244227936  9.98388575224  9.98549847698  9.98726511954  9.98916830106  9.99118870322  9.99330524301  9.99549531834  9.99773512004 10.00000000000
 10.00000000000  9.99721581299  9.99446244497  9.99177018716  9.98916830142  9.98668456838  9.98434490437  9.98217305954  9.98019040283  9.97841579204  9.97686552072  9.97555332875  9.97449045950  9.97368574521  9.97314570197  9.97287461738  9.97287461733  9.97314570181  9.97368574496  9.97449045916  9.97555332833  9.97686552025  9.97841579153  9.98019040231  9.98217305902  9.98434490388  9.98668456794  9.98916830104  9.99177018686  9.99446244477  9.99721581289 10.00000000000
 10.00000000000  9.99672664799  9.99348951720  9.99032420970  9.98726511994  9.98434490437  9.98159403165  9.97904042788  9.97670922353  9.97462260001  9.97279972633  9.97125677039  9.97000696501  9.96906070712  9.96842566833  9.96810689723  9.96810689716  9.96842566815  9.96906070682  9.97000696461  9.97125676990  9.97279972578  9.97462259941  9.97670922292  9.97904042727  9.98159403108  9.98434490385  9.98726511949  9.99032420935  9.99348951695  9.99672664787 10.00000000000
 10.00000000000  9.99627258990  9.99258641013  9.98898198766  9.98549847740  9.98217305954  9.97904042788  9.97613238616  9.97347755950  9.97110121890  9.96902520799  9.96726795452  9.96584454408  9.96476683158  9.96404356589  9.96368050528  9.96368050521  9.96404356569  9.96476683124  9.96584454362  9.96726795397  9.96902520737  9.97110121822  9.97347755881  9.97613238547  9.97904042722  9.98217305894  9.98549847690  9.98898198726  9.99258640986  9.99627258976 10.00000000000
 10.00000000000  9.99585810386  9.99176200542  9.98775672269  9.98388575266  9.98019040283  9.97670922353  9.97347755950  9.97052722890  9.96788632736  9.96557914539  9.96362617943  9.96204421223  9.96084643500  9.96004258445  9.95963906986  9.95963906978  9.96004258422  9.96084643462  9.96204421172  9.96362617882  9.96557914469  9.96788632661  9.97052722812  9.97347755873  9.97670922280  9.98019040217  9.98388575210  9.98775672225  9.99176200511  9.99585810371 10.00000000000
 10.00000000000  9.99548712844  9.99102413782  9.98666006159  9.98244227977  9.97841579204  9.97462260001  9.97110121890  9.96788632736  9.96500855309  9.96249438133  9.96036616538  9.95864221221  9.95733691394  9.95646089544  9.95602115152  9.95602115144  9.95646089519  9.95733691353  9.95864221166  9.96036616471  9.96249438057  9.96500855227  9.96788632652  9.97110121806  9.97462259921  9.97841579132  9.98244227916  9.98666006111  9.99102413749  9.99548712827 10.00000000000
 10.00000000000  9.99516306499  9.99037957387  9.98570206423  9.98118130541  9.97686552072  9.97279972633  9.96902520799  9.96557914539  9.96249438133  9.95979932235  9.95751794819  9.95566990179  9.95427062839  9.95333153212  9.95286012172  9.95286012162  9.95333153184  9.95427062795  9.95566990120  9.95751794747  9.95979932154  9.96249438045  9.96557914448  9.96902520709  9.97279972548  9.97686551995  9.98118130475  9.98570206371  9.99037957351  9.99516306481 10.00000000000
 10.00000000000  9.99488878032  9.98983401710  9.98489121106  9.98011399809  9.97555332875  9.97125677039  9.96726795452  9.96362617943  9.96036616538  9.95751794819  9.95510688770  9.95315376111  9.95167490819  9.95068239532  9.95018416813  9.95018416804  9.95068239504  9.95167490773  9.95315376048  9.95510688694  9.95751794733  9.96036616445  9.96362617847  9.96726795357  9.97125676948  9.97555332793  9.98011399740  9.98489121051  9.98983401672  9.99488878013 10.00000000000
 10.00000000000  9.99466661921  9.98939213276  9.98423443947  9.97924949551  9.97449045950  9.97000696501  9.96584454408  9.96204421223  9.95864221221  9.95566990179  9.95315376111  9.95111548853  9.94957215069  9.94853635224  9.94801639403  9.94801639392  9.94853635194  9.94957215020  9.95111548788  9.95315376032  9.95566990089  9.95864221124  9.96204421123  9.96584454309  9.97000696406  9.97449045864  9.97924949478  9.98423443890  9.98939213237  9.99466661901 10.00000000000
 10.00000000000  9.99449842278  9.98905758424  9.98373719755  9.97859497461  9.97368574521  9.96906070712  9.96476683158  9.96084643500  9.95733691394  9.95427062839  9.95167490819  9.94957215069  9.94797997422  9.94691139215  9.94637497512  9.94637497501  9.94691139184  9.94797997372  9.94957215002  9.95167490737  9.95427062746  9.95733691293  9.96084643396  9.96476683055  9.96906070614  9.97368574433  9.97859497386  9.98373719695  9.98905758383  9.99449842257 10.00000000000
 10.00000000000  9.99438554880  9.98883307330  9.98340350365  9.97815572955  9.97314570197  9.96842566833  9.96404356589  9.96004258445  9.95646089544  9.95333153212  9.95068239532  9.94853635224  9.94691139215  9.94582080330  9.94527333779  9.94527333769  9.94582080298  9.94691139164  9.94853635155  9.95068239449  9.95333153116  9.95646089441  9.96004258340  9.96404356485  9.96842566734  9.97314570107  9.97815572878  9.98340350305  9.98883307288  9.99438554858 10.00000000000
 10.00000000000  9.99432889042  9.98872037728  9.98323600140  9.97793524354  9.97287461738  9.96810689723  9.96368050528  9.95963906986  9.95602115152  9.95286012172  9.95018416813  9.94801639403  9.94637497512  9.94527333779  9.94472032538  9.94472032527  9.94527333747  9.94637497460  9.94801639333  9.95018416729  9.95286012076  9.95602115049  9.95963906879  9.96368050422  9.96810689622  9.97287461648  9.97793524276  9.98323600078  9.98872037685  9.99432889020 10.00000000000
 10.00000000000  9.99432889041  9.98872037725  9.98323600136  9.97793524349  9.97287461733  9.96810689716  9.96368050521  9.95963906978  9.95602115144  9.95286012162  9.95018416804  9.94801639392  9.94637497501  9.94527333769  9.94472032527  9.94472032517  9.94527333737  9.94637497449  9.94801639323  9.95018416719  9.95286012066  9.95602115040  9.95963906871  9.96368050415  9.96810689616  9.97287461642  9.97793524272  9.98323600075  9.98872037683  9.99432889019 10.00000000000
 10.00000000000  9.99438554876  9.98883307324  9.98340350356  9.97815572942  9.97314570181  9.96842566815  9.96404356569  9.96004258422  9.95646089519  9.95333153184  9.95068239504  9.94853635194  9.94691139184  9.94582080298  9.94527333747  9.94527333737  9.94582080267  9.94691139133  9.94853635125  9.95068239420  9.95333153089  9.95646089416  9.96004258316  9.96404356464  9.96842566715  9.97314570091  9.97815572866  9.98340350295  9.98883307282  9.99438554855 10.00000000000
 10.00000000000  9.99449842273  9.98905758414  9.98373719739  9.97859497441  9.97368574496  9.96906070682  9.96476683124  9.96084643462  9.95733691353  9.95427062795  9.95167490773  9.94957215020  9.94797997372  9.94691139164  9.94637497460  9.94637497449  9.94691139133  9.94797997322  9.94957214953  9.95167490691  9.95427062701  9.95733691252  9.96084643358  9.96476683021  9.96906070585  9.97368574408  9.97859497366  9.98373719680  9.98905758373  9.99449842252 10.00000000000
 10.00000000000  9.99466661914  9.98939213262  9.98423443926  9.97924949523  9.97449045916  9.97000696461  9.96584454362  9.96204421172  9.95864221166  9.95566990120  9.95315376048  9.95111548788  9.94957215002  9.94853635155  9.94801639333  9.94801639323  9.94853635125  9.94957214953  9.95111548722  9.95315375969  9.95566990030  9.95864221069  9.96204421072  9.96584454263  9.97000696367  9.97449045830  9.97924949451  9.98423443869  9.98939213223  9.99466661894 10.00000000000
 10.00000000000  9.99488878023  9.98983401692  9.98489121081  9.98011399776  9.97555332833  9.97125676990  9.96726795397  9.96362617882  9.96036616471  9.95751794747  9.95510688694  9.95315376032  9.95167490737  9.95068239449  9.95018416729  9.95018416719  9.95068239420  9.95167490691  9.95315375969  9.95510688618  9.95751794661  9.96036616378  9.96362617786  9.96726795302  9.97125676900  9.97555332752  9.98011399706  9.98489121026  9.98983401655  9.99488878004 10.00000000000
 10.00000000000  9.99516306489  9.99037957367  9.98570206395  9.98118130503  9.97686552025  9.97279972578  9.96902520737  9.96557914469  9.96249438057  9.95979932154  9.95751794733  9.95566990089  9.95427062746  9.95333153116  9.95286012076  9.95286012066  9.95333153089  9.95427062701  9.95566990030  9.95751794661  9.95979932072  9.96249437969  9.96557914378  9.96902520647  9.97279972493  9.97686551948  9.98118130437  9.98570206343  9.99037957331  9.99516306471 10.00000000000
 10.00000000000  9.99548712834  9.99102413761  9.98666006128  9.98244227936  9.97841579153  9.97462259941  9.97110121822  9.96788632661  9.96500855227  9.96249438045  9.96036616445  9.95864221124  9.95733691293  9.95646089441  9.95602115049  9.95602115040  9.95646089416  9.95733691252  9.95864221069  9.96036616378  9.96249437969  9.96500855145  9.96788632577  9.97110121738  9.97462259862  9.97841579081  9.98244227875  9.98666006080  9.99102413728  9.99548712817 10.00000000000
 10.00000000000  9.99585810375  9.99176200520  9.98775672237  9.98388575224  9.98019040231  9.97670922292  9.97347755881  9.97052722812  9.96788632652  9.96557914448  9.96362617847  9.96204421123  9.96084643396  9.96004258340  9.95963906879  9.95963906871  9.96004258316  9.96084643358  9.96204421072  9.96362617786  9.96557914378  9.96788632577  9.97052722735  9.97347755804  9.97670922219  9.98019040165  9.98388575168  9.98775672193  9.99176200490  9.99585810360 10.00000000000
 10.00000000000  9.99627258980  9.99258640992  9.98898198734  9.98549847698  9.98217305902  9.97904042727  9.97613238547  9.97347755873  9.97110121806  9.96902520709  9.96726795357  9.96584454309  9.96476683055  9.96404356485  9.96368050422  9.96368050415  9.96404356464  9.96476683021  9.96584454263  9.96726795302  9.96902520647  9.97110121738  9.97347755804  9.97613238478  9.97904042662  9.98217305843  9.98549847648  9.98898198694  9.99258640964  9.99627258966 10.00000000000
 10.00000000000  9.99672664789  9.99348951699  9.99032420940  9.98726511954  9.98434490388  9.98159403108  9.97904042722  9.97670922280  9.97462259921  9.97279972548  9.97125676948  9.97000696406  9.96906070614  9.96842566734  9.96810689622  9.96810689616  9.96842566715  9.96906070585  9.97000696367  9.97125676900  9.97279972493  9.97462259862  9.97670922219  9.97904042662  9.98159403050  9.98434490336  9.98726511910  9.99032420905  9.99348951675  9.99672664776 10.00000000000
 10.00000000000  9.99721581290  9.99446244479  9.99177018689  9.98916830106  9.98668456794  9.98434490385  9.98217305894  9.98019040217  9.97841579132  9.97686551995  9.97555332793  9.97449045864  9.97368574433  9.97314570107  9.97287461648  9.97287461642  9.97314570091  9.97368574408  9.97449045830  9.97555332752  9.97686551948  9.97841579081  9.98019040165  9.98217305843  9.98434490336  9.98668456750  9.98916830068  9.99177018659  9.99446244458  9.99721581280 10.00000000000
 10.00000000000  9.99773512004  9.99549531835  9.99330524302  9.99118870322  9.98916830104  9.98726511949  9.98549847690  9.98388575210  9.98244227916  9.98118130475  9.98011399740  9.97924949478  9.97859497386  9.97815572878  9.97793524276  9.97793524272  9.97815572866  9.97859497366  9.97924949451  9.98011399706  9.98118130437  9.98244227875  9.98388575168  9.98549847648  9.98726511910  9.98916830068  9.99118870291  9.99330524278  9.99549531818  9.99773511996 10.00000000000
 10.00000000000  9.99827914972  9.99657735863  9.99491335859  9.99330524301  9.99177018686  9.99032420935  9.98898198726  9.98775672225  9.98666006111  9.98570206371  9.98489121051  9.98423443890  9.98373719695  9.98340350305  9.98323600078  9.98323600075  9.98340350295  9.98373719680  9.98423443869  9.98489121026  9.98570206343  9.98666006080  9.98775672193  9.98898198694  9.99032420905  9.99177018659  9.99330524278  9.99491335840  9.99657735850  9.99827914965 10.00000000000
 10.00000000000  9.99884209068  9.99769700814  9.99657735863  9.99549531834  9.99446244477  9.99348951695  9.99258640986  9.99176200511  9.99102413749  9.99037957351  9.98983401672  9.98939213237  9.98905758383  9.98883307288  9.98872037685  9.98872037683  9.98883307282  9.98905758373  9.98939213223  9.98983401655  9.99037957331  9.99102413728  9.99176200490  9.99258640964  9.99348951675  9.99446244458  9.99549531818  9.99657735850  9.99769700805  9.99884209064 10.00000000000
 10.00000000000  9.99941782041  9.99884209068  9.99827914972  9.99773512004  9.99721581289  9.99672664787  9.99627258976  9.99585810371  9.99548712827  9.99516306481  9.99488878013  9.99466661901  9.99449842257  9.99438554858  9.99432889020  9.99432889019  9.99438554855  9.99449842252  9.99466661894  9.99488878004  9.99516306471  9.99548712817  9.99585810360  9.99627258966  9.99672664776  9.99721581280  9.99773511996  9.99827914965  9.99884209064  9.99941782039 10.00000000000
 10.00000000000 10.00000000000 10.00000000000 10.00000000000 10.00000000000 10.00000000000 10.00000000000 10.00000000000 10.00000000000 10.00000000000 10.00000000000 10.00000000000 10.00000000000 10.00000000000 10.00000000000 10.00000000000 10.00000000000 10.00000000000 10.00000000000 10.00000000000 10.00000000000 10.00000000000 10.00000000000 10.00000000000 10.00000000000 10.00000000000 10.00000000000 10.00000000000 10.00000000000 10.00000000000 10.00000000000 10.00000000000

 10.00000000000 10.00000000000 10.00000000000 10.00000000000 10.00000000000 10.00000000000 10.00000000000 10.00000000000 10.00000000000 10.00000000000 10.00000000000 10.00000000000 10.00000000000 10.00000000000 10.00000000000 10.00000000000 10.00000000000 10.00000000000 10.00000000000 10.00000000000 10.00000000000 10.00000000000 10.00000000000 10.00000000000 10.00000000000 10.00000000000 10.00000000000 10.00000000000 10.00000000000 10.00000000000 10.00000000000 10.00000000000
 10.00000000000  9.99882298657  9.99765905424  9.99652105533  9.99542139616  9.99437184220  9.99338335373  9.99246595765  9.99162865774  9.99087938238  9.99022496610  9.98967115867  9.98922265437  9.98888313296  9.98865530428  9.98854094890  9.98854094888  9.98865530422  9.98888313286  9.98922265423  9.98967115850  9.99022496591  9.99087938217  9.99162865752  9.99246595744  9.99338335353  9.99437184201  9.99542139600  9.99652105520  9.99765905416  9.99882298652 10.00000000000
 10.00000000000  9.99765905424  9.99534412206  9.99308076229  9.99089364750  9.98880617655  9.98684014792  9.98501550483  9.98335015663  9.98185987472  9.98055825551  9.97945673831  9.97856466315  9.97788935202  9.97743619724  9.97720874215  9.97720874211  9.97743619711  9.97788935181  9.97856466287  9.97945673797  9.98055825513  9.98185987430  9.98335015620  9.98501550441  9.98684014752  9.98880617618  9.99089364719  9.99308076205  9.99534412189  9.99765905416 10.00000000000
 10.00000000000  9.99652105533  9.99308076229  9.98971709761  9.98646672247  9.98336440742  9.98044254718  9.97773078196  9.97525573184  9.97304084170  9.97110632556  9.96946919248  9.96814333171  9.96713963275  9.96646611595  9.96612805195  9.96612805188  9.96646611576  9.96713963244  9.96814333130  9.96946919197  9.97110632498  9.97304084108  9.97525573120  9.97773078133  9.98044254658  9.98336440687  9.98646672201  9.98971709724  9.99308076204  9.99652105520 10.00000000000
 10.00000000000  9.99542139616  9.99089364750  9.98646672247  9.98218886103  9.97810581874  9.97426022892  9.97069110431  9.96743348727  9.96451824490  9.96197199481  9.95981713792  9.95807196923  9.95675083449  9.95586430098  9.95541931376  9.95541931367  9.95586430073  9.95675083408  9.95807196868  9.95981713726  9.96197199406  9.96451824409  9.96743348643  9.97069110348  9.97426022813  9.97810581803  9.98218886042  9.98646672199  9.99089364717  9.99542139599 10.00000000000
 10.00000000000  9.99437184220  9.98880617655  9.98336440742  9.97810581874  9.97308664634  9.96835929476  9.96397172498  9.95996702387  9.95638315141  9.95325284777  9.95060367185  9.94845813545  9.94683389395  9.94574395450  9.94519686667  9.94519686656  9.94574395419  9.94683389344  9.94845813477  9.95060367103  9.95325284684  9.95638315041  9.95996702284  9.96397172396  9.96835929379  9.97308664546  9.97810581799  9.98336440682  9.98880617614  9.99437184199 10.00000000000
 10.00000000000  9.99338335373  9.98684014792  9.98044254718  9.97426022892  9.96835929476  9.96280135107  9.95764278940  9.95293427974  9.94872047191  9.94503988427  9.94192494655  9.93940215503  9.93749229406  9.93621067860  9.93556737642  9.93556737629  9.93621067823  9.93749229347  9.93940215424  9.94192494559  9.94503988317  9.94872047073  9.95293427852  9.95764278819  9.96280134993  9.96835929373  9.97426022804  9.98044254648  9.98684014744  9.99338335348 10.00000000000
 10.00000000000  9.99246595765  9.98501550483  9.97773078196  9.97069110431  9.96397172498  9.95764278940  9.95176851641  9.94640662054  9.94160797016  9.93741645835  9.93386904865  9.93099594851  9.92882085842  9.92736124528  9.92662859311  9.92662859297  9.92736124487  9.92882085775  9.93099594760  9.93386904755  9.93741645710  9.94160796882  9.94640661915  9.95176851504  9.95764278809  9.96397172380  9.97069110331  9.97773078116  9.98501550428  9.99246595737 10.00000000000
 10.00000000000  9.99162865774  9.98335015663  9.97525573184  9.96743348727  9.95996702387  9.95293427974  9.94640662054  9.94044819672  9.93511556178  9.93045752585  9.92651520315  9.92332220102  9.92090489322  9.91928272038  9.91846846607  9.91846846592  9.91928271992  9.92090489247  9.92332220002  9.92651520193  9.93045752447  9.93511556029  9.94044819518  9.94640661901  9.95293427829  9.95996702256  9.96743348615  9.97525573095  9.98335015602  9.99162865742 10.00000000000
 10.00000000000  9.99087938238  9.98185987472  9.97304084170  9.96451824490  9.95638315141  9.94872047191  9.94160797016  9.93511556178  9.92930489623  9.92422919421  9.91993329572  9.91645386207  9.91381966976  9.91205193445  9.91116460887  9.91116460870  9.91205193395  9.91381966894  9.91645386097  9.91993329438  9.92422919270  9.92930489460  9.93511556010  9.94160796849  9.94872047033  9.95638314998  9.96451824368  9.97304084073  9.98185987405  9.99087938204 10.00000000000
 10.00000000000  9.99022496610  9.98055825551  9.97110632556  9.96197199481  9.95325284777  9.94503988427  9.93741645835  9.93045752585  9.92422919421  9.91878854514  9.91418368239  9.91045394429  9.90763021483  9.90573526734  9.90478408098  9.90478408080  9.90573526680  9.90763021395  9.91045394311  9.91418368096  9.91878854351  9.92422919246  9.93045752405  9.93741645656  9.94503988257  9.95325284624  9.96197199350  9.97110632452  9.98055825480  9.99022496573 10.00000000000
 10.00000000000  9.98967115867  9.97945673831  9.96946919248  9.95981713792  9.95060367185  9.94192494655  9.93386904865  9.92651520315  9.91993329572  9.91418368239  9.90931723647  9.90537556933  9.90239135541  9.90038869204  9.89938343112  9.89938343092  9.90038869146  9.90239135448  9.90537556808  9.90931723495  9.91418368067  9.91993329387  9.92651520124  9.93386904676  9.94192494475  9.95060367022  9.95981713653  9.96946919138  9.97945673756  9.98967115829 10.00000000000
 10.00000000000  9.98922265437  9.97856466315  9.96814333171  9.95807196923  9.94845813545  9.93940215503  9.93099594851  9.92332220102  9.91645386207  9.91045394429  9.90537556933  9.90126219479  9.89814795008  9.89605800889  9.89500893286  9.89500893266  9.89605800829  9.89814794911  9.90126219349  9.90537556775  9.91045394250  9.91645386013  9.92332219903  9.93099594653  9.93940215316  9.94845813375  9.95807196778  9.96814333057  9.97856466236  9.98922265397 10.00000000000
 10.00000000000  9.98888313296  9.97788935202  9.96713963275  9.95675083449  9.94683389395  9.93749229406  9.92882085842  9.92090489322  9.91381966976  9.90763021483  9.90239135541  9.89814795008  9.89493523275  9.89277919450  9.89169693610  9.89169693589  9.89277919389  9.89493523175  9.89814794874  9.90239135378  9.90763021298  9.91381966776  9.92090489116  9.92882085638  9.93749229213  9.94683389219  9.95675083299  9.96713963157  9.97788935120  9.98888313255 10.00000000000
 10.00000000000  9.98865530428  9.97743619724  9.96646611595  9.95586430098  9.94574395450  9.93621067860  9.92736124528  9.91928272038  9.91205193445  9.90573526734  9.90038869204  9.89605800889  9.89277919450  9.89057878973  9.88947425800  9.88947425778  9.89057878909  9.89277919348  9.89605800751  9.90038869037  9.90573526545  9.91205193241  9.91928271828  9.92736124320  9.93621067662  9.94574395271  9.95586429946  9.96646611474  9.97743619640  9.98865530386 10.00000000000
 10.00000000000  9.98854094890  9.97720874215  9.96612805195  9.95541931376  9.94519686667  9.93556737642  9.92662859311  9.91846846607  9.91116460887  9.90478408098  9.89938343112  9.89500893286  9.89169693610  9.88947425800  9.88835854433  9.88835854412  9.88947425736  9.89169693507  9.89500893148  9.89938342943  9.90478407907  9.91116460681  9.91846846395  9.92662859101  9.93556737442  9.94519686486  9.95541931222  9.96612805073  9.97720874132  9.98854094847 10.00000000000
 10.00000000000  9.98854094888  9.97720874211  9.96612805188  9.95541931367  9.94519686656  9.93556737629  9.92662859297  9.91846846592  9.91116460870  9.90478408080  9.89938343092  9.89500893266  9.89169693589  9.88947425778  9.88835854412  9.88835854390  9.88947425715  9.89169693486  9.89500893128  9.89938342924  9.90478407888  9.91116460664  9.91846846379  9.92662859087  9.93556737430  9.94519686476  9.95541931213  9.96612805067  9.97720874127  9.98854094845 10.00000000000
 10.00000000000  9.98865530422  9.97743619711  9.96646611576  9.95586430073  9.94574395419  9.93621067823  9.92736124487  9.91928271992  9.91205193395  9.90573526680  9.90038869146  9.89605800829  9.89277919389  9.89057878909  9.88947425736  9.88947425715  9.89057878846  9.89277919286  9.89605800692  9.90038868980  9.90573526491  9.91205193191  9.91928271782  9.92736124278  9.93621067626  9.94574395240  9.95586429920  9.96646611455  9.97743619628  9.98865530379 10.00000000000
 10.00000000000  9.98888313286  9.97788935181  9.96713963244  9.95675083408  9.94683389344  9.93749229347  9.92882085775  9.92090489247  9.91381966894  9.90763021395  9.90239135448  9.89814794911  9.89493523175  9.89277919348  9.89169693507  9.89169693486  9.89277919286  9.89493523075  9.89814794777  9.90239135285  9.90763021210  9.91381966694  9.92090489041  9.92882085571  9.93749229153  9.94683389169  9.95675083258  9.96713963126  9.97788935100  9.98888313244 10.00000000000
