
 10.00000000000 10.00000000000 10.00000000000 10.00000000000 10.00000000000 10.00000000000 10.00000000000 10.00000000000 10.00000000000 10.00000000000 10.00000000000 10.00000000000 10.00000000000 10.00000000000 10.00000000000 10.00000000000 10.00000000000 10.00000000000 10.00000000000 10.00000000000 10.00000000000 10.00000000000 10.00000000000 10.00000000000 10.00000000000 10.00000000000 10.00000000000 10.00000000000 10.00000000000 10.00000000000 10.00000000000 10.00000000000
 10.00000000000 10.00000000000 10.00000000000 10.00000000000 10.00000000000 10.00000000000 10.00000000000 10.00000000000 10.00000000000 10.00000000000 10.00000000000 10.00000000000 10.00000000000 10.00000000000 10.00000000000 10.00000000000 10.00000000000 10.00000000000 10.00000000000 10.00000000000 10.00000000000 10.00000000000 10.00000000000 10.00000000000 10.00000000000 10.00000000000 10.00000000000 10.00000000000 10.00000000000 10.00000000000 10.00000000000 10.00000000000
 10.00000000000 10.00000000000 10.00000000000 10.00000000000 10.00000000000 10.00000000000 10.00000000000 10.00000000000 10.00000000000 10.00000000000 10.00000000000 10.00000000000 10.00000000000 10.00000000000 10.00000000000 10.00000000000 10.00000000000 10.00000000000 10.00000000000 10.00000000000 10.00000000000 10.00000000000 10.00000000000 10.00000000000 10.00000000000 10.00000000000 10.00000000000 10.00000000000 10.00000000000 10.00000000000 10.00000000000 10.00000000000
 10.00000000000 10.00000000000 10.00000000000 10.00000000000 10.00000000000 10.00000000000 10.00000000000 10.00000000000 10.00000000000 10.00000000000 10.00000000000 10.00000000000 10.00000000000 10.00000000000 10.00000000000 10.00000000000 10.00000000000 10.00000000000 10.00000000000 10.00000000000 10.00000000000 10.00000000000 10.00000000000 10.00000000000 10.00000000000 10.00000000000 10.00000000000 10.00000000000 10.00000000000 10.00000000000 10.00000000000 10.00000000000
 10.00000000000 10.00000000000 10.00000000000 10.00000000000 10.00000000000 10.00000000000 10.00000000000 10.00000000000 10.00000000000 10.00000000000 10.00000000000 10.00000000000 10.00000000000 10.00000000000 10.00000000000 10.00000000000 10.00000000000 10.00000000000 10.00000000000 10.00000000000 10.00000000000 10.00000000000 10.00000000000 10.00000000000 10.00000000000 10.00000000000 10.00000000000 10.00000000000 10.00000000000 10.00000000000 10.00000000000 10.00000000000
 10.00000000000 10.00000000000 10.00000000000 10.00000000000 10.00000000000 10.00000000000 10.00000000000 10.00000000000 10.00000000000 10.00000000000 10.00000000000 10.00000000000 10.00000000000 10.00000000000 10.00000000000 10.00000000000 10.00000000000 10.00000000000 10.00000000000 10.00000000000 10.00000000000 10.00000000000 10.00000000000 10.00000000000 10.00000000000 10.00000000000 10.00000000000 10.00000000000 10.00000000000 10.00000000000 10.00000000000 10.00000000000
 10.00000000000 10.00000000000 10.00000000000 10.00000000000 10.00000000000 10.00000000000 10.00000000000 10.00000000000 10.00000000000 10.00000000000 10.00000000000 10.00000000000 10.00000000000 10.00000000000 10.00000000000 10.00000000000 10.00000000000 10.00000000000 10.00000000000 10.00000000000 10.00000000000 10.00000000000 10.00000000000 10.00000000000 10.00000000000 10.00000000000 10.00000000000 10.00000000000 10.00000000000 10.00000000000 10.00000000000 10.00000000000
 10.00000000000 10.00000000000 10.00000000000 10.00000000000 10.00000000000 10.00000000000 10.00000000000 10.00000000000 10.00000000000 10.00000000000 10.00000000000 10.00000000000 10.00000000000 10.00000000000 10.00000000000 10.00000000000 10.00000000000 10.00000000000 10.00000000000 10.00000000000 10.00000000000 10.00000000000 10.00000000000 10.00000000000 10.00000000000 10.00000000000 10.00000000000 10.00000000000 10.00000000000 10.00000000000 10.00000000000 10.00000000000
 10.00000000000 10.00000000000 10.00000000000 10.00000000000 10.00000000000 10.00000000000 10.00000000000 10.00000000000 10.00000000000 10.00000000000 10.00000000000 10.00000000000 10.00000000000 10.00000000000 10.00000000000 10.00000000000 10.00000000000 10.00000000000 10.00000000000 10.00000000000 10.00000000000 10.00000000000 10.00000000000 10.00000000000 10.00000000000 10.00000000000 10.00000000000 10.00000000000 10.00000000000 10.00000000000 10.00000000000 10.00000000000
 10.00000000000 10.00000000000 10.00000000000 10.00000000000 10.00000000000 10.00000000000 10.00000000000 10.00000000000 10.00000000000 10.00000000000 10.00000000000 10.00000000000 10.00000000000 10.00000000000 10.00000000000 10.00000000000 10.00000000000 10.00000000000 10.00000000000 10.00000000000 10.00000000000 10.00000000000 10.00000000000 10.00000000000 10.00000000000 10.00000000000 10.00000000000 10.00000000000 10.00000000000 10.00000000000 10.00000000000 10.00000000000
 10.00000000000 10.00000000000 10.00000000000 10.00000000000 10.00000000000 10.00000000000 10.00000000000 10.00000000000 10.00000000000 10.00000000000 10.00000000000 10.00000000000 10.00000000000 10.00000000000 10.00000000000 10.00000000000 10.00000000000 10.00000000000 10.00000000000 10.00000000000 10.00000000000 10.00000000000 10.00000000000 10.00000000000 10.00000000000 10.00000000000 10.00000000000 10.00000000000 10.00000000000 10.00000000000 10.00000000000 10.00000000000
 10.00000000000 10.00000000000 10.00000000000 10.00000000000 10.00000000000 10.00000000000 10.00000000000 10.00000000000 10.00000000000 10.00000000000 10.00000000000 10.00000000000 10.00000000000 10.00000000000 10.00000000000 10.00000000000 10.00000000000 10.00000000000 10.00000000000 10.00000000000 10.00000000000 10.00000000000 10.00000000000 10.00000000000 10.00000000000 10.00000000000 10.00000000000 10.00000000000 10.00000000000 10.00000000000 10.00000000000 10.00000000000
 10.00000000000 10.00000000000 10.00000000000 10.00000000000 10.00000000000 10.00000000000 10.00000000000 10.00000000000 10.00000000000 10.00000000000 10.00000000000 10.00000000000 10.00000000000 10.00000000000 10.00000000000 10.00000000000 10.00000000000 10.00000000000 10.00000000000 10.00000000000 10.00000000000 10.00000000000 10.00000000000 10.00000000000 10.00000000000 10.00000000000 10.00000000000 10.00000000000 10.00000000000 10.00000000000 10.00000000000 10.00000000000
 10.00000000000 10.00000000000 10.00000000000 10.00000000000 10.00000000000 10.00000000000 10.00000000000 10.00000000000 10.00000000000 10.00000000000 10.00000000000 10.00000000000 10.00000000000 10.00000000000 10.00000000000 10.00000000000 10.00000000000 10.00000000000 10.00000000000 10.00000000000 10.00000000000 10.00000000000 10.00000000000 10.00000000000 10.00000000000 10.00000000000 10.00000000000 10.00000000000 10.00000000000 10.00000000000 10.00000000000 10.00000000000
 10.00000000000 10.00000000000 10.00000000000 10.00000000000 10.00000000000 10.00000000000 10.00000000000 10.00000000000 10.00000000000 10.00000000000 10.00000000000 10.00000000000 10.00000000000 10.00000000000 10.00000000000 10.00000000000 10.00000000000 10.00000000000 10.00000000000 10.00000000000 10.00000000000 10.00000000000 10.00000000000 10.00000000000 10.00000000000 10.00000000000 10.00000000000 10.00000000000 10.00000000000 10.00000000000 10.00000000000 10.00000000000
 10.00000000000 10.00000000000 10.00000000000 10.00000000000 10.00000000000 10.00000000000 10.00000000000 10.00000000000 10.00000000000 10.00000000000 10.00000000000 10.00000000000 10.00000000000 10.00000000000 10.00000000000 10.00000000000 10.00000000000 10.00000000000 10.00000000000 10.00000000000 10.00000000000 10.00000000000 10.00000000000 10.00000000000 10.00000000000 10.00000000000 10.00000000000 10.00000000000 10.00000000000 10.00000000000 10.00000000000 10.00000000000
 10.00000000000 10.00000000000 10.00000000000 10.00000000000 10.00000000000 10.00000000000 10.00000000000 10.00000000000 10.00000000000 10.00000000000 10.00000000000 10.00000000000 10.00000000000 10.00000000000 10.00000000000 10.00000000000 10.00000000000 10.00000000000 10.00000000000 10.00000000000 10.00000000000 10.00000000000 10.00000000000 10.00000000000 10.00000000000 10.00000000000 10.00000000000 10.00000000000 10.00000000000 10.00000000000 10.00000000000 10.00000000000
 10.00000000000 10.00000000000 10.00000000000 10.00000000000 10.00000000000 10.00000000000 10.00000000000 10.00000000000 10.00000000000 10.00000000000 10.00000000000 10.00000000000 10.00000000000 10.00000000000 10.00000000000 10.00000000000 10.00000000000 10.00000000000 10.00000000000 10.00000000000 10.00000000000 10.00000000000 10.00000000000 10.00000000000 10.00000000000 10.00000000000 10.00000000000 10.00000000000 10.00000000000 10.00000000000 10.00000000000 10.00000000000
 10.00000000000 10.00000000000 10.00000000000 10.00000000000 10.00000000000 10.00000000000 10.00000000000 10.00000000000 10.00000000000 10.00000000000 10.00000000000 10.00000000000 10.00000000000 10.00000000000 10.00000000000 10.00000000000 10.00000000000 10.00000000000 10.00000000000 10.00000000000 10.00000000000 10.00000000000 10.00000000000 10.00000000000 10.00000000000 10.00000000000 10.00000000000 10.00000000000 10.00000000000 10.00000000000 10.00000000000 10.00000000000
 10.00000000000 10.00000000000 10.00000000000 10.00000000000 10.00000000000 10.00000000000 10.00000000000 10.00000000000 10.00000000000 10.00000000000 10.00000000000 10.00000000000 10.00000000000 10.00000000000 10.00000000000 10.00000000000 10.00000000000 10.00000000000 10.00000000000 10.00000000000 10.00000000000 10.00000000000 10.00000000000 10.00000000000 10.00000000000 10.00000000000 10.00000000000 10.00000000000 10.00000000000 10.00000000000 10.00000000000 10.00000000000
 10.00000000000 10.00000000000 10.00000000000 10.00000000000 10.00000000000 10.00000000000 10.00000000000 10.00000000000 10.00000000000 10.00000000000 10.00000000000 10.00000000000 10.00000000000 10.00000000000 10.00000000000 10.00000000000 10.00000000000 10.00000000000 10.00000000000 10.00000000000 10.00000000000 10.00000000000 10.00000000000 10.00000000000 10.00000000000 10.00000000000 10.00000000000 10.00000000000 10.00000000000 10.00000000000 10.00000000000 10.00000000000
 10.00000000000 10.00000000000 10.00000000000 10.00000000000 10.00000000000 10.00000000000 10.00000000000 10.00000000000 10.00000000000 10.00000000000 10.00000000000 10.00000000000 10.00000000000 10.00000000000 10.00000000000 10.00000000000 10.00000000000 10.00000000000 10.00000000000 10.00000000000 10.00000000000 10.00000000000 10.00000000000 10.00000000000 10.00000000000 10.00000000000 10.00000000000 10.00000000000 10.00000000000 10.00000000000 10.00000000000 10.00000000000
 10.00000000000 10.00000000000 10.00000000000 10.00000000000 10.00000000000 10.00000000000 10.00000000000 10.00000000000 10.00000000000 10.00000000000 10.00000000000 10.00000000000 10.00000000000 10.00000000000 10.00000000000 10.00000000000 10.00000000000 10.00000000000 10.00000000000 10.00000000000 10.00000000000 10.00000000000 10.00000000000 10.00000000000 10.00000000000 10.00000000000 10.00000000000 10.00000000000 10.00000000000 10.00000000000 10.00000000000 10.00000000000
 10.00000000000 10.00000000000 10.00000000000 10.00000000000 10.00000000000 10.00000000000 10.00000000000 10.00000000000 10.00000000000 10.00000000000 10.00000000000 10.00000000000 10.00000000000 10.00000000000 10.00000000000 10.00000000000 10.00000000000 10.00000000000 10.00000000000 10.00000000000 10.00000000000 10.00000000000 10.00000000000 10.00000000000 10.00000000000 10.00000000000 10.00000000000 10.00000000000 10.00000000000 10.00000000000 10.00000000000 10.00000000000
 10.00000000000 10.00000000000 10.00000000000 10.00000000000 10.00000000000 10.00000000000 10.00000000000 10.00000000000 10.00000000000 10.00000000000 10.00000000000 10.00000000000 10.00000000000 10.00000000000 10.00000000000 10.00000000000 10.00000000000 10.00000000000 10.00000000000 10.00000000000 10.00000000000 10.00000000000 10.00000000000 10.00000000000 10.00000000000 10.00000000000 10.00000000000 10.00000000000 10.00000000000 10.00000000000 10.00000000000 10.00000000000
 10.00000000000 10.00000000000 10.00000000000 10.00000000000 10.00000000000 10.00000000000 10.00000000000 10.00000000000 10.00000000000 10.00000000000 10.00000000000 10.00000000000 10.00000000000 10.00000000000 10.00000000000 10.00000000000 10.00000000000 10.00000000000 10.00000000000 10.00000000000 10.00000000000 10.00000000000 10.00000000000 10.00000000000 10.00000000000 10.00000000000 10.00000000000 10.00000000000 10.00000000000 10.00000000000 10.00000000000 10.00000000000
 10.00000000000 10.00000000000 10.00000000000 10.00000000000 10.00000000000 10.00000000000 10.00000000000 10.00000000000 10.00000000000 10.00000000000 10.00000000000 10.00000000000 10.00000000000 10.00000000000 10.00000000000 10.00000000000 10.00000000000 10.00000000000 10.00000000000 10.00000000000 10.00000000000 10.00000000000 10.00000000000 10.00000000000 10.00000000000 10.00000000000 10.00000000000 10.00000000000 10.00000000000 10.00000000000 10.00000000000 10.00000000000
 10.00000000000 10.00000000000 10.00000000000 10.00000000000 10.00000000000 10.00000000000 10.00000000000 10.00000000000 10.00000000000 10.00000000000 10.00000000000 10.00000000000 10.00000000000 10.00000000000 10.00000000000 10.00000000000 10.00000000000 10.00000000000 10.00000000000 10.00000000000 10.00000000000 10.00000000000 10.00000000000 10.00000000000 10.00000000000 10.00000000000 10.00000000000 10.00000000000 10.00000000000 10.00000000000 10.00000000000 10.00000000000
 10.00000000000 10.00000000000 10.00000000000 10.00000000000 10.00000000000 10.00000000000 10.00000000000 10.00000000000 10.00000000000 10.00000000000 10.00000000000 10.00000000000 10.00000000000 10.00000000000 10.00000000000 10.00000000000 10.00000000000 10.00000000000 10.00000000000 10.00000000000 10.00000000000 10.00000000000 10.00000000000 10.00000000000 10.00000000000 10.00000000000 10.00000000000 10.00000000000 10.00000000000 10.00000000000 10.00000000000 10.00000000000
 10.00000000000 10.00000000000 10.00000000000 10.00000000000 10.00000000000 10.00000000000 10.00000000000 10.00000000000 10.00000000000 10.00000000000 10.00000000000 10.00000000000 10.00000000000 10.00000000000 10.00000000000 10.00000000000 10.00000000000 10.00000000000 10.00000000000 10.00000000000 10.00000000000 10.00000000000 10.00000000000 10.00000000000 10.00000000000 10.00000000000 10.00000000000 10.00000000000 10.00000000000 10.00000000000 10.00000000000 10.00000000000
 10.00000000000 10.00000000000 10.00000000000 10.00000000000 10.00000000000 10.00000000000 10.00000000000 10.00000000000 10.00000000000 10.00000000000 10.00000000000 10.00000000000 10.00000000000 10.00000000000 10.00000000000 10.00000000000 10.00000000000 10.00000000000 10.00000000000 10.00000000000 10.00000000000 10.00000000000 10.00000000000 10.00000000000 10.00000000000 10.00000000000 10.00000000000 10.00000000000 10.00000000000 10.00000000000 10.00000000000 10.00000000000
 10.00000000000 10.00000000000 10.00000000000 10.00000000000 10.00000000000 10.00000000000 10.00000000000 10.00000000000 10.00000000000 10.00000000000 10.00000000000 10.00000000000 10.00000000000 10.00000000000 10.00000000000 10.00000000000 10.00000000000 10.00000000000 10.00000000000 10.00000000000 10.00000000000 10.00000000000 10.00000000000 10.00000000000 10.00000000000 10.00000000000 10.00000000000 10.00000000000 10.00000000000 10.00000000000 10.00000000000 10.00000000000

 10.00000000000 10.00000000000 10.00000000000 10.00000000000 10.00000000000 10.00000000000 10.00000000000 10.00000000000 10.00000000000 10.00000000000 10.00000000000 10.00000000000 10.00000000000 10.00000000000 10.00000000000 10.00000000000 10.00000000000 10.00000000000 10.00000000000 10.00000000000 10.00000000000 10.00000000000 10.00000000000 10.00000000000 10.00000000000 10.00000000000 10.00000000000 10.00000000000 10.00000000000 10.00000000000 10.00000000000 10.00000000000
 10.00000000000  9.99942328470  9.99885296319  9.99829531888  9.99775641994  9.99724202496  9.99675750314  9.99630777162  9.99589725114  9.99552983958  9.99520890171  9.99493727227  9.99471726881  9.99455071029  9.99443893769  9.99438283284  9.99438283284  9.99443893768  9.99455071029  9.99471726881  9.99493727227  9.99520890170  9.99552983957  9.99589725113  9.99630777161  9.99675750313  9.99724202495  9.99775641993  9.99829531887  9.99885296318  9.99942328470 10.00000000000
 10.00000000000  9.99885296319  9.99771864159  9.99660953103  9.99553769957  9.99451459993  9.99355091088  9.99265641256  9.99183989827  9.99110912182  9.99047077696  9.98993050342  9.98949291224  9.98916162273  9.98893930324  9.98882770860  9.98882770860  9.98893930323  9.98916162272  9.98949291222  9.98993050340  9.99047077694  9.99110912180  9.99183989825  9.99265641254  9.99355091086  9.99451459992  9.99553769955  9.99660953102  9.99771864158  9.99885296318 10.00000000000
 10.00000000000  9.99829531888  9.99660953103  9.99496120410  9.99336827068  9.99184774995  9.99041551195  9.98908609248  9.98787256184  9.98678644640  9.98583769783  9.98503470167  9.98438431469  9.98389191945  9.98356148458  9.98339562026  9.98339562026  9.98356148457  9.98389191943  9.98438431467  9.98503470165  9.98583769781  9.98678644637  9.98787256181  9.98908609245  9.99041551192  9.99184774992  9.99336827066  9.99496120408  9.99660953102  9.99829531887 10.00000000000
 10.00000000000  9.99775641994  9.99553769957  9.99336827068  9.99127173058  9.98927047613  9.98738539386  9.98563561637  9.98403834944  9.98260876853  9.98135997774  9.98030302059  9.97944692855  9.97879879227  9.97836384038  9.97814551205  9.97814551204  9.97836384037  9.97879879225  9.97944692852  9.98030302056  9.98135997770  9.98260876849  9.98403834940  9.98563561632  9.98738539382  9.98927047609  9.99127173055  9.99336827066  9.99553769955  9.99775641993 10.00000000000
 10.00000000000  9.99724202496  9.99451459993  9.99184774995  9.98927047613  9.98681030657  9.98449291580  9.98234182542  9.98037819140  9.97862067634  9.97708539838  9.97578594352  9.97473342445  9.97393656720  9.97340180722  9.97313337791  9.97313337791  9.97340180720  9.97393656717  9.97473342441  9.97578594348  9.97708539833  9.97862067629  9.98037819135  9.98234182537  9.98449291575  9.98681030653  9.98927047609  9.99184774992  9.99451459991  9.99724202495 10.00000000000
 10.00000000000  9.99675750314  9.99355091088  9.99041551195  9.98738539386  9.98449291580  9.98176826180  9.97923908892  9.97693027694  9.97486377749  9.97305855308  9.97153059050  9.97029296873  9.96935595966  9.96872714002  9.96841149455  9.96841149454  9.96872714000  9.96935595963  9.97029296869  9.97153059045  9.97305855302  9.97486377743  9.97693027688  9.97923908886  9.98176826174  9.98449291575  9.98738539381  9.99041551191  9.99355091086  9.99675750313 10.00000000000
 10.00000000000  9.99630777162  9.99265641256  9.98908609248  9.98563561637  9.98234182542  9.97923908892  9.97635890384  9.97372960945  9.97137621475  9.96932032793  9.96758017023  9.96617065180  9.96510348501  9.96438731053  9.96402781383  9.96402781382  9.96438731051  9.96510348498  9.96617065175  9.96758017017  9.96932032787  9.97137621468  9.97372960938  9.97635890377  9.97923908885  9.98234182536  9.98563561632  9.98908609244  9.99265641253  9.99630777161 10.00000000000
 10.00000000000  9.99589725114  9.99183989827  9.98787256184  9.98403834944  9.98037819140  9.97693027694  9.97372960945  9.97080768902  9.96819231977  9.96590753020  9.96397358698  9.96240707765  9.96122103481  9.96042507477  9.96002552580  9.96002552579  9.96042507474  9.96122103478  9.96240707760  9.96397358692  9.96590753013  9.96819231970  9.97080768894  9.97372960937  9.97693027687  9.98037819134  9.98403834939  9.98787256180  9.99183989824  9.99589725112 10.00000000000
 10.00000000000  9.99552983958  9.99110912182  9.98678644640  9.98260876853  9.97862067634  9.97486377749  9.97137621475  9.96819231977  9.96534240217  9.96285266136  9.96074519991  9.95903811186  9.95774561625  9.95687820657  9.95644278931  9.95644278930  9.95687820655  9.95774561621  9.95903811181  9.96074519985  9.96285266128  9.96534240209  9.96819231969  9.97137621467  9.97486377741  9.97862067627  9.98260876847  9.98678644636  9.99110912178  9.99552983956 10.00000000000
 10.00000000000  9.99520890171  9.99047077696  9.98583769783  9.98135997774  9.97708539838  9.97305855308  9.96932032793  9.96590753020  9.96285266136  9.96018382117  9.95792472032  9.95609477322  9.95470923937  9.95377938191  9.95331261478  9.95331261477  9.95377938188  9.95470923932  9.95609477316  9.95792472025  9.96018382109  9.96285266127  9.96590753011  9.96932032784  9.97305855299  9.97708539830  9.98135997767  9.98583769778  9.99047077692  9.99520890169 10.00000000000
 10.00000000000  9.99493727227  9.98993050342  9.98503470167  9.98030302059  9.97578594352  9.97153059050  9.96758017023  9.96397358698  9.96074519991  9.95792472032  9.95553722341  9.95360324457  9.95213892711  9.95115618824  9.95066287330  9.95066287329  9.95115618822  9.95213892707  9.95360324451  9.95553722333  9.95792472024  9.96074519982  9.96397358689  9.96758017013  9.97153059041  9.97578594344  9.98030302052  9.98503470162  9.98993050338  9.99493727226 10.00000000000
 10.00000000000  9.99471726881  9.98949291224  9.98438431469  9.97944692855  9.97473342445  9.97029296873  9.96617065180  9.96240707765  9.95903811186  9.95609477322  9.95360324457  9.95158497173  9.95005681610  9.94903122654  9.94851639915  9.94851639914  9.94903122651  9.95005681605  9.95158497166  9.95360324449  9.95609477313  9.95903811177  9.96240707755  9.96617065170  9.97029296863  9.97473342436  9.97944692848  9.98438431463  9.98949291220  9.99471726879 10.00000000000
 10.00000000000  9.99455071029  9.98916162273  9.98389191945  9.97879879227  9.97393656720  9.96935595966  9.96510348501  9.96122103481  9.95774561625  9.95470923937  9.95213892711  9.95005681610  9.94848031281  9.94742226977  9.94689114947  9.94689114946  9.94742226974  9.94848031276  9.95005681603  9.95213892703  9.95470923927  9.95774561615  9.96122103471  9.96510348491  9.96935595957  9.97393656711  9.97879879220  9.98389191939  9.98916162269  9.99455071027 10.00000000000
 10.00000000000  9.99443893769  9.98893930324  9.98356148458  9.97836384038  9.97340180722  9.96872714002  9.96438731053  9.96042507477  9.95687820657  9.95377938191  9.95115618824  9.94903122654  9.94742226977  9.94634244194  9.94580038474  9.94580038473  9.94634244191  9.94742226972  9.94903122647  9.95115618816  9.95377938181  9.95687820647  9.96042507466  9.96438731043  9.96872713992  9.97340180713  9.97836384031  9.98356148452  9.98893930320  9.99443893766 10.00000000000
 10.00000000000  9.99438283284  9.98882770860  9.98339562026  9.97814551205  9.97313337791  9.96841149455  9.96402781383  9.96002552580  9.95644278931  9.95331261478  9.95066287330  9.94851639915  9.94689114947  9.94580038474  9.94525283672  9.94525283670  9.94580038471  9.94689114942  9.94851639908  9.95066287322  9.95331261469  9.95644278920  9.96002552569  9.96402781373  9.96841149445  9.97313337782  9.97814551197  9.98339562020  9.98882770856  9.99438283282 10.00000000000
 10.00000000000  9.99438283284  9.98882770860  9.98339562026  9.97814551204  9.97313337791  9.96841149454  9.96402781382  9.96002552579  9.95644278930  9.95331261477  9.95066287329  9.94851639914  9.94689114946  9.94580038473  9.94525283670  9.94525283669  9.94580038470  9.94689114941  9.94851639907  9.95066287321  9.95331261468  9.95644278919  9.96002552568  9.96402781372  9.96841149444  9.97313337782  9.97814551196  9.98339562020  9.98882770855  9.99438283282 10.00000000000
 10.00000000000  9.99443893768  9.98893930323  9.98356148457  9.97836384037  9.97340180720  9.96872714000  9.96438731051  9.96042507474  9.95687820655  9.95377938188  9.95115618822  9.94903122651  9.94742226974  9.94634244191  9.94580038471  9.94580038470  9.94634244188  9.94742226969  9.94903122644  9.95115618813  9.95377938179  9.95687820645  9.96042507464  9.96438731041  9.96872713990  9.97340180711  9.97836384029  9.98356148451  9.98893930319  9.99443893766 10.00000000000
 10.00000000000  9.99455071029  9.98916162272  9.98389191943  9.97879879225  9.97393656717  9.96935595963  9.96510348498  9.96122103478  9.95774561621  9.95470923932  9.95213892707  9.95005681605  9.94848031276  9.94742226972  9.94689114942  9.94689114941  9.94742226969  9.94848031271  9.95005681598  9.95213892698  9.95470923923  9.95774561611  9.96122103467  9.96510348488  9.96935595954  9.97393656709  9.97879879218  9.98389191937  9.98916162268  9.99455071027 10.00000000000
 10.00000000000  9.99471726881  9.98949291222  9.98438431467  9.97944692852  9.97473342441  9.97029296869  9.96617065175  9.96240707760  9.95903811181  9.95609477316  9.95360324451  9.95158497166  9.95005681603  9.94903122647  9.94851639908  9.94851639907  9.94903122644  9.95005681598  9.95158497160  9.95360324443  9.95609477308  9.95903811171  9.96240707750  9.96617065165  9.97029296859  9.97473342433  9.97944692845  9.98438431461  9.98949291218  9.99471726879 10.00000000000
 10.00000000000  9.99493727227  9.98993050340  9.98503470165  9.98030302056  9.97578594348  9.97153059045  9.96758017017  9.96397358692  9.96074519985  9.95792472025  9.95553722333  9.95360324449  9.95213892703  9.95115618816  9.95066287322  9.95066287321  9.95115618813  9.95213892698  9.95360324443  9.95553722326  9.95792472016  9.96074519976  9.96397358683  9.96758017008  9.97153059036  9.97578594340  9.98030302049  9.98503470159  9.98993050336  9.99493727225 10.00000000000
 10.00000000000  9.99520890170  9.99047077694  9.98583769781  9.98135997770  9.97708539833  9.97305855302  9.96932032787  9.96590753013  9.96285266128  9.96018382109  9.95792472024  9.95609477313  9.95470923927  9.95377938181  9.95331261469  9.95331261468  9.95377938179  9.95470923923  9.95609477308  9.95792472016  9.96018382100  9.96285266120  9.96590753004  9.96932032778  9.97305855294  9.97708539826  9.98135997764  9.98583769775  9.99047077690  9.99520890168 10.00000000000
 10.00000000000  9.99552983957  9.99110912180  9.98678644637  9.98260876849  9.97862067629  9.97486377743  9.97137621468  9.96819231970  9.96534240209  9.96285266127  9.96074519982  9.95903811177  9.95774561615  9.95687820647  9.95644278920  9.95644278919  9.95687820645  9.95774561611  9.95903811171  9.96074519976  9.96285266120  9.96534240201  9.96819231962  9.97137621460  9.97486377735  9.97862067622  9.98260876843  9.98678644632  9.99110912176  9.99552983955 10.00000000000
 10.00000000000  9.99589725113  9.99183989825  9.98787256181  9.98403834940  9.98037819135  9.97693027688  9.97372960938  9.97080768894  9.96819231969  9.96590753011  9.96397358689  9.96240707755  9.96122103471  9.96042507466  9.96002552569  9.96002552568  9.96042507464  9.96122103467  9.96240707750  9.96397358683  9.96590753004  9.96819231962  9.97080768887  9.97372960931  9.97693027681  9.98037819129  9.98403834935  9.98787256177  9.99183989822  9.99589725111 10.00000000000
 10.00000000000  9.99630777161  9.99265641254  9.98908609245  9.98563561632  9.98234182537  9.97923908886  9.97635890377  9.97372960937  9.97137621467  9.96932032784  9.96758017013  9.96617065170  9.96510348491  9.96438731043  9.96402781373  9.96402781372  9.96438731041  9.96510348488  9.96617065165  9.96758017008  9.96932032778  9.97137621460  9.97372960931  9.97635890370  9.97923908879  9.98234182531  9.98563561627  9.98908609241  9.99265641251  9.99630777160 10.00000000000
 10.00000000000  9.99675750313  9.99355091086  9.99041551192  9.98738539382  9.98449291575  9.98176826174  9.97923908885  9.97693027687  9.97486377741  9.97305855299  9.97153059041  9.97029296863  9.96935595957  9.96872713992  9.96841149445  9.96841149444  9.96872713990  9.96935595954  9.97029296859  9.97153059036  9.97305855294  9.97486377735  9.97693027681  9.97923908879  9.98176826169  9.98449291570  9.98738539377  9.99041551188  9.99355091084  9.99675750312 10.00000000000
 10.00000000000  9.99724202495  9.99451459992  9.99184774992  9.98927047609  9.98681030653  9.98449291575  9.98234182536  9.98037819134  9.97862067627  9.97708539830  9.97578594344  9.97473342436  9.97393656711  9.97340180713  9.97313337782  9.97313337782  9.97340180711  9.97393656709  9.97473342433  9.97578594340  9.97708539826  9.97862067622  9.98037819129  9.98234182531  9.98449291570  9.98681030648  9.98927047605  9.99184774989  9.99451459990  9.99724202494 10.00000000000
 10.00000000000  9.99775641993  9.99553769955  9.99336827066  9.99127173055  9.98927047609  9.98738539381  9.98563561632  9.98403834939  9.98260876847  9.98135997767  9.98030302052  9.97944692848  9.97879879220  9.97836384031  9.97814551197  9.97814551196  9.97836384029  9.97879879218  9.97944692845  9.98030302049  9.98135997764  9.98260876843  9.98403834935  9.98563561627  9.98738539377  9.98927047605  9.99127173052  9.99336827063  9.99553769954  9.99775641992 10.00000000000
 10.00000000000  9.99829531887  9.99660953102  9.99496120408  9.99336827066  9.99184774992  9.99041551191  9.98908609244  9.98787256180  9.98678644636  9.98583769778  9.98503470162  9.98438431463  9.98389191939  9.98356148452  9.98339562020  9.98339562020  9.98356148451  9.98389191937  9.98438431461  9.98503470159  9.98583769775  9.98678644632  9.98787256177  9.98908609241  9.99041551188  9.99184774989  9.99336827063  9.99496120407  9.99660953101  9.99829531887 10.00000000000
 10.00000000000  9.99885296318  9.99771864158  9.99660953102  9.99553769955  9.99451459991  9.99355091086  9.99265641253  9.99183989824  9.99110912178  9.99047077692  9.98993050338  9.98949291220  9.98916162269  9.98893930320  9.98882770856  9.98882770855  9.98893930319  9.98916162268  9.98949291218  9.98993050336  9.99047077690  9.99110912176  9.99183989822  9.99265641251  9.99355091084  9.99451459990  9.99553769954  9.99660953101  9.99771864157  9.99885296318 10.00000000000
 10.00000000000  9.99942328470  9.99885296318  9.99829531887  9.99775641993  9.99724202495  9.99675750313  9.99630777161  9.99589725112  9.99552983956  9.99520890169  9.99493727226  9.99471726879  9.99455071027  9.99443893766  9.99438283282  9.99438283282  9.99443893766  9.99455071027  9.99471726879  9.99493727225  9.99520890168  9.99552983955  9.99589725111  9.99630777160  9.99675750312  9.99724202494  9.99775641992  9.99829531887  9.99885296318  9.99942328469 10.00000000000
 10.00000000000 10.00000000000 10.00000000000 10.00000000000 10.00000000000 10.00000000000 10.00000000000 10.00000000000 10.00000000000 10.00000000000 10.00000000000 10.00000000000 10.00000000000 10.00000000000 10.00000000000 10.00000000000 10.00000000000 10.00000000000 10.00000000000 10.00000000000 10.00000000000 10.00000000000 10.00000000000 10.00000000000 10.00000000000 10.00000000000 10.00000000000 10.00000000000 10.00000000000 10.00000000000 10.00000000000 10.00000000000

 10.00000000000 10.00000000000 10.00000000000 10.00000000000 10.00000000000 10.00000000000 10.00000000000 10.00000000000 10.00000000000 10.00000000000 10.00000000000 10.00000000000 10.00000000000 10.00000000000 10.00000000000 10.00000000000 10.00000000000 10.00000000000 10.00000000000 10.00000000000 10.00000000000 10.00000000000 10.00000000000 10.00000000000 10.00000000000 10.00000000000 10.00000000000 10.00000000000 10.00000000000 10.00000000000 10.00000000000 10.00000000000
 10.00000000000  9.99883385899  9.99768068753  9.99655322749  9.99546377707  9.99442399697  9.99344474719  9.99253595983  9.99170655031  9.99096436607  9.99031616886  9.98976764464  9.98932343348  9.98898717108  9.98876153383  9.98864827984  9.98864827983  9.98876153383  9.98898717107  9.98932343346  9.98976764463  9.99031616884  9.99096436605  9.99170655029  9.99253595981  9.99344474717  9.99442399696  9.99546377705  9.99655322748  9.99768068752  9.99883385899 10.00000000000
 10.00000000000  9.99768068753  9.99538716665  9.99314477649  9.99097797444  9.98890995092  9.98696230487  9.98515479087  9.98350514249  9.98202897005  9.98073972517  9.97964872018  9.97876518724  9.97809636068  9.97764756629  9.97742230267  9.97742230267  9.97764756628  9.97809636066  9.97876518721  9.97964872015  9.98073972514  9.98202897001  9.98350514245  9.98515479082  9.98696230483  9.98890995089  9.99097797441  9.99314477647  9.99538716663  9.99768068752 10.00000000000
 10.00000000000  9.99655322749  9.99314477649  9.98981229697  9.98659213014  9.98351873653  9.98062421413  9.97793792260  9.97548622064  9.97329231354  9.97137620001  9.96975470026  9.96844154315  9.96744748779  9.96678045559  9.96644565064  9.96644565063  9.96678045557  9.96744748776  9.96844154311  9.96975470021  9.97137619995  9.97329231348  9.97548622058  9.97793792254  9.98062421407  9.98351873648  9.98659213009  9.98981229694  9.99314477647  9.99655322748 10.00000000000
 10.00000000000  9.99546377707  9.99097797444  9.98659213014  9.98235406258  9.97830911898  9.97449954173  9.97096397403  9.96773711389  9.96484951282  9.96232750479  9.96019324195  9.95846480798  9.95715637691  9.95627838567  9.95583769164  9.95583769163  9.95627838564  9.95715637687  9.95846480792  9.96019324188  9.96232750471  9.96484951274  9.96773711381  9.97096397395  9.97449954165  9.97830911891  9.98235406252  9.98659213009  9.99097797441  9.99546377705 10.00000000000
 10.00000000000  9.99442399697  9.98890995092  9.98351873653  9.97830911898  9.97333683158  9.96865379777  9.96430752377  9.96034067271  9.95679081618  9.95369034528  9.95106651279  9.94894157047  9.94733296235  9.94625353518  9.94571173064  9.94571173063  9.94625353515  9.94733296230  9.94894157040  9.95106651271  9.95369034519  9.95679081608  9.96034067261  9.96430752367  9.96865379768  9.97333683149  9.97830911891  9.98351873647  9.98890995088  9.99442399695 10.00000000000
 10.00000000000  9.99344474719  9.98696230487  9.98062421413  9.97449954173  9.96865379777  9.96314802229  9.95803807153  9.95337411668  9.94920035034  9.94555488001  9.94246977506  9.93997122565  9.93807976736  9.93681052632  9.93617344331  9.93617344330  9.93681052628  9.93807976730  9.93997122557  9.94246977496  9.94555487990  9.94920035023  9.95337411656  9.95803807141  9.96314802218  9.96865379767  9.97449954164  9.98062421406  9.98696230482  9.99344474717 10.00000000000
 10.00000000000  9.99253595983  9.98515479087  9.97793792260  9.97096397403  9.96430752377  9.95803807153  9.95221922578  9.94690813226  9.94215513808  9.93800366779  9.93449027408  9.93164481532  9.92949070837  9.92804520482  9.92731964389  9.92731964388  9.92804520477  9.92949070831  9.93164481523  9.93449027397  9.93800366767  9.94215513795  9.94690813213  9.95221922564  9.95803807140  9.96430752366  9.97096397393  9.97793792252  9.98515479081  9.99253595980 10.00000000000
 10.00000000000  9.99170655031  9.98350514249  9.97548622064  9.96773711389  9.96034067271  9.95337411668  9.94690813226  9.94100623707  9.93572440453  9.93111092346  9.92720645090  9.92404420580  9.92165024628  9.92004377341  9.91923740964  9.91923740962  9.92004377336  9.92165024621  9.92404420570  9.92720645078  9.93111092333  9.93572440438  9.94100623692  9.94690813211  9.95337411653  9.96034067259  9.96773711378  9.97548622055  9.98350514243  9.99170655028 10.00000000000
 10.00000000000  9.99096436607  9.98202897005  9.97329231354  9.96484951282  9.95679081618  9.94920035034  9.94215513808  9.93572440453  9.92996916627  9.92494207527  9.92068747268  9.91724159608  9.91463287763  9.91288227157  9.91200355486  9.91200355484  9.91288227152  9.91463287754  9.91724159597  9.92068747255  9.92494207512  9.92996916611  9.93572440436  9.94215513791  9.94920035019  9.95679081604  9.96484951270  9.97329231344  9.98202896999  9.99096436604 10.00000000000
 10.00000000000  9.99031616886  9.98073972517  9.97137620001  9.96232750479  9.95369034528  9.94555488001  9.93800366779  9.93111092346  9.92494207527  9.91955359454  9.91499304972  9.91129932436  9.90850293292  9.90662636819  9.90568442069  9.90568442067  9.90662636814  9.90850293283  9.91129932425  9.91499304958  9.91955359438  9.92494207509  9.93111092328  9.93800366762  9.94555487984  9.95369034513  9.96232750466  9.97137619991  9.98073972510  9.99031616882 10.00000000000
 10.00000000000  9.98976764464  9.97964872018  9.96975470026  9.96019324195  9.95106651279  9.94246977506  9.93449027408  9.92720645090  9.92068747268  9.91499304972  9.91017348898  9.90626992074  9.90331462848  9.90133141274  9.90033592588  9.90033592586  9.90133141269  9.90331462839  9.90626992062  9.91017348883  9.91499304955  9.92068747250  9.92720645071  9.93449027389  9.94246977488  9.95106651263  9.96019324181  9.96975470016  9.97964872011  9.98976764460 10.00000000000
 10.00000000000  9.98932343348  9.97876518724  9.96844154315  9.95846480798  9.94894157047  9.93997122565  9.93164481532  9.92404420580  9.91724159608  9.91129932436  9.90626992074  9.90219634031  9.89911230412  9.89704267589  9.89600380882  9.89600380880  9.89704267583  9.89911230402  9.90219634018  9.90626992058  9.91129932419  9.91724159589  9.92404420560  9.93164481512  9.93997122546  9.94894157030  9.95846480783  9.96844154304  9.97876518716  9.98932343344 10.00000000000
 10.00000000000  9.98898717108  9.97809636068  9.96744748779  9.95715637691  9.94733296235  9.93807976736  9.92949070837  9.92165024628  9.91463287763  9.90850293292  9.90331462848  9.89911230412  9.89593077220  9.89379570380  9.89272398448  9.89272398446  9.89379570374  9.89593077211  9.89911230399  9.90331462832  9.90850293274  9.91463287743  9.92165024608  9.92949070817  9.93807976717  9.94733296218  9.95715637676  9.96744748767  9.97809636060  9.98898717104 10.00000000000
 10.00000000000  9.98876153383  9.97764756629  9.96678045559  9.95627838567  9.94625353518  9.93681052632  9.92804520482  9.92004377341  9.91288227157  9.90662636819  9.90133141274  9.89704267589  9.89379570380  9.89161671057  9.89052293993  9.89052293990  9.89161671051  9.89379570370  9.89704267575  9.90133141258  9.90662636801  9.91288227137  9.92004377320  9.92804520461  9.93681052612  9.94625353501  9.95627838552  9.96678045547  9.97764756621  9.98876153379 10.00000000000
 10.00000000000  9.98864827984  9.97742230267  9.96644565064  9.95583769164  9.94571173064  9.93617344331  9.92731964389  9.91923740964  9.91200355486  9.90568442069  9.90033592588  9.89600380882  9.89272398448  9.89052293993  9.88941809891  9.88941809889  9.89052293986  9.89272398438  9.89600380868  9.90033592571  9.90568442050  9.91200355465  9.91923740943  9.92731964368  9.93617344312  9.94571173047  9.95583769149  9.96644565052  9.97742230259  9.98864827979 10.00000000000
 10.00000000000  9.98864827983  9.97742230267  9.96644565063  9.95583769163  9.94571173063  9.93617344330  9.92731964388  9.91923740962  9.91200355484  9.90568442067  9.90033592586  9.89600380880  9.89272398446  9.89052293990  9.88941809889  9.88941809887  9.89052293984  9.89272398436  9.89600380866  9.90033592569  9.90568442049  9.91200355464  9.91923740941  9.92731964367  9.93617344310  9.94571173046  9.95583769148  9.96644565051  9.97742230258  9.98864827979 10.00000000000
 10.00000000000  9.98876153383  9.97764756628  9.96678045557  9.95627838564  9.94625353515  9.93681052628  9.92804520477  9.92004377336  9.91288227152  9.90662636814  9.90133141269  9.89704267583  9.89379570374  9.89161671051  9.89052293986  9.89052293984  9.89161671044  9.89379570364  9.89704267569  9.90133141252  9.90662636795  9.91288227132  9.92004377316  9.92804520457  9.93681052608  9.94625353498  9.95627838549  9.96678045545  9.97764756620  9.98876153379 10.00000000000
 10.00000000000  9.98898717107  9.97809636066  9.96744748776  9.95715637687  9.94733296230  9.93807976730  9.92949070831  9.92165024621  9.91463287754  9.90850293283  9.90331462839  9.89911230402  9.89593077211  9.89379570370  9.89272398438  9.89272398436  9.89379570364  9.89593077201  9.89911230389  9.90331462822  9.90850293265  9.91463287735  9.92165024600  9.92949070810  9.93807976711  9.94733296213  9.95715637672  9.96744748764  9.97809636058  9.98898717103 10.00000000000
