
 10.00000000000 10.00000000000 10.00000000000 10.00000000000 10.00000000000 10.00000000000 10.00000000000 10.00000000000 10.00000000000 10.00000000000 10.00000000000 10.00000000000 10.00000000000 10.00000000000 10.00000000000 10.00000000000 10.00000000000 10.00000000000 10.00000000000 10.00000000000 10.00000000000 10.00000000000 10.00000000000 10.00000000000 10.00000000000 10.00000000000 10.00000000000 10.00000000000 10.00000000000 10.00000000000 10.00000000000 10.00000000000
 10.00000000000 10.00000000000 10.00000000000 10.00000000000 10.00000000000 10.00000000000 10.00000000000 10.00000000000 10.00000000000 10.00000000000 10.00000000000 10.00000000000 10.00000000000 10.00000000000 10.00000000000 10.00000000000 10.00000000000 10.00000000000 10.00000000000 10.00000000000 10.00000000000 10.00000000000 10.00000000000 10.00000000000 10.00000000000 10.00000000000 10.00000000000 10.00000000000 10.00000000000 10.00000000000 10.00000000000 10.00000000000
 10.00000000000 10.00000000000 10.00000000000 10.00000000000 10.00000000000 10.00000000000 10.00000000000 10.00000000000 10.00000000000 10.00000000000 10.00000000000 10.00000000000 10.00000000000 10.00000000000 10.00000000000 10.00000000000 10.00000000000 10.00000000000 10.00000000000 10.00000000000 10.00000000000 10.00000000000 10.00000000000 10.00000000000 10.00000000000 10.00000000000 10.00000000000 10.00000000000 10.00000000000 10.00000000000 10.00000000000 10.00000000000
 10.00000000000 10.00000000000 10.00000000000 10.00000000000 10.00000000000 10.00000000000 10.00000000000 10.00000000000 10.00000000000 10.00000000000 10.00000000000 10.00000000000 10.00000000000 10.00000000000 10.00000000000 10.00000000000 10.00000000000 10.00000000000 10.00000000000 10.00000000000 10.00000000000 10.00000000000 10.00000000000 10.00000000000 10.00000000000 10.00000000000 10.00000000000 10.00000000000 10.00000000000 10.00000000000 10.00000000000 10.00000000000
 10.00000000000 10.00000000000 10.00000000000 10.00000000000 10.00000000000 10.00000000000 10.00000000000 10.00000000000 10.00000000000 10.00000000000 10.00000000000 10.00000000000 10.00000000000 10.00000000000 10.00000000000 10.00000000000 10.00000000000 10.00000000000 10.00000000000 10.00000000000 10.00000000000 10.00000000000 10.00000000000 10.00000000000 10.00000000000 10.00000000000 10.00000000000 10.00000000000 10.00000000000 10.00000000000 10.00000000000 10.00000000000
 10.00000000000 10.00000000000 10.00000000000 10.00000000000 10.00000000000 10.00000000000 10.00000000000 10.00000000000 10.00000000000 10.00000000000 10.00000000000 10.00000000000 10.00000000000 10.00000000000 10.00000000000 10.00000000000 10.00000000000 10.00000000000 10.00000000000 10.00000000000 10.00000000000 10.00000000000 10.00000000000 10.00000000000 10.00000000000 10.00000000000 10.00000000000 10.00000000000 10.00000000000 10.00000000000 10.00000000000 10.00000000000
 10.00000000000 10.00000000000 10.00000000000 10.00000000000 10.00000000000 10.00000000000 10.00000000000 10.00000000000 10.00000000000 10.00000000000 10.00000000000 10.00000000000 10.00000000000 10.00000000000 10.00000000000 10.00000000000 10.00000000000 10.00000000000 10.00000000000 10.00000000000 10.00000000000 10.00000000000 10.00000000000 10.00000000000 10.00000000000 10.00000000000 10.00000000000 10.00000000000 10.00000000000 10.00000000000 10.00000000000 10.00000000000
 10.00000000000 10.00000000000 10.00000000000 10.00000000000 10.00000000000 10.00000000000 10.00000000000 10.00000000000 10.00000000000 10.00000000000 10.00000000000 10.00000000000 10.00000000000 10.00000000000 10.00000000000 10.00000000000 10.00000000000 10.00000000000 10.00000000000 10.00000000000 10.00000000000 10.00000000000 10.00000000000 10.00000000000 10.00000000000 10.00000000000 10.00000000000 10.00000000000 10.00000000000 10.00000000000 10.00000000000 10.00000000000
 10.00000000000 10.00000000000 10.00000000000 10.00000000000 10.00000000000 10.00000000000 10.00000000000 10.00000000000 10.00000000000 10.00000000000 10.00000000000 10.00000000000 10.00000000000 10.00000000000 10.00000000000 10.00000000000 10.00000000000 10.00000000000 10.00000000000 10.00000000000 10.00000000000 10.00000000000 10.00000000000 10.00000000000 10.00000000000 10.00000000000 10.00000000000 10.00000000000 10.00000000000 10.00000000000 10.00000000000 10.00000000000
 10.00000000000 10.00000000000 10.00000000000 10.00000000000 10.00000000000 10.00000000000 10.00000000000 10.00000000000 10.00000000000 10.00000000000 10.00000000000 10.00000000000 10.00000000000 10.00000000000 10.00000000000 10.00000000000 10.00000000000 10.00000000000 10.00000000000 10.00000000000 10.00000000000 10.00000000000 10.00000000000 10.00000000000 10.00000000000 10.00000000000 10.00000000000 10.00000000000 10.00000000000 10.00000000000 10.00000000000 10.00000000000
 10.00000000000 10.00000000000 10.00000000000 10.00000000000 10.00000000000 10.00000000000 10.00000000000 10.00000000000 10.00000000000 10.00000000000 10.00000000000 10.00000000000 10.00000000000 10.00000000000 10.00000000000 10.00000000000 10.00000000000 10.00000000000 10.00000000000 10.00000000000 10.00000000000 10.00000000000 10.00000000000 10.00000000000 10.00000000000 10.00000000000 10.00000000000 10.00000000000 10.00000000000 10.00000000000 10.00000000000 10.00000000000
 10.00000000000 10.00000000000 10.00000000000 10.00000000000 10.00000000000 10.00000000000 10.00000000000 10.00000000000 10.00000000000 10.00000000000 10.00000000000 10.00000000000 10.00000000000 10.00000000000 10.00000000000 10.00000000000 10.00000000000 10.00000000000 10.00000000000 10.00000000000 10.00000000000 10.00000000000 10.00000000000 10.00000000000 10.00000000000 10.00000000000 10.00000000000 10.00000000000 10.00000000000 10.00000000000 10.00000000000 10.00000000000
 10.00000000000 10.00000000000 10.00000000000 10.00000000000 10.00000000000 10.00000000000 10.00000000000 10.00000000000 10.00000000000 10.00000000000 10.00000000000 10.00000000000 10.00000000000 10.00000000000 10.00000000000 10.00000000000 10.00000000000 10.00000000000 10.00000000000 10.00000000000 10.00000000000 10.00000000000 10.00000000000 10.00000000000 10.00000000000 10.00000000000 10.00000000000 10.00000000000 10.00000000000 10.00000000000 10.00000000000 10.00000000000
 10.00000000000 10.00000000000 10.00000000000 10.00000000000 10.00000000000 10.00000000000 10.00000000000 10.00000000000 10.00000000000 10.00000000000 10.00000000000 10.00000000000 10.00000000000 10.00000000000 10.00000000000 10.00000000000 10.00000000000 10.00000000000 10.00000000000 10.00000000000 10.00000000000 10.00000000000 10.00000000000 10.00000000000 10.00000000000 10.00000000000 10.00000000000 10.00000000000 10.00000000000 10.00000000000 10.00000000000 10.00000000000
 10.00000000000 10.00000000000 10.00000000000 10.00000000000 10.00000000000 10.00000000000 10.00000000000 10.00000000000 10.00000000000 10.00000000000 10.00000000000 10.00000000000 10.00000000000 10.00000000000 10.00000000000 10.00000000000 10.00000000000 10.00000000000 10.00000000000 10.00000000000 10.00000000000 10.00000000000 10.00000000000 10.00000000000 10.00000000000 10.00000000000 10.00000000000 10.00000000000 10.00000000000 10.00000000000 10.00000000000 10.00000000000
 10.00000000000 10.00000000000 10.00000000000 10.00000000000 10.00000000000 10.00000000000 10.00000000000 10.00000000000 10.00000000000 10.00000000000 10.00000000000 10.00000000000 10.00000000000 10.00000000000 10.00000000000 10.00000000000 10.00000000000 10.00000000000 10.00000000000 10.00000000000 10.00000000000 10.00000000000 10.00000000000 10.00000000000 10.00000000000 10.00000000000 10.00000000000 10.00000000000 10.00000000000 10.00000000000 10.00000000000 10.00000000000
 10.00000000000 10.00000000000 10.00000000000 10.00000000000 10.00000000000 10.00000000000 10.00000000000 10.00000000000 10.00000000000 10.00000000000 10.00000000000 10.00000000000 10.00000000000 10.00000000000 10.00000000000 10.00000000000 10.00000000000 10.00000000000 10.00000000000 10.00000000000 10.00000000000 10.00000000000 10.00000000000 10.00000000000 10.00000000000 10.00000000000 10.00000000000 10.00000000000 10.00000000000 10.00000000000 10.00000000000 10.00000000000
 10.00000000000 10.00000000000 10.00000000000 10.00000000000 10.00000000000 10.00000000000 10.00000000000 10.00000000000 10.00000000000 10.00000000000 10.00000000000 10.00000000000 10.00000000000 10.00000000000 10.00000000000 10.00000000000 10.00000000000 10.00000000000 10.00000000000 10.00000000000 10.00000000000 10.00000000000 10.00000000000 10.00000000000 10.00000000000 10.00000000000 10.00000000000 10.00000000000 10.00000000000 10.00000000000 10.00000000000 10.00000000000
 10.00000000000 10.00000000000 10.00000000000 10.00000000000 10.00000000000 10.00000000000 10.00000000000 10.00000000000 10.00000000000 10.00000000000 10.00000000000 10.00000000000 10.00000000000 10.00000000000 10.00000000000 10.00000000000 10.00000000000 10.00000000000 10.00000000000 10.00000000000 10.00000000000 10.00000000000 10.00000000000 10.00000000000 10.00000000000 10.00000000000 10.00000000000 10.00000000000 10.00000000000 10.00000000000 10.00000000000 10.00000000000
 10.00000000000 10.00000000000 10.00000000000 10.00000000000 10.00000000000 10.00000000000 10.00000000000 10.00000000000 10.00000000000 10.00000000000 10.00000000000 10.00000000000 10.00000000000 10.00000000000 10.00000000000 10.00000000000 10.00000000000 10.00000000000 10.00000000000 10.00000000000 10.00000000000 10.00000000000 10.00000000000 10.00000000000 10.00000000000 10.00000000000 10.00000000000 10.00000000000 10.00000000000 10.00000000000 10.00000000000 10.00000000000
 10.00000000000 10.00000000000 10.00000000000 10.00000000000 10.00000000000 10.00000000000 10.00000000000 10.00000000000 10.00000000000 10.00000000000 10.00000000000 10.00000000000 10.00000000000 10.00000000000 10.00000000000 10.00000000000 10.00000000000 10.00000000000 10.00000000000 10.00000000000 10.00000000000 10.00000000000 10.00000000000 10.00000000000 10.00000000000 10.00000000000 10.00000000000 10.00000000000 10.00000000000 10.00000000000 10.00000000000 10.00000000000
 10.00000000000 10.00000000000 10.00000000000 10.00000000000 10.00000000000 10.00000000000 10.00000000000 10.00000000000 10.00000000000 10.00000000000 10.00000000000 10.00000000000 10.00000000000 10.00000000000 10.00000000000 10.00000000000 10.00000000000 10.00000000000 10.00000000000 10.00000000000 10.00000000000 10.00000000000 10.00000000000 10.00000000000 10.00000000000 10.00000000000 10.00000000000 10.00000000000 10.00000000000 10.00000000000 10.00000000000 10.00000000000
 10.00000000000 10.00000000000 10.00000000000 10.00000000000 10.00000000000 10.00000000000 10.00000000000 10.00000000000 10.00000000000 10.00000000000 10.00000000000 10.00000000000 10.00000000000 10.00000000000 10.00000000000 10.00000000000 10.00000000000 10.00000000000 10.00000000000 10.00000000000 10.00000000000 10.00000000000 10.00000000000 10.00000000000 10.00000000000 10.00000000000 10.00000000000 10.00000000000 10.00000000000 10.00000000000 10.00000000000 10.00000000000
 10.00000000000 10.00000000000 10.00000000000 10.00000000000 10.00000000000 10.00000000000 10.00000000000 10.00000000000 10.00000000000 10.00000000000 10.00000000000 10.00000000000 10.00000000000 10.00000000000 10.00000000000 10.00000000000 10.00000000000 10.00000000000 10.00000000000 10.00000000000 10.00000000000 10.00000000000 10.00000000000 10.00000000000 10.00000000000 10.00000000000 10.00000000000 10.00000000000 10.00000000000 10.00000000000 10.00000000000 10.00000000000
 10.00000000000 10.00000000000 10.00000000000 10.00000000000 10.00000000000 10.00000000000 10.00000000000 10.00000000000 10.00000000000 10.00000000000 10.00000000000 10.00000000000 10.00000000000 10.00000000000 10.00000000000 10.00000000000 10.00000000000 10.00000000000 10.00000000000 10.00000000000 10.00000000000 10.00000000000 10.00000000000 10.00000000000 10.00000000000 10.00000000000 10.00000000000 10.00000000000 10.00000000000 10.00000000000 10.00000000000 10.00000000000
 10.00000000000 10.00000000000 10.00000000000 10.00000000000 10.00000000000 10.00000000000 10.00000000000 10.00000000000 10.00000000000 10.00000000000 10.00000000000 10.00000000000 10.00000000000 10.00000000000 10.00000000000 10.00000000000 10.00000000000 10.00000000000 10.00000000000 10.00000000000 10.00000000000 10.00000000000 10.00000000000 10.00000000000 10.00000000000 10.00000000000 10.00000000000 10.00000000000 10.00000000000 10.00000000000 10.00000000000 10.00000000000
 10.00000000000 10.00000000000 10.00000000000 10.00000000000 10.00000000000 10.00000000000 10.00000000000 10.00000000000 10.00000000000 10.00000000000 10.00000000000 10.00000000000 10.00000000000 10.00000000000 10.00000000000 10.00000000000 10.00000000000 10.00000000000 10.00000000000 10.00000000000 10.00000000000 10.00000000000 10.00000000000 10.00000000000 10.00000000000 10.00000000000 10.00000000000 10.00000000000 10.00000000000 10.00000000000 10.00000000000 10.00000000000
 10.00000000000 10.00000000000 10.00000000000 10.00000000000 10.00000000000 10.00000000000 10.00000000000 10.00000000000 10.00000000000 10.00000000000 10.00000000000 10.00000000000 10.00000000000 10.00000000000 10.00000000000 10.00000000000 10.00000000000 10.00000000000 10.00000000000 10.00000000000 10.00000000000 10.00000000000 10.00000000000 10.00000000000 10.00000000000 10.00000000000 10.00000000000 10.00000000000 10.00000000000 10.00000000000 10.00000000000 10.00000000000
 10.00000000000 10.00000000000 10.00000000000 10.00000000000 10.00000000000 10.00000000000 10.00000000000 10.00000000000 10.00000000000 10.00000000000 10.00000000000 10.00000000000 10.00000000000 10.00000000000 10.00000000000 10.00000000000 10.00000000000 10.00000000000 10.00000000000 10.00000000000 10.00000000000 10.00000000000 10.00000000000 10.00000000000 10.00000000000 10.00000000000 10.00000000000 10.00000000000 10.00000000000 10.00000000000 10.00000000000 10.00000000000
 10.00000000000 10.00000000000 10.00000000000 10.00000000000 10.00000000000 10.00000000000 10.00000000000 10.00000000000 10.00000000000 10.00000000000 10.00000000000 10.00000000000 10.00000000000 10.00000000000 10.00000000000 10.00000000000 10.00000000000 10.00000000000 10.00000000000 10.00000000000 10.00000000000 10.00000000000 10.00000000000 10.00000000000 10.00000000000 10.00000000000 10.00000000000 10.00000000000 10.00000000000 10.00000000000 10.00000000000 10.00000000000
 10.00000000000 10.00000000000 10.00000000000 10.00000000000 10.00000000000 10.00000000000 10.00000000000 10.00000000000 10.00000000000 10.00000000000 10.00000000000 10.00000000000 10.00000000000 10.00000000000 10.00000000000 10.00000000000 10.00000000000 10.00000000000 10.00000000000 10.00000000000 10.00000000000 10.00000000000 10.00000000000 10.00000000000 10.00000000000 10.00000000000 10.00000000000 10.00000000000 10.00000000000 10.00000000000 10.00000000000 10.00000000000
 10.00000000000 10.00000000000 10.00000000000 10.00000000000 10.00000000000 10.00000000000 10.00000000000 10.00000000000 10.00000000000 10.00000000000 10.00000000000 10.00000000000 10.00000000000 10.00000000000 10.00000000000 10.00000000000 10.00000000000 10.00000000000 10.00000000000 10.00000000000 10.00000000000 10.00000000000 10.00000000000 10.00000000000 10.00000000000 10.00000000000 10.00000000000 10.00000000000 10.00000000000 10.00000000000 10.00000000000 10.00000000000

 10.00000000000 10.00000000000 10.00000000000 10.00000000000 10.00000000000 10.00000000000 10.00000000000 10.00000000000 10.00000000000 10.00000000000 10.00000000000 10.00000000000 10.00000000000 10.00000000000 10.00000000000 10.00000000000 10.00000000000 10.00000000000 10.00000000000 10.00000000000 10.00000000000 10.00000000000 10.00000000000 10.00000000000 10.00000000000 10.00000000000 10.00000000000 10.00000000000 10.00000000000 10.00000000000 10.00000000000 10.00000000000
 10.00000000000  9.99938850418  9.99878375904  9.99819240121  9.99762084480  9.99707518352  9.99656110739  9.99608383681  9.99564807510  9.99525797916  9.99491714654  9.99462861612  9.99439487888  9.99421789471  9.99409911157  9.99403948326  9.99403948302  9.99409911086  9.99421789356  9.99439487734  9.99462861425  9.99491714441  9.99525797687  9.99564807274  9.99608383447  9.99656110516  9.99707518151  9.99762084309  9.99819239985  9.99878375810  9.99938850370 10.00000000000
 10.00000000000  9.99878375904  9.99758094340  9.99640475175  9.99526794046  9.99418262905  9.99316013462  9.99221084076  9.99134410303  9.99056819059  9.98989026037  9.98931635828  9.98885144046  9.98849940664  9.98826313802  9.98814453260  9.98814453213  9.98826313661  9.98849940435  9.98885143739  9.98931635455  9.98989025613  9.99056818603  9.99134409832  9.99221083610  9.99316013020  9.99418262504  9.99526793704  9.99640474905  9.99758094154  9.99878375809 10.00000000000
 10.00000000000  9.99819240121  9.99640475175  9.99465666447  9.99296709564  9.99135405601  9.98983436500  9.98842345577  9.98713523483  9.98598199494  9.98497437659  9.98412136939  9.98343034331  9.98290709794  9.98255591849  9.98237962802  9.98237962731  9.98255591639  9.98290709454  9.98343033874  9.98412136385  9.98497437029  9.98598198816  9.98713522782  9.98842344884  9.98983435842  9.99135405006  9.99296709055  9.99465666046  9.99640474898  9.99819239980 10.00000000000
 10.00000000000  9.99762084480  9.99526794046  9.99296709564  9.99074325612  9.98862012501  9.98661983946  9.98476271418  9.98306705648  9.98154905144  9.98022271052  9.97909987301  9.97819024642  9.97750147076  9.97703919170  9.97680712882  9.97680712789  9.97703918893  9.97750146628  9.97819024041  9.97909986571  9.98022270223  9.98154904250  9.98306704726  9.98476270504  9.98661983080  9.98862011717  9.99074324942  9.99296709036  9.99526793682  9.99762084294 10.00000000000
 10.00000000000  9.99707518352  9.99418262905  9.99135405601  9.98862012501  9.98600997164  9.98355080943  9.98126761474  9.97918289910  9.97731656756  9.97568585487  9.97430532634  9.97318692659  9.97234005772  9.97177166837  9.97148633707  9.97148633592  9.97177166497  9.97234005220  9.97318691919  9.97430531735  9.97568584466  9.97731655655  9.97918288774  9.98126760350  9.98355079877  9.98600996199  9.98862011677  9.99135404951  9.99418262456  9.99707518123 10.00000000000
 10.00000000000  9.99656110739  9.99316013462  9.98983436500  9.98661983946  9.98355080943  9.98065927058  9.97797459241  9.97552325039  9.97332865869  9.97141109424  9.96978769659  9.96847252403  9.96747664427  9.96680823815  9.96647269667  9.96647269532  9.96680823414  9.96747663778  9.96847251531  9.96978768601  9.97141108222  9.97332864573  9.97552323702  9.97797457918  9.98065925803  9.98355079808  9.98661982976  9.98983435735  9.99316012935  9.99656110469 10.00000000000
 10.00000000000  9.99608383681  9.99221084076  9.98842345577  9.98476271418  9.98126761474  9.97797459241  9.97491709674  9.97212528642  9.96962583808  9.96744185864  9.96559288374  9.96409494018  9.96296064772  9.96219933585  9.96181715328  9.96181715173  9.96219933128  9.96296064031  9.96409493024  9.96559287167  9.96744184494  9.96962582331  9.97212527118  9.97491708165  9.97797457810  9.98126760179  9.98476270312  9.98842344706  9.99221083474  9.99608383374 10.00000000000
 10.00000000000  9.99564807510  9.99134410303  9.98713523483  9.98306705648  9.97918289910  9.97552325039  9.97212528642  9.96902253178  9.96624464619  9.96381732580  9.96176229986  9.96009739839  9.95883666368  9.95799047851  9.95756568659  9.95756568487  9.95799047343  9.95883665544  9.96009738733  9.96176228643  9.96381731056  9.96624462976  9.96902251482  9.97212526963  9.97552323447  9.97918288469  9.98306704418  9.98713522513  9.99134409634  9.99564807168 10.00000000000
 10.00000000000  9.99525797916  9.99056819059  9.98598199494  9.98154905144  9.97731656756  9.97332865869  9.96962583808  9.96624464619  9.96321741717  9.96057216988  9.95833260263  9.95651816507  9.95514417782  9.95422197065  9.95375901237  9.95375901049  9.95422196510  9.95514416883  9.95651815301  9.95833258798  9.96057215324  9.96321739923  9.96624462769  9.96962581977  9.97332864132  9.97731655184  9.98154903801  9.98598198436  9.99056818329  9.99525797543 10.00000000000
 10.00000000000  9.99491714654  9.98989026037  9.98497437659  9.98022271052  9.97568585487  9.97141109424  9.96744185864  9.96381732580  9.96057216988  9.95773644324  9.95533556909  9.95339041664  9.95191742759  9.95092876255  9.95043243896  9.95043243694  9.95092875660  9.95191741794  9.95339040369  9.95533555337  9.95773642539  9.96057215063  9.96381730594  9.96744183899  9.97141107559  9.97568583800  9.98022269611  9.98497436523  9.98989025253  9.99491714254 10.00000000000
 10.00000000000  9.99462861612  9.98931635828  9.98412136939  9.97909987301  9.97430532634  9.96978769659  9.96559288374  9.96176229986  9.95833260263  9.95533556909  9.95279808613  9.95074222825  9.94918538944  9.94814043634  9.94761585277  9.94761585064  9.94814043005  9.94918537923  9.95074221455  9.95279806950  9.95533555021  9.95833258227  9.96176227885  9.96559286295  9.96978767687  9.97430530849  9.97909985777  9.98412135738  9.98931634999  9.99462861189 10.00000000000
 10.00000000000  9.99439487888  9.98885144046  9.98343034331  9.97819024642  9.97318692659  9.96847252403  9.96409494018  9.96009739839  9.95651816507  9.95339041664  9.95074222825  9.94859665331  9.94697185955  9.94588128751  9.94533380018  9.94533379796  9.94588128094  9.94697184888  9.94859663900  9.95074221088  9.95339039692  9.95651814380  9.96009737645  9.96409491846  9.96847250343  9.97318690795  9.97819023050  9.98343033076  9.98885143180  9.99439487446 10.00000000000
 10.00000000000  9.99421789471  9.98849940664  9.98290709794  9.97750147076  9.97234005772  9.96747664427  9.96296064772  9.95883666368  9.95514417782  9.95191742759  9.94918538944  9.94697185955  9.94529559298  9.94417046602  9.94360562960  9.94360562731  9.94417045923  9.94529558197  9.94697184477  9.94918537150  9.95191740722  9.95514415586  9.95883664103  9.96296062530  9.96747662301  9.97234003847  9.97750145433  9.98290708498  9.98849939769  9.99421789015 10.00000000000
 10.00000000000  9.99409911157  9.98826313802  9.98255591849  9.97703919170  9.97177166837  9.96680823815  9.96219933585  9.95799047851  9.95422197065  9.95092876255  9.94814043634  9.94588128751  9.94417046602  9.94302214120  9.94244565767  9.94244565533  9.94302213427  9.94417045478  9.94588127243  9.94814041803  9.95092874176  9.95422194823  9.95799045538  9.96219931296  9.96680821644  9.97177164872  9.97703917491  9.98255590526  9.98826312889  9.99409910691 10.00000000000
 10.00000000000  9.99403948326  9.98814453260  9.98237962802  9.97680712882  9.97148633707  9.96647269667  9.96181715328  9.95756568659  9.95375901237  9.95043243896  9.94761585277  9.94533380018  9.94360562960  9.94244565767  9.94186332637  9.94186332400  9.94244565067  9.94360561825  9.94533378494  9.94761583427  9.95043241795  9.95375898972  9.95756566322  9.96181713015  9.96647267473  9.97148631722  9.97680711186  9.98237961466  9.98814452338  9.99403947855 10.00000000000
 10.00000000000  9.99403948302  9.98814453213  9.98237962731  9.97680712789  9.97148633592  9.96647269532  9.96181715173  9.95756568487  9.95375901049  9.95043243694  9.94761585064  9.94533379796  9.94360562731  9.94244565533  9.94186332400  9.94186332164  9.94244564833  9.94360561596  9.94533378272  9.94761583214  9.95043241594  9.95375898784  9.95756566150  9.96181712860  9.96647267338  9.97148631607  9.97680711093  9.98237961395  9.98814452290  9.99403947831 10.00000000000
 10.00000000000  9.99409911086  9.98826313661  9.98255591639  9.97703918893  9.97177166497  9.96680823414  9.96219933128  9.95799047343  9.95422196510  9.95092875660  9.94814043005  9.94588128094  9.94417045923  9.94302213427  9.94244565067  9.94244564833  9.94302212733  9.94417044799  9.94588126585  9.94814041174  9.95092873581  9.95422194268  9.95799045030  9.96219930839  9.96680821243  9.97177164532  9.97703917215  9.98255590316  9.98826312748  9.99409910620 10.00000000000
 10.00000000000  9.99421789356  9.98849940435  9.98290709454  9.97750146628  9.97234005220  9.96747663778  9.96296064031  9.95883665544  9.95514416883  9.95191741794  9.94918537923  9.94697184888  9.94529558197  9.94417045478  9.94360561825  9.94360561596  9.94417044799  9.94529557096  9.94697183411  9.94918536129  9.95191739758  9.95514414687  9.95883663279  9.96296061789  9.96747661651  9.97234003295  9.97750144984  9.98290708158  9.98849939540  9.99421788900 10.00000000000
 10.00000000000  9.99439487734  9.98885143739  9.98343033874  9.97819024041  9.97318691919  9.96847251531  9.96409493024  9.96009738733  9.95651815301  9.95339040369  9.95074221455  9.94859663900  9.94697184477  9.94588127243  9.94533378494  9.94533378272  9.94588126585  9.94697183411  9.94859662469  9.95074219718  9.95339038397  9.95651813174  9.96009736539  9.96409490852  9.96847249471  9.97318690054  9.97819022448  9.98343032619  9.98885142873  9.99439487291 10.00000000000
 10.00000000000  9.99462861425  9.98931635455  9.98412136385  9.97909986571  9.97430531735  9.96978768601  9.96559287167  9.96176228643  9.95833258798  9.95533555337  9.95279806950  9.95074221088  9.94918537150  9.94814041803  9.94761583427  9.94761583214  9.94814041174  9.94918536129  9.95074219718  9.95279805287  9.95533553448  9.95833256762  9.96176226542  9.96559285088  9.96978766628  9.97430529950  9.97909985046  9.98412135183  9.98931634626  9.99462861002 10.00000000000
 10.00000000000  9.99491714441  9.98989025613  9.98497437029  9.98022270223  9.97568584466  9.97141108222  9.96744184494  9.96381731056  9.96057215324  9.95773642539  9.95533555021  9.95339039692  9.95191740722  9.95092874176  9.95043241795  9.95043241594  9.95092873581  9.95191739758  9.95339038397  9.95533553448  9.95773640754  9.96057213400  9.96381729070  9.96744182529  9.97141106358  9.97568582779  9.98022268782  9.98497435894  9.98989024829  9.99491714041 10.00000000000
 10.00000000000  9.99525797687  9.99056818603  9.98598198816  9.98154904250  9.97731655655  9.97332864573  9.96962582331  9.96624462976  9.96321739923  9.96057215063  9.95833258227  9.95651814380  9.95514415586  9.95422194823  9.95375898972  9.95375898784  9.95422194268  9.95514414687  9.95651813174  9.95833256762  9.96057213400  9.96321738130  9.96624461125  9.96962580500  9.97332862836  9.97731654083  9.98154902907  9.98598197757  9.99056817872  9.99525797314 10.00000000000
 10.00000000000  9.99564807274  9.99134409832  9.98713522782  9.98306704726  9.97918288774  9.97552323702  9.97212527118  9.96902251482  9.96624462769  9.96381730594  9.96176227885  9.96009737645  9.95883664103  9.95799045538  9.95756566322  9.95756566150  9.95799045030  9.95883663279  9.96009736539  9.96176226542  9.96381729070  9.96624461125  9.96902249786  9.97212525439  9.97552322110  9.97918287333  9.98306703495  9.98713521812  9.99134409163  9.99564806932 10.00000000000
 10.00000000000  9.99608383447  9.99221083610  9.98842344884  9.98476270504  9.98126760350  9.97797457918  9.97491708165  9.97212526963  9.96962581977  9.96744183899  9.96559286295  9.96409491846  9.96296062530  9.96219931296  9.96181713015  9.96181712860  9.96219930839  9.96296061789  9.96409490852  9.96559285088  9.96744182529  9.96962580500  9.97212525439  9.97491706657  9.97797456487  9.98126759055  9.98476269398  9.98842344012  9.99221083008  9.99608383139 10.00000000000
 10.00000000000  9.99656110516  9.99316013020  9.98983435842  9.98661983080  9.98355079877  9.98065925803  9.97797457810  9.97552323447  9.97332864132  9.97141107559  9.96978767687  9.96847250343  9.96747662301  9.96680821644  9.96647267473  9.96647267338  9.96680821243  9.96747661651  9.96847249471  9.96978766628  9.97141106358  9.97332862836  9.97552322110  9.97797456487  9.98065924548  9.98355078742  9.98661982110  9.98983435078  9.99316012492  9.99656110247 10.00000000000
 10.00000000000  9.99707518151  9.99418262504  9.99135405006  9.98862011717  9.98600996199  9.98355079808  9.98126760179  9.97918288469  9.97731655184  9.97568583800  9.97430530849  9.97318690795  9.97234003847  9.97177164872  9.97148631722  9.97148631607  9.97177164532  9.97234003295  9.97318690054  9.97430529950  9.97568582779  9.97731654083  9.97918287333  9.98126759055  9.98355078742  9.98600995235  9.98862010893  9.99135404356  9.99418262056  9.99707517922 10.00000000000
 10.00000000000  9.99762084309  9.99526793704  9.99296709055  9.99074324942  9.98862011677  9.98661982976  9.98476270312  9.98306704418  9.98154903801  9.98022269611  9.97909985777  9.97819023050  9.97750145433  9.97703917491  9.97680711186  9.97680711093  9.97703917215  9.97750144984  9.97819022448  9.97909985046  9.98022268782  9.98154902907  9.98306703495  9.98476269398  9.98661982110  9.98862010893  9.99074324272  9.99296708528  9.99526793340  9.99762084123 10.00000000000
 10.00000000000  9.99819239985  9.99640474905  9.99465666046  9.99296709036  9.99135404951  9.98983435735  9.98842344706  9.98713522513  9.98598198436  9.98497436523  9.98412135738  9.98343033076  9.98290708498  9.98255590526  9.98237961466  9.98237961395  9.98255590316  9.98290708158  9.98343032619  9.98412135183  9.98497435894  9.98598197757  9.98713521812  9.98842344012  9.98983435078  9.99135404356  9.99296708528  9.99465665646  9.99640474629  9.99819239844 10.00000000000
 10.00000000000  9.99878375810  9.99758094154  9.99640474898  9.99526793682  9.99418262456  9.99316012935  9.99221083474  9.99134409634  9.99056818329  9.98989025253  9.98931634999  9.98885143180  9.98849939769  9.98826312889  9.98814452338  9.98814452290  9.98826312748  9.98849939540  9.98885142873  9.98931634626  9.98989024829  9.99056817872  9.99134409163  9.99221083008  9.99316012492  9.99418262056  9.99526793340  9.99640474629  9.99758093968  9.99878375715 10.00000000000
 10.00000000000  9.99938850370  9.99878375809  9.99819239980  9.99762084294  9.99707518123  9.99656110469  9.99608383374  9.99564807168  9.99525797543  9.99491714254  9.99462861189  9.99439487446  9.99421789015  9.99409910691  9.99403947855  9.99403947831  9.99409910620  9.99421788900  9.99439487291  9.99462861002  9.99491714041  9.99525797314  9.99564806932  9.99608383139  9.99656110247  9.99707517922  9.99762084123  9.99819239844  9.99878375715  9.99938850322 10.00000000000
 10.00000000000 10.00000000000 10.00000000000 10.00000000000 10.00000000000 10.00000000000 10.00000000000 10.00000000000 10.00000000000 10.00000000000 10.00000000000 10.00000000000 10.00000000000 10.00000000000 10.00000000000 10.00000000000 10.00000000000 10.00000000000 10.00000000000 10.00000000000 10.00000000000 10.00000000000 10.00000000000 10.00000000000 10.00000000000 10.00000000000 10.00000000000 10.00000000000 10.00000000000 10.00000000000 10.00000000000 10.00000000000

 10.00000000000 10.00000000000 10.00000000000 10.00000000000 10.00000000000 10.00000000000 10.00000000000 10.00000000000 10.00000000000 10.00000000000 10.00000000000 10.00000000000 10.00000000000 10.00000000000 10.00000000000 10.00000000000 10.00000000000 10.00000000000 10.00000000000 10.00000000000 10.00000000000 10.00000000000 10.00000000000 10.00000000000 10.00000000000 10.00000000000 10.00000000000 10.00000000000 10.00000000000 10.00000000000 10.00000000000 10.00000000000
 10.00000000000  9.99876465579  9.99754299123  9.99634845101  9.99519402165  9.99409203063  9.99305397629  9.99209039413  9.99121076186  9.99042344226  9.98973566022  9.98915350792  9.98868197049  9.98832496406  9.98808537788  9.98796511320  9.98796511272  9.98808537647  9.98832496177  9.98868196742  9.98915350419  9.98973565599  9.99042343769  9.99121075715  9.99209038947  9.99305397187  9.99409202663  9.99519401824  9.99634844832  9.99754298937  9.99876465484 10.00000000000
 10.00000000000  9.99754299123  9.99511318697  9.99273732477  9.99044123162  9.98824942460  9.98618477282  9.98426823149  9.98251865295  9.98095267293  9.97958466459  9.97842674849  9.97748884342  9.97677874164  9.97630219252  9.97606297947  9.97606297852  9.97630218971  9.97677873709  9.97748883730  9.97842674107  9.97958465616  9.98095266384  9.98251864358  9.98426822222  9.98618476402  9.98824941664  9.99044122482  9.99273731941  9.99511318327  9.99754298934 10.00000000000
 10.00000000000  9.99634845101  9.99273732477  9.98920635094  9.98579390750  9.98253642798  9.97946789931  9.97661946667  9.97401915253  9.97169168715  9.96965843973  9.96793743244  9.96654341525  9.96548797702  9.96477966908  9.96442411910  9.96442411769  9.96477966491  9.96548797025  9.96654340616  9.96793742141  9.96965842720  9.97169167364  9.97401913859  9.97661945288  9.97946788622  9.98253641614  9.98579389738  9.98920634297  9.99273731927  9.99634844820 10.00000000000
 10.00000000000  9.99519402165  9.99044123162  9.98579390750  9.98130255082  9.97701510784  9.97297630927  9.96922715043  9.96580452103  9.96274098145  9.96006467102  9.95779932527  9.95596437299  9.95457508127  9.95364271682  9.95317469503  9.95317469317  9.95364271132  9.95457507234  9.95596436101  9.95779931073  9.96006465452  9.96274096366  9.96580450268  9.96922713226  9.97297629203  9.97701509224  9.98130253749  9.98579389700  9.99044122437  9.99519401795 10.00000000000
 10.00000000000  9.99409203063  9.98824942460  9.98253642798  9.97701510784  9.97174439590  9.96677927781  9.96217015433  9.95796238576  9.95419601581  9.95090565734  9.94812051163  9.94586448577  9.94415636894  9.94301002903  9.94243459440  9.94243459211  9.94301002226  9.94415635796  9.94586447103  9.94812049374  9.95090563703  9.95419599392  9.95796236317  9.96217013197  9.96677925660  9.97174437670  9.97701509144  9.98253641506  9.98824941568  9.99409202608 10.00000000000
 10.00000000000  9.99305397629  9.98618477282  9.97946789931  9.97297630927  9.96677927781  9.96094144961  9.95552208817  9.95057453965  9.94614590669  9.94227691206  9.93900191885  9.93634906574  9.93434047175  9.93299246504  9.93231579471  9.93231579201  9.93299245706  9.93434045883  9.93634904839  9.93900189779  9.94227688815  9.94614588091  9.95057451305  9.95552206185  9.96094142464  9.96677925522  9.97297628997  9.97946788410  9.98618476232  9.99305397093 10.00000000000
 10.00000000000  9.99209039413  9.98426823149  9.97661946667  9.96922715043  9.96217015433  9.95552208817  9.94935044547  9.94371599213  9.93867239334  9.93426605568  9.93053614712  9.92751474785  9.92522708017  9.92369176624  9.92292106696  9.92292106389  9.92369175715  9.92522706544  9.92751472807  9.93053612311  9.93426602842  9.93867236395  9.94371596181  9.94935041546  9.95552205970  9.96217012857  9.96922712842  9.97661944933  9.98426821952  9.99209038802 10.00000000000
 10.00000000000  9.99121076186  9.98251865295  9.97401915253  9.96580452103  9.95796238576  9.95057453965  9.94371599213  9.93745428902  9.93184909583  9.92695201955  9.92280662728  9.91944861021  9.91690603541  9.91519962903  9.91434303905  9.91434303564  9.91519961891  9.91690601902  9.91944858820  9.92280660057  9.92695198921  9.93184906313  9.93745425527  9.94371595874  9.95057450796  9.95796235709  9.96580449655  9.97401913323  9.98251863963  9.99121075506 10.00000000000
 10.00000000000  9.99042344226  9.98095267293  9.97169168715  9.96274098145  9.95419601581  9.94614590669  9.93867239334  9.93184909583  9.92574105898  9.92040455494  9.91588709992  9.91222762875  9.90945676544  9.90759712816  9.90666361278  9.90666360905  9.90759711713  9.90945674755  9.91222760474  9.91588707077  9.92040452184  9.92574102330  9.93184905902  9.93867235690  9.94614587212  9.95419598453  9.96274095474  9.97169166609  9.98095265839  9.99042343484 10.00000000000
 10.00000000000  9.98973566022  9.97958466459  9.96965843973  9.96006467102  9.95090565734  9.94227691206  9.93426605568  9.92695201955  9.92040455494  9.91468401832  9.90984138551  9.90591843473  9.90294803267  9.90095445782  9.89995370147  9.89995369747  9.90095444597  9.90294801347  9.90591840896  9.90984135423  9.91468398280  9.92040451664  9.92695198004  9.93426601657  9.94227687496  9.95090562377  9.96006464235  9.96965841713  9.97958464899  9.98973565226 10.00000000000
 10.00000000000  9.98915350792  9.97842674849  9.96793743244  9.95779932527  9.94812051163  9.93900191885  9.93053614712  9.92280662728  9.91588709992  9.90984138551  9.90472339580  9.90057732342  9.89743794034  9.89533093624  9.89427323382  9.89427322958  9.89533092371  9.89743792003  9.90057729616  9.90472336271  9.90984134793  9.91588705940  9.92280658549  9.93053610576  9.93900187960  9.94812047611  9.95779929493  9.96793740854  9.97842673199  9.98915349950 10.00000000000
 10.00000000000  9.98868197049  9.97748884342  9.96654341525  9.95596437299  9.94586448577  9.93634906574  9.92751474785  9.91944861021  9.91222762875  9.90591843473  9.90057732342  9.89625044852  9.89297413031  9.89077520570  9.88967135477  9.88967135034  9.89077519262  9.89297410910  9.89625042004  9.90057728885  9.90591839548  9.91222758643  9.91944856655  9.92751470464  9.93634902475  9.94586444867  9.95596434130  9.96654339028  9.97748882618  9.98868196169 10.00000000000
 10.00000000000  9.98832496406  9.97677874164  9.96548797702  9.95457508127  9.94415636894  9.93434047175  9.92522708017  9.91690603541  9.90945676544  9.90294803267  9.89743794034  9.89297413031  9.88959409825  9.88732555220  9.88618674753  9.88618674296  9.88732553869  9.88959407635  9.89297410092  9.89743790465  9.90294799215  9.90945672176  9.91690599035  9.92522703557  9.93434042944  9.94415633064  9.95457504856  9.96548795125  9.97677872385  9.98832495497 10.00000000000
 10.00000000000  9.98808537788  9.97630219252  9.96477966908  9.95364271682  9.94301002903  9.93299246504  9.92369176624  9.91519962903  9.90759712816  9.90095445782  9.89533093624  9.89077520570  9.88732555220  9.88501026970  9.88384800060  9.88384799594  9.88501025591  9.88732552983  9.89077517569  9.89533089980  9.90095441645  9.90759708356  9.91519958301  9.92369172070  9.93299242183  9.94300998993  9.95364268343  9.96477964276  9.97630217435  9.98808536860 10.00000000000
 10.00000000000  9.98796511320  9.97606297947  9.96442411910  9.95317469503  9.94243459440  9.93231579471  9.92292106696  9.91434303905  9.90666361278  9.89995370147  9.89427323382  9.88967135477  9.88618674753  9.88384800060  9.88267395090  9.88267394619  9.88384798666  9.88618672493  9.88967132444  9.89427319700  9.89995365968  9.90666356771  9.91434299256  9.92292102095  9.93231575105  9.94243455490  9.95317466129  9.96442409251  9.97606296112  9.98796510383 10.00000000000
 10.00000000000  9.98796511272  9.97606297852  9.96442411769  9.95317469317  9.94243459211  9.93231579201  9.92292106389  9.91434303564  9.90666360905  9.89995369747  9.89427322958  9.88967135034  9.88618674296  9.88384799594  9.88267394619  9.88267394148  9.88384798200  9.88618672037  9.88967132002  9.89427319277  9.89995365567  9.90666356398  9.91434298914  9.92292101787  9.93231574836  9.94243455261  9.95317465943  9.96442409110  9.97606296017  9.98796510335 10.00000000000
 10.00000000000  9.98808537647  9.97630218971  9.96477966491  9.95364271132  9.94301002226  9.93299245706  9.92369175715  9.91519961891  9.90759711713  9.90095444597  9.89533092371  9.89077519262  9.88732553869  9.88501025591  9.88384798666  9.88384798200  9.88501024212  9.88732551633  9.89077516260  9.89533088728  9.90095440461  9.90759707252  9.91519957290  9.92369171161  9.93299241386  9.94300998316  9.95364267792  9.96477963858  9.97630217154  9.98808536719 10.00000000000
 10.00000000000  9.98832496177  9.97677873709  9.96548797025  9.95457507234  9.94415635796  9.93434045883  9.92522706544  9.91690601902  9.90945674755  9.90294801347  9.89743792003  9.89297410910  9.88959407635  9.88732552983  9.88618672493  9.88618672037  9.88732551633  9.88959405445  9.89297407971  9.89743788434  9.90294797296  9.90945670387  9.91690597395  9.92522702083  9.93434041651  9.94415631967  9.95457503964  9.96548794447  9.97677871930  9.98832495268 10.00000000000
